Start Time:  11/9/2018 7:18:34 PM         Time Completed:  11/9/2018 8:30:48 PM     Elapsed Time:  01:12:14
Sample ID:     BFO630_AfterEstaSi_Recal600C_300K_91118_SETd15 

Experiment:    C:\IDEASVSM\Default UserID\Experiments\HysCoFe2O4_Completa\HysCoFe2O4_Completa.exp
Data File:     C:\IDEASVSM\Default UserID\BFO630_AfterEstaSi_Recal600C_300K_91118_SETd15  (ProfileData)\BFO630_AfterEstaSi_Recal600C_300K_91118_SETd15 #4.txt
Plot File:     C:\IDEASVSM\Default UserID\BFO630_AfterEstaSi_Recal600C_300K_91118_SETd15  (ProfileData)\BFO630_AfterEstaSi_Recal600C_300K_91118_SETd15 #4.oc2
VSM Exp File:  C:\IDEASVSM\Default UserID\Experiments\HysCoFe2O4_Completa\HysCoFe2O4_Completa.stp
VSM Data File: C:\IDEASVSM\Default UserID\BFO630_AfterEstaSi_Recal600C_300K_91118_SETd15  (ProfileData)\BFO630_AfterEstaSi_Recal600C_300K_91118_SETd15 #4.dat

***DATA***

Field(Oe)	 Moment(emu)	
-4.6334741 	 0.00012718148 	
-3.7248752 	 0.00012978852 	
-2.8180241 	 0.00011809679 	
-1.9025365 	 0.00011953526 	
-0.99661078 	 0.00012239283 	
-0.083195837 	 0.00012279424 	
 0.821611 	 0.00011759263 	
 1.7289804 	 0.00012156481 	
 2.6430497 	 0.0001186018 	
 3.5467084 	 0.00011898276 	
 4.4582008 	 0.00011967154 	
 7.0441469 	 0.00011940776 	
 11.78261 	 0.00012681228 	
 16.537463 	 0.0001249427 	
 21.303806 	 0.00012661721 	
 26.040418 	 0.00012875721 	
 30.789845 	 0.00013549648 	
 35.540404 	 0.00012892514 	
 40.301055 	 0.00013563427 	
 45.083277 	 0.00013452883 	
 49.833991 	 0.00013632696 	
 54.589039 	 0.00014175879 	
 59.296561 	 0.00014109446 	
 64.083005 	 0.00013987917 	
 68.823164 	 0.00014254021 	
 73.580211 	 0.00014188611 	
 78.332983 	 0.00014744232 	
 83.075994 	 0.00015075546 	
 87.830914 	 0.00015553681 	
 92.573941 	 0.00015412526 	
 97.298436 	 0.00015555954 	
 109.00088 	 0.00015891518 	
 128.97527 	 0.00016721969 	
 148.99058 	 0.00017486459 	
 168.9788 	 0.0001842043 	
 188.98694 	 0.00019139101 	
 208.98305 	 0.00019599076 	
 228.98159 	 0.00020662684 	
 248.99134 	 0.00021232229 	
 269.01493 	 0.00022045922 	
 289.17042 	 0.00022847492 	
 309.1695 	 0.00023750624 	
 329.17813 	 0.00024330993 	
 349.16887 	 0.0002480103 	
 369.16836 	 0.00025461198 	
 389.1525 	 0.00026212555 	
 409.1442 	 0.0002686266 	
 429.15201 	 0.00027967588 	
 449.14359 	 0.00027875842 	
 469.13658 	 0.00029390443 	
 489.1356 	 0.0003007938 	
 511.0329 	 0.00030285943 	
 536.00739 	 0.0003147815 	
 561.00745 	 0.00032561698 	
 586.01122 	 0.0003361408 	
 611.01911 	 0.00034130351 	
 636.00709 	 0.00034961532 	
 661.01518 	 0.00035234558 	
 686.01068 	 0.00036413273 	
 711.01573 	 0.00036825129 	
 736.01734 	 0.000378536 	
 761.01123 	 0.00038823291 	
 786.01092 	 0.00039222482 	
 811.02238 	 0.00040135306 	
 836.03825 	 0.00041078619 	
 861.26394 	 0.00041987047 	
 886.27022 	 0.00042609023 	
 911.25882 	 0.00043514385 	
 936.27866 	 0.00044446987 	
 961.26841 	 0.00045183022 	
 986.25967 	 0.00046087645 	
 1129.9112 	 0.00050825291 	
 1404.9196 	 0.00058011936 	
 1679.9166 	 0.00067252248 	
 1954.9406 	 0.00074195238 	
 2229.9399 	 0.00080923478 	
 2504.9382 	 0.00089421859 	
 2779.9228 	 0.00098603132 	
 3054.8997 	 0.0010549562 	
 3329.8646 	 0.0011357116 	
 3604.8624 	 0.001206355 	
 3879.8482 	 0.0012841445 	
 4154.7989 	 0.001361257 	
 4429.7745 	 0.0014335425 	
 4704.7518 	 0.0015126442 	
 4979.7083 	 0.0015816675 	
 5254.7019 	 0.0016632809 	
 5529.6741 	 0.0017467506 	
 5806.2188 	 0.0018354376 	
 6082.3749 	 0.0018887938 	
 6357.3281 	 0.0019816869 	
 6632.3095 	 0.0020486121 	
 6907.2959 	 0.0021121545 	
 7182.2642 	 0.0021820533 	
 7457.2294 	 0.0022616169 	
 7732.1888 	 0.0023339164 	
 8007.1378 	 0.0024097811 	
 8282.0767 	 0.0024794628 	
 8557.0214 	 0.0025577614 	
 8831.9473 	 0.0026142385 	
 9106.8578 	 0.002701276 	
 9381.7391 	 0.002784426 	
 9656.6292 	 0.0028410681 	
 9931.8521 	 0.0029243253 	
 10211.827 	 0.0030081548 	
 10486.674 	 0.0030790796 	
 10761.523 	 0.0031291656 	
 11036.32 	 0.0032096927 	
 11311.125 	 0.0032821017 	
 11585.892 	 0.003374606 	
 11860.476 	 0.003436651 	
 11862.526 	 0.0034409889 	
 11587.139 	 0.0033711066 	
 11311.615 	 0.0032943384 	
 11036.224 	 0.0032170395 	
 10760.904 	 0.0031518788 	
 10485.617 	 0.0030846282 	
 10210.354 	 0.0029963229 	
 9935.1282 	 0.0029244893 	
 9659.9325 	 0.0028553432 	
 9384.7943 	 0.0027761398 	
 9109.6728 	 0.0027195924 	
 8834.5765 	 0.0026432626 	
 8559.4844 	 0.0025678676 	
 8284.4439 	 0.0025148093 	
 8009.3909 	 0.0024264015 	
 7734.3504 	 0.0023562715 	
 7459.3157 	 0.0022845823 	
 7184.28 	 0.0021991955 	
 6909.2483 	 0.0021395906 	
 6634.2141 	 0.0020552107 	
 6359.1861 	 0.0019714186 	
 6084.1649 	 0.0019225896 	
 5809.1426 	 0.0018292842 	
 5534.1124 	 0.0017443 	
 5259.0739 	 0.0016779064 	
 4984.072 	 0.0015949805 	
 4709.0431 	 0.0015238886 	
 4434.0111 	 0.0014424805 	
 4158.9925 	 0.0013704857 	
 3883.9744 	 0.001288476 	
 3608.9564 	 0.0012096881 	
 3333.9273 	 0.0011480976 	
 3058.9044 	 0.0010690104 	
 2783.8916 	 0.00098312809 	
 2508.8597 	 0.00088385511 	
 2233.8531 	 0.00082852534 	
 1958.8496 	 0.00076908482 	
 1683.8278 	 0.00067197804 	
 1408.8177 	 0.00059441874 	
 1133.8746 	 0.0004992429 	
 976.05831 	 0.00045353386 	
 926.08449 	 0.00044391291 	
 876.0826 	 0.00042517416 	
 826.08949 	 0.00041493296 	
 776.08454 	 0.00039062499 	
 726.08095 	 0.00037317704 	
 675.71607 	 0.00036281261 	
 625.58243 	 0.00034765874 	
 575.36342 	 0.00033351236 	
 524.90254 	 0.00032091183 	
 490.8188 	 0.00029245158 	
 470.85372 	 0.00028607619 	
 450.85672 	 0.00029029514 	
 430.85454 	 0.00027738458 	
 410.87035 	 0.00026702832 	
 390.86413 	 0.00026218041 	
 370.87312 	 0.00024750317 	
 350.87689 	 0.00025026474 	
 330.88599 	 0.00023336533 	
 310.88797 	 0.00023331139 	
 290.89265 	 0.00021943972 	
 270.88973 	 0.00020855713 	
 250.90162 	 0.000199788 	
 230.90629 	 0.00019402514 	
 210.9077 	 0.00018030019 	
 190.9187 	 0.00017511129 	
 170.92943 	 0.00017691161 	
 150.92089 	 0.00016963349 	
 130.94149 	 0.0001562482 	
 110.93551 	 0.00013710665 	
 95.53071 	 0.00014435313 	
 85.459064 	 0.00013382979 	
 75.429941 	 0.0001345404 	
 65.422192 	 0.00013041843 	
 55.488059 	 0.00011657471 	
 45.431085 	 0.00011694142 	
 35.445936 	 0.0001155573 	
 25.442708 	 0.00011218492 	
 15.439198 	 0.00010761927 	
 5.444938 	 0.00009696735 	
-4.5594166 	 0.000099399368 	
-14.565757 	 0.00008654888 	
-24.556676 	 0.000083128293 	
-34.561822 	 0.000089099862 	
-44.564964 	 0.000077182994 	
-54.563171 	 0.000074255399 	
-64.556429 	 0.000065153361 	
-74.560399 	 0.000059844984 	
-84.555597 	 0.000054504519 	
-94.555818 	 0.000047361333 	
-108.79062 	 0.000043233259 	
-128.75724 	 0.000041985898 	
-148.91334 	 0.000034489113 	
-168.95815 	 0.000012667782 	
-189.05991 	 0.000017111465 	
-209.15115 	 0.000011950763 	
-229.15383 	-0.0000068845701 	
-249.15493 	 0.000002283085 	
-269.14604 	-0.000018614073 	
-289.13727 	-0.000013033377 	
-309.12363 	-0.000026835954 	
-329.13112 	-0.000044069222 	
-349.13819 	-0.000052421382 	
-369.11608 	-0.00006226697 	
-389.10815 	-0.00006259112 	
-409.11483 	-0.000061487376 	
-429.10113 	-0.000085443724 	
-449.09682 	-0.00008342926 	
-469.10102 	-0.000089103041 	
-489.08865 	-0.00009733951 	
-523.02731 	-0.00010085034 	
-573.01365 	-0.00012660541 	
-623.01507 	-0.00014398366 	
-673.00957 	-0.00016443987 	
-723.00746 	-0.00018454845 	
-772.99742 	-0.0001972684 	
-823.01092 	-0.00021744186 	
-873.00641 	-0.0002237149 	
-923.00377 	-0.00025570601 	
-973.00027 	-0.00026797023 	
-1121.7439 	-0.00030902895 	
-1396.3468 	-0.00039510207 	
-1671.3369 	-0.00050919269 	
-1946.3111 	-0.00057279575 	
-2221.277 	-0.00067234979 	
-2496.2974 	-0.00073401464 	
-2771.2735 	-0.00082630751 	
-3046.2604 	-0.00089022317 	
-3321.2527 	-0.00097542498 	
-3596.2249 	-0.0010343088 	
-3871.2189 	-0.0011266659 	
-4146.2039 	-0.001206587 	
-4421.1648 	-0.0012676218 	
-4696.1591 	-0.0013467279 	
-4971.1289 	-0.0014363732 	
-5246.1238 	-0.0015252927 	
-5521.0815 	-0.0015911872 	
-5796.0728 	-0.0016791034 	
-6071.0326 	-0.0017142296 	
-6348.2883 	-0.0018203281 	
-6625.0323 	-0.0018927854 	
-6901.4669 	-0.0019683453 	
-7177.6872 	-0.0020322772 	
-7454.1462 	-0.0021058581 	
-7729.12 	-0.0021942951 	
-8004.0697 	-0.0022945924 	
-8279.0123 	-0.0023592754 	
-8553.9678 	-0.0024298696 	
-8828.8857 	-0.0025080468 	
-9103.7993 	-0.0025760779 	
-9378.6989 	-0.0026532993 	
-9653.5977 	-0.0027221408 	
-9928.4653 	-0.0027938481 	
-10203.288 	-0.002889425 	
-10478.122 	-0.0029603979 	
-10752.959 	-0.0030366629 	
-11027.758 	-0.0031104747 	
-11305.026 	-0.0031814981 	
-11580.042 	-0.0032554187 	
-11854.782 	-0.003334779 	
-11869.913 	-0.0033286593 	
-11594.516 	-0.0032639882 	
-11318.983 	-0.0031922108 	
-11043.601 	-0.0031139859 	
-10768.277 	-0.0030543297 	
-10492.973 	-0.0029707043 	
-10217.718 	-0.0028935237 	
-9942.5079 	-0.0028249401 	
-9667.3143 	-0.0027785754 	
-9392.1732 	-0.0026781332 	
-9115.0902 	-0.002614521 	
-8839.196 	-0.0025449718 	
-8564.1238 	-0.002479735 	
-8289.0581 	-0.0024075712 	
-8013.9939 	-0.0023347639 	
-7738.9759 	-0.0022616482 	
-7463.9135 	-0.0021865555 	
-7188.8908 	-0.0021034986 	
-6912.7668 	-0.0020430003 	
-6636.0933 	-0.00195638 	
-6361.0634 	-0.0018745329 	
-6086.0467 	-0.0018211992 	
-5811.0239 	-0.0017444423 	
-5535.9925 	-0.0016661907 	
-5260.957 	-0.0015872458 	
-4984.6809 	-0.0014980496 	
-4708.1787 	-0.001427271 	
-4433.1443 	-0.0013469292 	
-4158.1168 	-0.0012923416 	
-3883.0898 	-0.0012011325 	
-3608.0861 	-0.0011306637 	
-3330.8839 	-0.0010424205 	
-3055.2833 	-0.00097674129 	
-2780.2521 	-0.00091556317 	
-2505.2353 	-0.00082859142 	
-2230.2201 	-0.000760455 	
-1955.2311 	-0.00066146166 	
-1680.2139 	-0.00058504705 	
-1405.21 	-0.00049724843 	
-1130.3172 	-0.00043758081 	
-975.8881 	-0.00037640782 	
-925.91407 	-0.00036753028 	
-875.91702 	-0.0003395733 	
-825.91514 	-0.00032758411 	
-775.90113 	-0.00030960733 	
-725.91193 	-0.00030105314 	
-675.91466 	-0.00026148935 	
-625.87935 	-0.00025371446 	
-575.41365 	-0.00024060462 	
-525.36818 	-0.00021670542 	
-490.55878 	-0.00020621993 	
-470.56713 	-0.00019625656 	
-450.57405 	-0.00019043707 	
-430.57671 	-0.00019488334 	
-410.58424 	-0.00018586361 	
-390.59238 	-0.00018078974 	
-370.59506 	-0.00017861253 	
-350.58929 	-0.00015799819 	
-330.59418 	-0.00015917233 	
-310.60285 	-0.00014498262 	
-290.60918 	-0.0001388182 	
-270.60728 	-0.00013235496 	
-250.62532 	-0.00012463902 	
-230.61887 	-0.00012566355 	
-210.63245 	-0.00010617037 	
-190.63853 	-0.000092273377 	
-170.64363 	-0.000099098659 	
-150.64898 	-0.000099203417 	
-130.62316 	-0.000073960353 	
-110.45382 	-0.000065809228 	
-95.562019 	-0.000065460173 	
-85.575184 	-0.000070415989 	
-75.58211 	-0.00005785702 	
-65.585545 	-0.000049614186 	
-55.591773 	-0.000049893116 	
-45.583371 	-0.000045481993 	
-35.59691 	-0.000045966452 	
-25.586775 	-0.000033473863 	
-15.586736 	-0.000035821902 	
-5.5846395 	-0.000033235988 	
 4.4122752 	-0.00003129742 	
 14.413601 	-0.000018182131 	
 24.410308 	-0.000013132225 	
 34.410694 	-0.000014570237 	
 44.411133 	-0.0000065141644 	
 54.439637 	-0.0000022143424 	
 64.525332 	 0.00000080481091 	
 74.515682 	 0.0000043855239 	
 84.500245 	 0.000014048619 	
 94.534824 	 0.0000062236729 	
 118.25259 	 0.000027014029 	
 158.22491 	 0.000037893769 	
 198.22282 	 0.000055817984 	
 238.22287 	 0.000076878213 	
 278.21094 	 0.000086034713 	
 318.21701 	 0.00010389378 	
 358.21536 	 0.0001126756 	
 398.21346 	 0.00015444092 	
 438.20296 	 0.00015233879 	
 478.19919 	 0.00016262919 	
 521.57527 	 0.00016844186 	
 571.50186 	 0.00019610162 	
 621.49363 	 0.0002115333 	
 671.49476 	 0.00023232125 	
 721.50663 	 0.00023582398 	
 771.49412 	 0.00026237852 	
 821.49905 	 0.00028173298 	
 871.49534 	 0.00028721533 	
 921.49802 	 0.0003143002 	
 971.49417 	 0.00032084715 	
 1119.2534 	 0.00037090367 	
 1393.7531 	 0.00046458451 	
 1670.1623 	 0.00053721369 	
 1946.4673 	 0.00060615802 	
 2221.4374 	 0.00068463457 	
 2496.44 	 0.00076953315 	
 2771.4177 	 0.00083989647 	
 3046.3934 	 0.00093599605 	
 3321.3827 	 0.0010159128 	
 3596.3623 	 0.0010940761 	
 3871.3606 	 0.001178763 	
 4146.3274 	 0.0012457524 	
 4421.3238 	 0.0013126605 	
 4696.3034 	 0.0013667723 	
 4971.296 	 0.0014818044 	
 5246.2497 	 0.0015559254 	
 5521.2337 	 0.0016300843 	
 5796.2017 	 0.0017085647 	
 6071.1893 	 0.0017946246 	
 6346.1752 	 0.0018554779 	
 6621.1348 	 0.0019331728 	
 6896.1077 	 0.002045069 	
 7171.0846 	 0.0020750413 	
 7446.0437 	 0.0021536322 	
 7721.0026 	 0.0022322999 	
 7995.9635 	 0.0023134864 	
 8272.2572 	 0.0023931386 	
 8548.606 	 0.0024665539 	
 8823.5449 	 0.0025514727 	
 9098.4363 	 0.0026129294 	
 9373.3489 	 0.0027070372 	
 9648.234 	 0.0027582279 	
 9923.1061 	 0.0028477336 	
 10199.899 	 0.0029226832 	
 10475.519 	 0.0029936458 	
 10750.334 	 0.0030484271 	
 11025.133 	 0.0031261971 	
 11299.917 	 0.0032024934 	
 11574.664 	 0.0032786227 	
 11849.405 	 0.0033626044 	

	
	
