Version 1.25
******************************************** Units *******************************************
System CGS
TemperatureUnit C
MomentUnit emu
AppliedFieldUnit Oe
 
******************************************** Setup ********************************************
 
Experiment CustomField
Minor False
Acquisition Continuous
EditedPoint No
MaxField 12000
FieldIncrement 114.285714285714
Points 421
MinField 0
RampRate 11.4285714285714
AverageTime 10
TimeInterval 0
TimeConstant 0.1
TimeConstantIndex 0
Sensitivity -0.0064
SensitivityIndex 5
SensitivityY -0.004
SensitivityIndexY 5
SaturationField 8000
ExperimentTime 4210
Use735Domains False
AutoRangeEnabled False
NumberOfVertices 20
VertexPts
0
10
30
50
70
110
150
160
180
200
220
230
270
310
320
340
360
370
380
420
VertexField
-5
5
100
500
1000
12000
1000
500
100
-100
-500
-1000
-12000
-1000
-500
-100
100
500
1000
12000
StartAngle 0
EndAngle 0
AngleIncrement 0
StartTemp 0
FinishTemp 0
TempIncrement 0
TempPoints 0
LengthofSetPointsArray 421
SetPointArray
-5
-4
-3
-2
-1
0
1
2
3
4
5
9.75
14.5
19.25
24
28.75
33.5
38.25
43
47.75
52.5
57.25
62
66.75
71.5
76.25
81
85.75
90.5
95.25
100
120
140
160
180
200
220
240
260
280
300
320
340
360
380
400
420
440
460
480
500
525
550
575
600
625
650
675
700
725
750
775
800
825
850
875
900
925
950
975
1000
1275
1550
1825
2100
2375
2650
2925
3200
3475
3750
4025
4300
4575
4850
5125
5400
5675
5950
6225
6500
6775
7050
7325
7600
7875
8150
8425
8700
8975
9250
9525
9800
10075
10350
10625
10900
11175
11450
11725
12000
11725
11450
11175
10900
10625
10350
10075
9800
9525
9250
8975
8700
8425
8150
7875
7600
7325
7050
6775
6500
6225
5950
5675
5400
5125
4850
4575
4300
4025
3750
3475
3200
2925
2650
2375
2100
1825
1550
1275
1000
950
900
850
800
750
700
650
600
550
500
480
460
440
420
400
380
360
340
320
300
280
260
240
220
200
180
160
140
120
100
90
80
70
60
50
40
30
20
10
0
-10
-20
-30
-40
-50
-60
-70
-80
-90
-100
-120
-140
-160
-180
-200
-220
-240
-260
-280
-300
-320
-340
-360
-380
-400
-420
-440
-460
-480
-500
-550
-600
-650
-700
-750
-800
-850
-900
-950
-1000
-1275
-1550
-1825
-2100
-2375
-2650
-2925
-3200
-3475
-3750
-4025
-4300
-4575
-4850
-5125
-5400
-5675
-5950
-6225
-6500
-6775
-7050
-7325
-7600
-7875
-8150
-8425
-8700
-8975
-9250
-9525
-9800
-10075
-10350
-10625
-10900
-11175
-11450
-11725
-12000
-11725
-11450
-11175
-10900
-10625
-10350
-10075
-9800
-9525
-9250
-8975
-8700
-8425
-8150
-7875
-7600
-7325
-7050
-6775
-6500
-6225
-5950
-5675
-5400
-5125
-4850
-4575
-4300
-4025
-3750
-3475
-3200
-2925
-2650
-2375
-2100
-1825
-1550
-1275
-1000
-950
-900
-850
-800
-750
-700
-650
-600
-550
-500
-480
-460
-440
-420
-400
-380
-360
-340
-320
-300
-280
-260
-240
-220
-200
-180
-160
-140
-120
-100
-90
-80
-70
-60
-50
-40
-30
-20
-10
0
10
20
30
40
50
60
70
80
90
100
140
180
220
260
300
340
380
420
460
500
550
600
650
700
750
800
850
900
950
1000
1275
1550
1825
2100
2375
2650
2925
3200
3475
3750
4025
4300
4575
4850
5125
5400
5675
5950
6225
6500
6775
7050
7325
7600
7875
8150
8425
8700
8975
9250
9525
9800
10075
10350
10625
10900
11175
11450
11725
12000
FieldDomainFile C:\IDEASVSM\Default UserID\Experiments\HysCoFe2O4_Completa\fdomain.ini
TempDomainFile C:\IDEASVSM\Default UserID\Experiments\HysCoFe2O4_Completa\tdomain.ini
NumSelectedResults 0
ResultsSelected 
UserName1 
UserValue1 
UserName2 
UserValue2 
LinearBackgroundCorrection Off
MaxLinearFieldCorrection 
MinLinearFieldCorrection 
AutoLinearCorrection Off
FitOneRegion Off
BackgroundMode Off
BackgroundFilename 
AutoCenter Off
OffsetCorrection 
SmoothDeriv Off
DerivOrder 0
DerivPoints 0
MinExFieldOne 
MaxExFieldOne 
MinExFieldTwo 
MaxExFieldTwo 
MinPinFieldOne 
MaxPinFieldOne 
MinPinFieldTwo 
MaxPinFieldTwo 
HCenterStart 
Mass 
Volume 
Density 
MolarWeight 
NumberOfMoles 
Demagnetization 
SampleArea 
Thickness 
MomentScaling 0
XAxis 0
YAxis 0
SimpleSpinValve False
HsatMax 0
HsatMin 0
FieldAutoRange False
 
*************************************************** Experiment Data ********************************************
 
DataPoints 421
MomentX Data
-0.000060597784
-0.000060003838
-0.00006288857
-0.000063232744
-0.000059798211
-0.000061737191
-0.00005945104
-0.000066244051
-0.000063536786
-0.000063028528
-0.000063309289
-0.000061255103
-0.000057333763
-0.000060519348
-0.000054950029
-0.000059414011
-0.000053852058
-0.000053662017
-0.000046794795
-0.000051192878
-0.000047658253
-0.000043971302
-0.000043684052
-0.000042944347
-0.000046617831
-0.000038994693
-0.000028752248
-0.000029948084
-0.000035043383
-0.00003161797
-0.000026619574
-0.000020451178
-0.000014226887
-0.000012093969
-0.0000041760462
0.000007966077
0.000012736754
0.000018136865
0.000032386567
0.000043655479
0.000041543226
0.000052107563
0.00005640374
0.000065112733
0.000067146924
0.000074896881
0.000081076304
0.000092177777
0.000099385368
0.000099070208
0.00011490875
0.00011810372
0.00012124029
0.00013681818
0.00014098315
0.00014693364
0.00015798297
0.00015844152
0.00017052798
0.00017974923
0.00019067064
0.00019548628
0.00020023369
0.00021303833
0.00021948701
0.00022711758
0.00022796105
0.00023314633
0.00025677637
0.00026278906
0.00026163905
0.00030564379
0.00038511088
0.00045150561
0.00052343966
0.00060317194
0.00067387329
0.00075352177
0.00082778396
0.00091009488
0.00097187967
0.0010448616
0.0011087751
0.0011785725
0.0012516735
0.0013368051
0.0014053056
0.0014911823
0.0015611278
0.0016379427
0.0017073168
0.0017911632
0.0018643412
0.0019311769
0.0020076358
0.0020671164
0.0021406599
0.0022087293
0.0022776495
0.0023611647
0.002433558
0.0024916877
0.0025777999
0.0026418187
0.0027185759
0.0028040485
0.0028660878
0.002932035
0.0030018809
0.0030821872
0.0031690234
0.0031604078
0.0030959811
0.0030113849
0.0029477602
0.0028762998
0.002811883
0.0027261456
0.0026620521
0.002589815
0.0025212608
0.0024494482
0.0023821846
0.002329428
0.0022426427
0.0021771747
0.0021027998
0.0020286594
0.0019629423
0.0018846554
0.0018192559
0.0017337592
0.0016541528
0.0016147912
0.0015216725
0.0014433843
0.0013702291
0.0012906857
0.0012236834
0.0011545072
0.0010868826
0.0010124379
0.00092823022
0.00085686372
0.00079626465
0.00072527479
0.00063157949
0.00054888948
0.00048358404
0.00039567121
0.00031898104
0.00027938197
0.00025698221
0.0002551667
0.00023046146
0.00022450177
0.00020121713
0.00019411268
0.00017331492
0.00014041012
0.00013800009
0.00010988338
0.00012155362
0.0001068621
0.00011203593
0.000096752412
0.000084782159
0.000082201132
0.000075619041
0.000074288875
0.000058420202
0.000057702626
0.000046533745
0.000041937606
0.000044249149
0.00002662543
0.000025530364
0.000005856165
0.0000094188897
-0.0000041868973
-0.000014785907
-0.000024921482
-0.0000195013
-0.000027112284
-0.000033671614
-0.000031942081
-0.000047955592
-0.000055710353
-0.000054375399
-0.000049522497
-0.00005924504
-0.000057266704
-0.000069494753
-0.000068562863
-0.00007177584
-0.000078490226
-0.000082024623
-0.00008822787
-0.000094050347
-0.000098855736
-0.000095837497
-0.0001033643
-0.00011075401
-0.00013051691
-0.00012373907
-0.0001407378
-0.00014683793
-0.00015306995
-0.00016351987
-0.00016901161
-0.00016850116
-0.00017882434
-0.00018401257
-0.0001891541
-0.00020909748
-0.0002072841
-0.00021202469
-0.00022733362
-0.00023206592
-0.00023786903
-0.0002519021
-0.00025421937
-0.0002619216
-0.00030384885
-0.00030435529
-0.00030812627
-0.00032985969
-0.00034958509
-0.00036749363
-0.00037929108
-0.00038448786
-0.00042326802
-0.00051266026
-0.00059029382
-0.00068757921
-0.00075481788
-0.00081473508
-0.00093750448
-0.00098076821
-0.0010743217
-0.0011507487
-0.0012105834
-0.0012601383
-0.0013764815
-0.0014450547
-0.0014975238
-0.0015933261
-0.0016479647
-0.0017317212
-0.0018303091
-0.0018912432
-0.0019477591
-0.0020637486
-0.0021126566
-0.0021826465
-0.0022534007
-0.0023378151
-0.0024084664
-0.0025016501
-0.0025624238
-0.0026281875
-0.002705349
-0.0027802733
-0.0028491324
-0.0029397574
-0.0030165394
-0.0030793495
-0.0031611007
-0.003222629
-0.0032989802
-0.003374999
-0.0033661761
-0.0033156084
-0.0032465038
-0.0031728695
-0.0030940829
-0.00302996
-0.0029687895
-0.0028893475
-0.0028246073
-0.0027380099
-0.002678643
-0.0026186527
-0.0025394051
-0.002434957
-0.0023798781
-0.0023217694
-0.0022408465
-0.0022043361
-0.002097749
-0.0020155938
-0.0019585407
-0.0018696541
-0.0017934522
-0.0017041894
-0.0016541054
-0.0015724567
-0.0015084204
-0.0014372362
-0.0013609756
-0.001290585
-0.0012211683
-0.0011418008
-0.0010734667
-0.00098016079
-0.00094008352
-0.00085543356
-0.00076687216
-0.00070396604
-0.0006202508
-0.00052571767
-0.00049333011
-0.00047333241
-0.00046248075
-0.00043987004
-0.00043027491
-0.00041391579
-0.00039567255
-0.0003844887
-0.00036304794
-0.00033567315
-0.00033743088
-0.0003258861
-0.00030939962
-0.00031011592
-0.00031829276
-0.00030035561
-0.00029305171
-0.00028438933
-0.00027716527
-0.00027436893
-0.00026538433
-0.00026388319
-0.00025169161
-0.00024383314
-0.00023971149
-0.00022902804
-0.00022729182
-0.00021403971
-0.00021028038
-0.00020323711
-0.00019611792
-0.00018207491
-0.00018400286
-0.00018238352
-0.00018278414
-0.00017638491
-0.00016314735
-0.00016133955
-0.00015968066
-0.00015873394
-0.00015555658
-0.00014884503
-0.00014137654
-0.00013444666
-0.00013696188
-0.00013218357
-0.00012475384
-0.00012495602
-0.00011415219
-0.00011941944
-0.00010411437
-0.000087131835
-0.000074563372
-0.000061016889
-0.000045674208
-0.000022995648
-0.0000072089561
-0.0000054560136
0.000023020803
0.000021097356
0.000040465272
0.00005203702
0.000070358216
0.000082176479
0.00011863329
0.00014241384
0.00014174558
0.00016240924
0.00017638155
0.00017680641
0.00023073129
0.00030567817
0.0003781867
0.00048833276
0.00052427261
0.00061423338
0.00069695465
0.00075381007
0.00085035125
0.00094574592
0.00098334508
0.0010674405
0.0011256334
0.0011984577
0.0012893067
0.0013786885
0.0014561364
0.0015320841
0.001600838
0.0016648229
0.0017361327
0.0018044587
0.0019030202
0.0019648852
0.0020341038
0.0021129609
0.0021945704
0.002269735
0.0023218682
0.0024095913
0.0024932596
0.0025635507
0.0026394151
0.002719314
0.0027691149
0.002865604
0.0029265914
0.0030125072
0.0030824276
0.0031529327
MomentY Data
0.000000057373038
0.0000039662168
0.0000014725542
0.0000014928245
0.0000023675584
0.00000090515606
0.0000015738296
0.000006791906
0.0000046962688
0.00000083328717
0.0000023751639
0.00000067606922
0.0000048895166
0.0000042059038
0.0000010568618
0.0000016852188
0.00000051371096
0.0000042532442
0.0000058320186
0.0000020025395
0.0000034948633
0.0000024032783
0.0000037110756
0.000005561752
0.0000031722162
0.0000027485417
0.000000062713595
0.0000039184187
0.0000053119228
0.0000021956824
-0.00000045331951
0.0000059923217
0.0000016317224
0.0000019402265
0.0000021278332
0.0000024715804
-0.00000067409991
0.0000012087392
0.0000030793475
0.0000057195089
0.0000029645632
0.0000041781757
0.0000030381582
0.0000016032075
0.00000036549094
0.0000031076811
0.0000029253815
0.0000033354567
0.0000044929169
0.0000051994512
0.0000048640107
0.0000057881686
0.0000025380706
0.0000035506486
0.0000022477054
0.0000025068663
0.0000017620944
0.0000036969898
0.0000044865797
0.00000059831619
0.0000021575116
0.000002012391
0.0000012524414
0.0000049348876
-0.00000059459684
0.0000034018754
0.0000017889118
0.0000034713649
0.00000037353515
0.0000075881621
0.0000040353726
0.0000043985126
0.0000028195094
-0.0000030292033
0.0000013797617
0.0000032853793
0.0000024348878
0.0000010122395
0.000002672572
-0.000000012335744
0.0000018707942
0.0000010345125
0.0000026930092
0.00000132164
0.0000028759765
0.0000038958786
0.0000082738538
0.0000028670595
0.0000018145227
0.0000026629304
-0.0000010288954
0.0000041578482
0.0000002765274
0.0000037496756
0.0000028051423
-0.000000027861631
0.000000050210955
0.0000019619846
0.00000058653355
-0.00000093811026
0.0000033025883
0.0000068916127
0.0000022665022
0.0000044751785
0.0000044689367
0.0000057771061
-0.0000013649081
0.0000048791883
0.00000055745127
0.000001111617
0.0000083322331
0.0000037208222
0.0000040668915
0.0000047058199
0.0000038602112
0.00000091906541
0.000001527543
0.0000071294161
0.0000041951225
0.0000025332449
0.0000068800542
0.000004081969
0.0000039201306
0.0000026521825
-0.00000019935608
0.00000017590047
0.000003306341
0.0000022205113
0.00000681869
0.0000036576222
0.0000051260326
0.0000045190952
-0.00000080612658
0.0000054107139
0.0000024649095
0.0000060194633
0.0000035636805
0.0000040080117
0.0000032994936
0.0000028788995
0.00000053927894
-0.00000065769193
0.0000034422491
0.000005409107
-0.00000063454625
0.0000031309603
0.0000039595746
0.0000032300804
0.0000036069439
0.00000085007665
0.0000050252913
0.000004605603
0.0000019929646
-0.00000065068246
0.0000036586283
0.0000041810511
0.00000060950282
0.0000058332012
0.0000056280467
0.0000011252737
0.0000031576871
0.0000012182998
0.0000042752884
0.0000027441929
0.0000024618053
0.0000038385533
0.0000025558566
0.0000016511248
0.0000057276772
0.00000065099714
0.0000043268249
0.000000036420858
0.0000055016468
0.0000051151798
0.0000014669561
0.0000046797894
0.0000014025258
0.0000017021989
0.0000074595973
0.0000045706938
0.0000044128559
0.0000045243404
0.0000036647366
0.0000033429097
0.000005496311
0.0000030017423
-0.0000015283822
0.0000048764608
0.0000017748164
0.0000040914486
0.0000051400611
0.0000039106892
0.0000062662122
0.0000062764594
-0.00000011102678
0.0000044063424
0.0000026348924
0.0000023961161
0.0000037583826
0.0000034327696
0.0000028661679
0.0000042488812
0.0000016504192
0.0000033504389
0.0000033754824
0.00000042297363
0.0000050225065
0.00000271852
0.0000014035558
0.0000015467166
0.0000048176286
0.0000015610217
0.0000026301145
0.0000062620923
0.0000023109483
0.0000075727603
0.000003622608
0.0000032586287
0.0000062115476
-0.00000055809974
0.0000037329957
0.0000054857298
0.0000014649724
0.0000023478364
0.0000042605446
0.0000010271357
0.00000028186796
0.0000046826646
0.0000033312128
0.0000038825701
0.000002940235
0.0000015427541
-0.0000031002806
0.0000020220707
0.0000019183014
0.0000036532973
0.0000053066585
0.0000021469639
0.0000063686941
0.0000049123237
0.00000059547422
0.0000048028324
0.0000047940968
0.0000019591045
0.0000051506326
-0.00000051545613
0.00000091571805
0.0000030671357
0.0000037658166
0.0000032995843
0.0000010251521
0.0000027049445
0.0000015004634
0.0000045299052
0.0000044062565
0.0000036118267
0.0000010138129
0.0000026652955
0.0000010471152
0.0000019941663
0.0000016102742
0.0000013251351
0.0000019956684
-0.00000083848949
0.0000015651416
0.000004972944
0.0000049761483
0.0000014781332
-0.0000015595722
0.00000035593985
0.0000037008618
0.00000063501832
0.0000017901181
0.0000011667061
0.0000080710741
0.000000087261185
0.0000019625282
0.0000045234106
-0.00000028833394
0.0000057933949
0.0000054800222
0.0000030407762
0.0000041347073
0.0000029576825
0.0000063127276
-0.00000082262984
0.0000038503741
0.0000028804778
-0.0000036355446
0.0000034436749
-0.0000011904716
0.000000029425616
0.0000028711794
0.00000043240547
0.000003982353
0.0000023478936
0.0000017213058
0.0000034107254
0.000003297839
0.0000026732205
0.0000033780335
-0.0000012224721
0.0000017187261
0.0000045548962
0.0000035990523
-0.00000077793594
0.0000029372881
-0.0000011112356
0.0000051690862
0.0000048961256
0.00000039680959
0.0000018364811
0.0000016795873
0.0000031169699
0.0000029473828
0.0000049662683
0.0000058097408
0.000005588474
-0.00000085728641
0.0000021061277
0.00000072739599
0.0000024796867
0.000001217532
0.0000015723228
0.0000041161917
0.0000040290735
0.00000078923699
0.000002754197
0.0000057989261
0.0000017983817
0.0000009586429
0.0000052146575
0.00000047718049
0.000002945876
-0.000002010498
0.000005771198
0.0000031584977
0.0000020480441
0.0000038568685
0.0000063101241
0.0000020625782
0.0000080663869
0.0000030166863
-0.00000023876665
0.0000019370745
0.0000019485473
-0.00000081898212
0.000004819145
0.0000030883454
0.0000056185767
0.0000040608881
0.0000026895951
-0.0000016190338
0.0000068310258
0.000001246786
0.0000034225367
-0.0000022151373
0.000001668086
0.0000041347502
0.0000034355782
0.0000058971879
0.0000064334533
0.0000053437469
0.0000056515214
0.0000019061088
-0.0000033277462
0.0000041945885
0.0000024127721
0.0000016951369
0.0000037548254
0.000002736411
0.0000014434194
0.0000076363036
0.0000051884506
0.0000018590688
0.0000044390247
0.0000029827164
0.0000040915535
0.0000051642082
0.0000081831642
0.0000016407584
0.0000041881512
0.000002838869
0.0000021035003
0.0000044847248
0.000006918101
0.0000033267735
0.0000070020195
-0.000001757388
0.0000026013182
0.0000040332554
0.0000024302387
0.00000034573555
0.0000022443961
0.0000048936127
0.0000045227812
0.0000035034845
0.0000047082136
0.0000026633357
0.000002406969
0.000005089998
0.000000078129758
0.0000038045595
0.0000029200887
0.0000020933866
0.0000053569983
0.0000026925324
0.0000050538252
0.0000018412112
0.0000011359501
0.0000021500253
0.0000029847001
0.00000025754444
0.0000020738838
0.0000037365865
0.0000016141462
0.0000024611042
0.0000032172822
0.000002769761
0.0000042735098
0.0000003418541
Field Data
-4.6069472
-3.693413
-2.7776168
-1.870663
-0.96196127
-0.054256728
0.8607795
1.7796933
2.6785075
3.5950506
4.5012861
7.1032089
11.857339
16.600545
21.353746
26.101704
30.850232
35.600277
40.353978
45.091358
49.840889
54.603969
59.297745
64.098654
68.849729
73.593751
78.343484
83.090819
87.844553
92.57044
97.297354
108.44489
128.39955
148.39154
168.40744
188.39583
208.39024
228.38773
248.39152
268.39745
288.38828
308.385
328.37766
348.37057
368.38012
388.37081
408.3618
428.35093
448.35048
468.35593
488.34856
510.01069
534.96907
559.96491
584.9549
609.96361
634.9667
659.95833
684.96853
709.96362
734.96028
759.96802
784.97026
809.96797
834.97182
859.96572
884.95949
909.96514
934.9769
959.96443
984.97475
1120.0495
1394.6525
1671.3692
1947.4294
2222.4295
2497.4235
2772.4159
3047.3846
3322.3818
3597.3384
3872.3141
4147.2923
4422.2554
4697.2277
4972.212
5247.2045
5522.142
5797.1415
6072.0891
6347.0904
6622.0578
6897.0267
7171.9976
7446.9583
7721.9371
7996.8802
8271.8244
8546.7596
8821.6835
9096.5858
9371.4893
9646.3638
9921.2301
10196.105
10470.918
10745.759
11020.555
11295.367
11570.141
11844.918
11852.478
11576.844
11301.32
11025.948
10750.601
10475.31
10200.047
9924.8469
9649.648
9374.5103
9099.3888
8824.3206
8549.2119
8274.1467
7999.098
7724.0681
7449.0276
7173.9788
6898.9585
6623.9472
6348.9041
6073.8836
5798.8584
5523.8427
5248.8085
4973.7631
4698.7701
4423.7475
4148.6996
3873.6901
3598.6594
3323.6408
3048.6235
2773.6169
2498.57
2223.5786
1948.5711
1673.5553
1398.5315
1123.8898
977.76075
927.84389
877.84365
827.84988
777.85166
727.63769
677.3404
627.35856
577.34646
527.35184
492.75987
472.74007
452.59953
432.60477
412.60729
392.61251
372.61931
352.62219
332.6386
312.63378
292.62661
272.64443
252.6519
232.65558
212.66507
192.65893
172.66807
152.67337
132.6812
112.68465
97.769274
87.771041
77.693315
67.695976
57.662898
47.70281
37.701907
27.709471
17.720094
7.7033118
-2.2956157
-12.302433
-22.303358
-32.293627
-42.288531
-52.299917
-62.298224
-72.303425
-82.300169
-92.300594
-106.69151
-126.65923
-146.66256
-166.66307
-186.65883
-206.66134
-226.65582
-246.66177
-266.65175
-286.6393
-306.64667
-326.62944
-346.63455
-366.61981
-386.6204
-406.61441
-426.60852
-446.60617
-466.59895
-486.59678
-520.52088
-570.49909
-620.49824
-670.50409
-720.49867
-770.49871
-820.49942
-870.50882
-920.50443
-970.50484
-1118.2653
-1392.7562
-1667.7564
-1942.7323
-2217.7306
-2492.7273
-2767.7044
-3042.6863
-3317.6668
-3592.6617
-3867.6428
-4144.4196
-4420.3604
-4695.3422
-4970.3195
-5245.2784
-5520.4444
-5798.0054
-6072.9686
-6347.9358
-6622.9302
-6897.9052
-7175.2881
-7450.5855
-7725.5458
-8000.5059
-8275.4495
-8550.4011
-8825.3242
-9100.2473
-9375.1465
-9650.0226
-9925.7939
-10202.477
-10477.304
-10753.497
-11029.694
-11304.459
-11579.222
-11853.947
-11869.378
-11593.914
-11318.414
-11043.011
-10767.691
-10492.398
-10217.137
-9941.9186
-9666.7392
-9391.5833
-9116.4639
-8841.3518
-8566.2882
-8291.1792
-8013.4237
-7738.3746
-7463.3293
-7188.3063
-6913.272
-6638.2438
-6363.2235
-6088.198
-5813.1751
-5538.1617
-5263.1289
-4988.1045
-4713.0873
-4438.0561
-4163.0328
-3888.0139
-3612.9922
-3337.9107
-3060.1901
-2785.1662
-2510.1481
-2235.1447
-1960.134
-1685.1324
-1410.1111
-1135.1466
-977.39831
-927.47662
-877.4799
-826.98111
-776.98122
-726.98101
-676.97207
-626.9683
-576.97821
-526.97178
-492.29388
-472.33769
-452.3409
-432.33697
-412.33719
-392.35018
-372.35965
-352.36294
-332.28513
-312.17094
-292.17851
-272.17972
-252.19085
-232.19232
-212.19685
-192.202
-172.21712
-152.08949
-132.00664
-111.81159
-96.70889
-86.720303
-76.716377
-66.717841
-56.722524
-46.715254
-36.721276
-26.627432
-16.624474
-6.6243309
3.38778
13.387076
23.391407
33.38477
43.373523
53.374689
63.374722
73.371093
83.380806
93.35639
117.56481
157.88678
197.94495
237.94662
277.94847
317.93074
357.93843
397.94059
438.17944
478.31077
521.97514
571.90945
621.91682
671.914
721.91443
771.91781
821.9165
871.92164
921.90672
971.92712
1129.3692
1404.3169
1679.2889
1954.2777
2229.2912
2504.265
2779.2414
3054.2265
3329.2179
3604.2001
3879.8603
4156.9233
4434.0724
4709.6286
4984.6209
5259.5729
5534.5592
5809.5291
6084.5222
6359.48
6634.4714
6909.4411
7184.42
7459.3536
7734.3286
8009.3011
8284.2459
8559.1903
8834.1156
9109.0132
9383.9265
9658.8034
9933.6556
10208.509
10483.333
10758.156
11032.951
11312.119
11587.993
11862.643
Time Data
0
10
20
30
40
50
60
70
80
90
100
110
120
130
140
150
160
170
180
190
200
210
220
230
240
250
260
270
280
290
300
310
320
330
340
350
360
370
380
390
400
410
420
430
440
450
460
470
480
490
500
510
520
530
540
550
560
570
580
590
600
610
620
630
640
650
660
670
680
690
700
710
720
730
740
750
760
770
780
790
800
810
820
830
840
850
860
870
880
890
900
910
920
930
940
950
960
970
980
990
1000
1010
1020
1030
1040
1050
1060
1070
1080
1090
1100
1110
1120
1130
1140
1150
1160
1170
1180
1190
1200
1210
1220
1230
1240
1250
1260
1270
1280
1290
1300
1310
1320
1330
1340
1350
1360
1370
1380
1390
1400
1410
1420
1430
1440
1450
1460
1470
1480
1490
1500
1510
1520
1530
1540
1550
1560
1570
1580
1590
1600
1610
1620
1630
1640
1650
1660
1670
1680
1690
1700
1710
1720
1730
1740
1750
1760
1770
1780
1790
1800
1810
1820
1830
1840
1850
1860
1870
1880
1890
1900
1910
1920
1930
1940
1950
1960
1970
1980
1990
2000
2010
2020
2030
2040
2050
2060
2070
2080
2090
2100
2110
2120
2130
2140
2150
2160
2170
2180
2190
2200
2210
2220
2230
2240
2250
2260
2270
2280
2290
2300
2310
2320
2330
2340
2350
2360
2370
2380
2390
2400
2410
2420
2430
2440
2450
2460
2470
2480
2490
2500
2510
2520
2530
2540
2550
2560
2570
2580
2590
2600
2610
2620
2630
2640
2650
2660
2670
2680
2690
2700
2710
2720
2730
2740
2750
2760
2770
2780
2790
2800
2810
2820
2830
2840
2850
2860
2870
2880
2890
2900
2910
2920
2930
2940
2950
2960
2970
2980
2990
3000
3010
3020
3030
3040
3050
3060
3070
3080
3090
3100
3110
3120
3130
3140
3150
3160
3170
3180
3190
3200
3210
3220
3230
3240
3250
3260
3270
3280
3290
3300
3310
3320
3330
3340
3350
3360
3370
3380
3390
3400
3410
3420
3430
3440
3450
3460
3470
3480
3490
3500
3510
3520
3530
3540
3550
3560
3570
3580
3590
3600
3610
3620
3630
3640
3650
3660
3670
3680
3690
3700
3710
3720
3730
3740
3750
3760
3770
3780
3790
3800
3810
3820
3830
3840
3850
3860
3870
3880
3890
3900
3910
3920
3930
3940
3950
3960
3970
3980
3990
4000
4010
4020
4030
4040
4050
4060
4070
4080
4090
4100
4110
4120
4130
4140
4150
4160
4170
4180
4190
4200
Temperature Data
0
0
0
0
0
0
0
0
0
0
0
0
0
0
0
0
0
0
0
0
0
0
0
0
0
0
0
0
0
0
0
0
0
0
0
0
0
0
0
0
0
0
0
0
0
0
0
0
0
0
0
0
0
0
0
0
0
0
0
0
0
0
0
0
0
0
0
0
0
0
0
0
0
0
0
0
0
0
0
0
0
0
0
0
0
0
0
0
0
0
0
0
0
0
0
0
0
0
0
0
0
0
0
0
0
0
0
0
0
0
0
0
0
0
0
0
0
0
0
0
0
0
0
0
0
0
0
0
0
0
0
0
0
0
0
0
0
0
0
0
0
0
0
0
0
0
0
0
0
0
0
0
0
0
0
0
0
0
0
0
0
0
0
0
0
0
0
0
0
0
0
0
0
0
0
0
0
0
0
0
0
0
0
0
0
0
0
0
0
0
0
0
0
0
0
0
0
0
0
0
0
0
0
0
0
0
0
0
0
0
0
0
0
0
0
0
0
0
0
0
0
0
0
0
0
0
0
0
0
0
0
0
0
0
0
0
0
0
0
0
0
0
0
0
0
0
0
0
0
0
0
0
0
0
0
0
0
0
0
0
0
0
0
0
0
0
0
0
0
0
0
0
0
0
0
0
0
0
0
0
0
0
0
0
0
0
0
0
0
0
0
0
0
0
0
0
0
0
0
0
0
0
0
0
0
0
0
0
0
0
0
0
0
0
0
0
0
0
0
0
0
0
0
0
0
0
0
0
0
0
0
0
0
0
0
0
0
0
0
0
0
0
0
0
0
0
0
0
0
0
0
0
0
0
0
0
0
0
0
0
0
0
0
0
0
0
0
0
0
0
0
0
0
0
0
0
0
0
0
0
0
0
0
0
0
0
0
0
0
0
0
0
0
0
0
0
0
0
0
0
0
0
0
0
0
0
0
0
0
0
0
0
0
0
0
0
0
0
0
0
0
Angle Data
0
0
0
0
0
0
0
0
0
0
0
0
0
0
0
0
0
0
0
0
0
0
0
0
0
0
0
0
0
0
0
0
0
0
0
0
0
0
0
0
0
0
0
0
0
0
0
0
0
0
0
0
0
0
0
0
0
0
0
0
0
0
0
0
0
0
0
0
0
0
0
0
0
0
0
0
0
0
0
0
0
0
0
0
0
0
0
0
0
0
0
0
0
0
0
0
0
0
0
0
0
0
0
0
0
0
0
0
0
0
0
0
0
0
0
0
0
0
0
0
0
0
0
0
0
0
0
0
0
0
0
0
0
0
0
0
0
0
0
0
0
0
0
0
0
0
0
0
0
0
0
0
0
0
0
0
0
0
0
0
0
0
0
0
0
0
0
0
0
0
0
0
0
0
0
0
0
0
0
0
0
0
0
0
0
0
0
0
0
0
0
0
0
0
0
0
0
0
0
0
0
0
0
0
0
0
0
0
0
0
0
0
0
0
0
0
0
0
0
0
0
0
0
0
0
0
0
0
0
0
0
0
0
0
0
0
0
0
0
0
0
0
0
0
0
0
0
0
0
0
0
0
0
0
0
0
0
0
0
0
0
0
0
0
0
0
0
0
0
0
0
0
0
0
0
0
0
0
0
0
0
0
0
0
0
0
0
0
0
0
0
0
0
0
0
0
0
0
0
0
0
0
0
0
0
0
0
0
0
0
0
0
0
0
0
0
0
0
0
0
0
0
0
0
0
0
0
0
0
0
0
0
0
0
0
0
0
0
0
0
0
0
0
0
0
0
0
0
0
0
0
0
0
0
0
0
0
0
0
0
0
0
0
0
0
0
0
0
0
0
0
0
0
0
0
0
0
0
0
0
0
0
0
0
0
0
0
0
0
0
0
0
0
0
0
0
0
0
0
0
0
0
0
0
0
0
0
0
0
0
0
0
0
0
0
0
0
0
0
0
0
Bx Data
0
0
0
0
0
0
0
0
0
0
0
0
0
0
0
0
0
0
0
0
0
0
0
0
0
0
0
0
0
0
0
0
0
0
0
0
0
0
0
0
0
0
0
0
0
0
0
0
0
0
0
0
0
0
0
0
0
0
0
0
0
0
0
0
0
0
0
0
0
0
0
0
0
0
0
0
0
0
0
0
0
0
0
0
0
0
0
0
0
0
0
0
0
0
0
0
0
0
0
0
0
0
0
0
0
0
0
0
0
0
0
0
0
0
0
0
0
0
0
0
0
0
0
0
0
0
0
0
0
0
0
0
0
0
0
0
0
0
0
0
0
0
0
0
0
0
0
0
0
0
0
0
0
0
0
0
0
0
0
0
0
0
0
0
0
0
0
0
0
0
0
0
0
0
0
0
0
0
0
0
0
0
0
0
0
0
0
0
0
0
0
0
0
0
0
0
0
0
0
0
0
0
0
0
0
0
0
0
0
0
0
0
0
0
0
0
0
0
0
0
0
0
0
0
0
0
0
0
0
0
0
0
0
0
0
0
0
0
0
0
0
0
0
0
0
0
0
0
0
0
0
0
0
0
0
0
0
0
0
0
0
0
0
0
0
0
0
0
0
0
0
0
0
0
0
0
0
0
0
0
0
0
0
0
0
0
0
0
0
0
0
0
0
0
0
0
0
0
0
0
0
0
0
0
0
0
0
0
0
0
0
0
0
0
0
0
0
0
0
0
0
0
0
0
0
0
0
0
0
0
0
0
0
0
0
0
0
0
0
0
0
0
0
0
0
0
0
0
0
0
0
0
0
0
0
0
0
0
0
0
0
0
0
0
0
0
0
0
0
0
0
0
0
0
0
0
0
0
0
0
0
0
0
0
0
0
0
0
0
0
0
0
0
0
0
0
0
0
0
0
0
0
0
0
0
0
0
0
0
0
0
0
0
0
0
0
0
0
0
0
0
Hint Data
0
0
0
0
0
0
0
0
0
0
0
0
0
0
0
0
0
0
0
0
0
0
0
0
0
0
0
0
0
0
0
0
0
0
0
0
0
0
0
0
0
0
0
0
0
0
0
0
0
0
0
0
0
0
0
0
0
0
0
0
0
0
0
0
0
0
0
0
0
0
0
0
0
0
0
0
0
0
0
0
0
0
0
0
0
0
0
0
0
0
0
0
0
0
0
0
0
0
0
0
0
0
0
0
0
0
0
0
0
0
0
0
0
0
0
0
0
0
0
0
0
0
0
0
0
0
0
0
0
0
0
0
0
0
0
0
0
0
0
0
0
0
0
0
0
0
0
0
0
0
0
0
0
0
0
0
0
0
0
0
0
0
0
0
0
0
0
0
0
0
0
0
0
0
0
0
0
0
0
0
0
0
0
0
0
0
0
0
0
0
0
0
0
0
0
0
0
0
0
0
0
0
0
0
0
0
0
0
0
0
0
0
0
0
0
0
0
0
0
0
0
0
0
0
0
0
0
0
0
0
0
0
0
0
0
0
0
0
0
0
0
0
0
0
0
0
0
0
0
0
0
0
0
0
0
0
0
0
0
0
0
0
0
0
0
0
0
0
0
0
0
0
0
0
0
0
0
0
0
0
0
0
0
0
0
0
0
0
0
0
0
0
0
0
0
0
0
0
0
0
0
0
0
0
0
0
0
0
0
0
0
0
0
0
0
0
0
0
0
0
0
0
0
0
0
0
0
0
0
0
0
0
0
0
0
0
0
0
0
0
0
0
0
0
0
0
0
0
0
0
0
0
0
0
0
0
0
0
0
0
0
0
0
0
0
0
0
0
0
0
0
0
0
0
0
0
0
0
0
0
0
0
0
0
0
0
0
0
0
0
0
0
0
0
0
0
0
0
0
0
0
0
0
0
0
0
0
0
0
0
0
0
0
0
0
0
0
0
0
0
0
Torque Data
-2.64314556769594E-07
-1.46488766899384E-05
-4.09019128483056E-06
-2.7925715576435E-06
-2.27749948526317E-06
-4.91108061449717E-08
1.3547202561732E-06
1.20875096024298E-05
1.2578991202816E-05
2.9957095404808E-06
1.06912922482918E-05
4.80226090052006E-06
5.79766558723274E-05
6.9820295297571E-05
2.25679584343028E-05
4.39870822928352E-05
1.58481022969427E-05
1.51416671668643E-04
2.35345150279991E-04
9.0297225503641E-05
1.74187093805474E-04
1.31228533791573E-04
2.20058414604522E-04
3.56500817081808E-04
2.1840622569941E-04
2.02275493482917E-04
4.91320152646498E-06
3.25584618967915E-04
4.66623483936508E-04
2.03255285868256E-04
-4.41067888395765E-05
6.49836667601113E-04
2.0951242188492E-04
2.8791319828381E-04
3.58342941959008E-04
4.65635440869732E-04
-1.40475842028878E-04
2.76061202050016E-04
7.648838061332E-04
1.5351016040123E-03
8.54945282199296E-04
1.2884867132445E-03
9.97663280425812E-04
5.58510310603275E-04
1.34639596336113E-04
1.20693262602869E-03
1.1946140550267E-03
1.42874597941973E-03
2.01440144871511E-03
2.43519380226562E-03
2.37533262116959E-03
2.95202786152233E-03
1.35778926847634E-03
1.98823862374063E-03
1.31480628748646E-03
1.52909721813534E-03
1.11887126625648E-03
2.43985921443503E-03
3.07316590183684E-03
4.24782728157008E-04
1.58568532963925E-03
1.52935280373582E-03
9.83129251392764E-04
3.99710089155017E-03
-4.96471605661049E-04
2.92549622771129E-03
1.58311447418298E-03
3.15882104721959E-03
3.49246736588035E-04
7.2843657050741E-03
3.97474011784185E-03
4.9265518383737E-03
3.9322358334835E-03
-5.06291709615836E-03
2.68698849957398E-03
7.30152387500935E-03
6.0809460115833E-03
2.80634888440805E-03
8.1443547551912E-03
-4.09840513550592E-05
6.72987981415728E-03
4.00595734037625E-03
1.11686963189892E-02
0.005844629626856
1.35091164803491E-02
1.93711343254632E-02
4.34146028917021E-02
0.015832309681449
0.010519044846862
1.61695506558986E-02
-6.53049211594416E-03
0.027533511104026
1.90721686108158E-03
2.68926644039786E-02
2.08897777336661E-02
-2.1514576208541E-04
4.01530991862591E-04
1.62291920867042E-02
5.01296124918458E-03
-8.27571180182271E-03
3.00422778330261E-02
6.45846746777941E-02
2.18635047747004E-02
4.43992756370729E-02
4.55657478315535E-02
6.04916042503998E-02
-1.46669734997479E-02
5.37713630155065E-02
6.29661667926609E-03
0.012861565427997
9.86946178263858E-02
4.41009632674116E-02
0.047081768460426
0.053181976552268
4.25624879602176E-02
9.88050551581141E-03
0.01600148646333
7.27203793025567E-02
4.16359485392453E-02
2.44449215827952E-02
6.44971389624583E-02
3.71434230005472E-02
3.45924892082704E-02
2.26740701899717E-02
-1.64950145145694E-03
1.40704509777606E-03
2.55384030458221E-02
1.65406499598119E-02
0.048917137503772
2.52337837664787E-02
3.39545692878787E-02
2.86913020435703E-02
-4.89631901378609E-03
3.13759637490118E-02
1.36157723477357E-02
3.15950101344781E-02
1.77249025710896E-02
1.88327255364102E-02
0.014596126564266
1.19436892040902E-02
2.08899949101649E-03
-2.36680924619864E-03
1.14407995525233E-02
1.64903307142145E-02
-1.75998820283162E-03
0.007822923476771
8.80442534566356E-03
6.29404131811644E-03
6.03642008064767E-03
1.18885897243948E-03
5.64787363409874E-03
4.50317784348225E-03
1.84916002709629E-03
-5.71197465677379E-04
3.0287949991196E-03
3.25223753867983E-03
4.43497223993286E-04
3.95106283408848E-03
3.53080327332475E-03
6.49672787226102E-04
1.66521210232926E-03
6.00329251069026E-04
2.02110013748619E-03
1.24202041676934E-03
1.06498871559128E-03
1.58381507463356E-03
1.00346127492607E-03
6.15240983699888E-04
2.01970607787707E-03
2.16546777253604E-04
1.35271162388512E-03
1.06577122098314E-05
1.49999335584732E-03
1.29235989531162E-03
3.41295522280038E-04
9.95227740336258E-04
2.70209119925394E-04
2.93915398819123E-04
1.1388818586339E-03
6.0644513821656E-04
4.97261122591935E-04
4.4234147623687E-04
3.21657746372801E-04
2.59721736338656E-04
3.72078137544536E-04
1.73089160067185E-04
-7.2908125693982E-05
1.83851871570746E-04
4.91792235661244E-05
7.25008537881684E-05
3.9595493324351E-05
-8.97743952534044E-06
-7.70896557542826E-05
-1.39986120970665E-04
3.58545742033106E-06
-1.86337747179014E-04
-1.37804653823931E-04
-1.49273777527806E-04
-2.71743934440405E-04
-2.82517518218062E-04
-2.64548999673733E-04
-4.53319551038612E-04
-2.09040825049216E-04
-4.91383946197584E-04
-5.62568259514968E-04
-7.89517628966529E-05
-1.03795792344871E-03
-6.161683797864E-04
-3.46203557921766E-04
-4.1243468814405E-04
-1.38092168956398E-03
-4.78682106102739E-04
-8.5907282627088E-04
-2.17065754646897E-03
-8.47239426665823E-04
-2.92778361629012E-03
-1.47300461458128E-03
-1.39015876693652E-03
-2.77411548340869E-03
2.60408752679273E-04
-1.81646368737385E-03
-2.85543690293822E-03
-8.35765421075116E-04
-1.45682835400794E-03
-2.85671257992741E-03
-7.40049905759519E-04
-2.17178899570332E-04
-3.84212358835453E-03
-2.8998501236969E-03
-3.57392297683554E-03
-2.8535122982374E-03
-1.72520837646273E-03
4.31793502738972E-03
-3.37232135117748E-03
-3.72674609091522E-03
-8.10202921310738E-03
-0.013228052514727
-5.94216143267116E-03
-1.93779382869608E-02
-1.62974532503432E-02
-2.13933742353137E-03
-1.85756401514667E-02
-1.98687487422173E-02
-8.6599479512618E-03
-2.41839826034757E-02
2.56198165433353E-03
-4.80319610815512E-03
-1.69319520991051E-02
-2.18342249822096E-02
-0.020038271846953
-6.50759971603518E-03
-1.79146586183739E-02
-1.03500542892697E-02
-3.25033748756881E-02
-3.28291907881808E-02
-2.79033325925129E-02
-8.11101608794611E-03
-2.20565183128273E-02
-8.95325495790672E-03
-1.75991641062145E-02
-1.46538934408097E-02
-1.24233356947922E-02
-1.92582451621058E-02
8.32267386505611E-03
-1.59683211757432E-02
-0.052103046062976
-5.35109958156051E-02
-1.63033568872408E-02
1.76301199924398E-02
-4.1215065417967E-03
-4.38698196315246E-02
-7.53727247700496E-03
-2.07544753012434E-02
-1.32052626561254E-02
-8.91289600681151E-02
-9.39601476373835E-04
-2.05916269606236E-02
-4.62163058074522E-02
2.86659256109728E-03
-5.60032375809101E-02
-5.14660849771493E-02
-2.77211264552792E-02
-3.65564018293281E-02
-2.53363606990965E-02
-5.23399557723859E-02
6.59208145618321E-03
-2.97956371359379E-02
-2.14979543627395E-02
0.026133408152111
-2.38070612632728E-02
7.90264071777608E-03
-1.87241771233176E-04
-1.74803086807212E-02
-2.5136487113078E-03
-2.20549148604801E-02
-0.012357266660285
-8.5860532068561E-03
-1.60750465665274E-02
-1.46359944907679E-02
-1.11287046231324E-02
-1.31338412026657E-02
4.41678216201762E-03
-5.73695423955927E-03
-1.39388482577676E-02
-1.00239588179923E-02
1.95273442171271E-03
-6.56526392908807E-03
2.1781706815704E-03
-8.71059463401288E-03
-6.90408105555416E-03
-4.50437056935894E-04
-1.79497352348694E-03
-1.55777795199893E-03
-2.73507843615501E-03
-2.43742989953891E-03
-3.85869720258133E-03
-4.22357123462221E-03
-3.78324081192118E-03
5.37491403090803E-04
-1.21518979037742E-03
-3.83317159615162E-04
-1.2207345867274E-03
-5.7508625238108E-04
-7.1122591044252E-04
-1.77958184751715E-03
-1.66133684529347E-03
-3.09657275089158E-04
-1.02555183095105E-03
-2.04332664943873E-03
-5.97575496974121E-04
-2.99260455217326E-04
-1.52361085851033E-03
-1.29878852157663E-04
-7.429229724346E-04
4.6682219497536E-04
-1.2246300363263E-03
-6.070695749354E-04
-3.52708256534992E-04
-5.86589163162065E-04
-8.32978280424024E-04
-2.30620148041338E-04
-7.80091323409541E-04
-2.61607949991949E-04
1.8317312336427E-05
-1.29237428496155E-04
-1.10526520989385E-04
3.82589577572585E-05
-1.7696515362902E-04
-8.22347071310128E-05
-9.34058822661558E-05
-2.69006665222723E-05
9.111756487878E-06
-2.16741285271688E-05
1.59787304715301E-04
4.162366384922E-05
1.48447474275794E-04
-1.182322644798E-04
1.05714486522092E-04
3.03371141455969E-04
2.86461279392029E-04
5.50540173495681E-04
7.56347714858373E-04
8.43706991175982E-04
1.11869012094693E-03
4.53552146312256E-04
-9.24941964838314E-04
1.33358862580049E-03
8.63623857421803E-04
6.74563778116771E-04
1.64528729106978E-03
1.30885485244647E-03
7.53429043393716E-04
4.36727419190902E-03
3.22678469787909E-03
1.2491343536832E-03
3.20459598605642E-03
2.30241191133908E-03
3.36291533228275E-03
4.50278488304545E-03
7.54411406684342E-03
1.59469758632781E-03
4.72996897022304E-03
3.9866717135861E-03
3.53238470493667E-03
8.76439766727696E-03
1.54224616800112E-02
8.3311224389775E-03
1.94603024780073E-02
-0.005367461000382
8.66035511503578E-03
1.45366595160055E-02
9.42898665165361E-03
1.43719616343332E-03
9.95181480167764E-03
2.30470983292432E-02
2.25443496956471E-02
1.84268321317701E-02
2.60578868954451E-02
1.54727262522189E-02
1.46452563152118E-02
0.03236974048104
5.18349644939921E-04
2.62873797766955E-02
0.020979143658054
1.56153108709018E-02
4.14327851618414E-02
2.15653027131056E-02
4.18671306924167E-02
1.57592770432914E-02
1.00351144992316E-02
0.019584608838034
2.80082063629426E-02
2.4875711127231E-03
2.06012474236193E-02
3.81449769145285E-02
1.69216321252846E-02
2.64769429158552E-02
3.54961168657722E-02
0.031331866033559
4.95214016478314E-02
4.0552931463863E-03
dMdH Data
6.50162851045971E-07
-3.14997157664554E-06
-3.79483497395352E-07
3.77960433727798E-06
-2.13613561493009E-06
2.49842676174348E-06
-7.39243550374366E-06
3.01204075325022E-06
5.54538024452971E-07
-3.09810198342483E-07
7.89487681955818E-07
8.24828079483984E-07
-6.71610088197729E-07
1.17169860900054E-06
-9.40189866885933E-07
1.17130045353002E-06
4.00082525533959E-08
1.44460537168829E-06
-9.28378766322313E-07
7.44205059404813E-07
7.7406866985228E-07
6.11980631372275E-08
1.54076030185118E-07
-7.73190067511037E-07
1.60689347562047E-06
2.15642542433438E-06
-2.51896274436078E-07
-1.0718519378661E-06
7.24819065711897E-07
1.05743324291493E-06
5.53341653258621E-07
3.11921676440491E-07
1.06688628795833E-07
3.95581652586194E-07
6.07458789827495E-07
2.38600538850609E-07
2.70039439949714E-07
7.1235010965422E-07
5.63278587898688E-07
-1.05661095612338E-07
5.28303491772651E-07
2.14887713790961E-07
4.35604071643397E-07
1.01661006869221E-07
3.87678314255285E-07
3.09110404237109E-07
5.55375496582393E-07
3.60387658722322E-07
-1.57537071148118E-08
7.92219032713555E-07
1.47491036200041E-07
1.2567201877686E-07
6.23219303692133E-07
1.66665532879366E-07
2.37936702852725E-07
4.41918578863654E-07
1.83481429582623E-08
4.83261229418398E-07
3.68922456370431E-07
4.36914771813515E-07
1.92565981572105E-07
1.89879386806942E-07
5.12232520498879E-07
2.57907482247734E-07
3.05297292539379E-07
3.37472098046839E-08
2.0736433566014E-07
9.44757186219603E-07
2.4062762505938E-07
-4.5981418870291E-08
3.25780651083937E-07
2.89389008860064E-07
2.39937560689326E-07
2.60573780646395E-07
2.89935458205288E-07
2.57101427667513E-07
2.89638840927967E-07
2.70075066725776E-07
2.99315483939473E-07
2.24707426553863E-07
2.65412289158642E-07
2.32431152724107E-07
2.53842788359602E-07
2.6584859638589E-07
3.09587129156101E-07
2.49099520896025E-07
3.12349897704024E-07
2.54347735177701E-07
2.79380143707382E-07
2.5226826200458E-07
3.04932148320129E-07
2.66131915282054E-07
2.43064629748094E-07
2.78072102667763E-07
2.1630976642563E-07
2.67486254428644E-07
2.47575326193461E-07
2.50677977938073E-07
3.03775699384449E-07
2.6334192183914E-07
2.11454928729537E-07
3.13278241524768E-07
2.32908872422701E-07
2.7924412159859E-07
3.11020948790633E-07
2.25727966351454E-07
2.39986025997466E-07
2.54158843136399E-07
2.92263096217256E-07
3.16024266951018E-07
-1.13962962962973E-06
2.33740032071515E-07
3.07037499455583E-07
2.31049997821131E-07
2.59528522191998E-07
2.33995299519417E-07
3.11474480769302E-07
2.32897807813297E-07
2.62490511408292E-07
2.49163237171789E-07
2.61021403270919E-07
2.44534264593288E-07
1.9176638179745E-07
3.15508104987472E-07
2.3802330278238E-07
2.70424779269454E-07
2.69561755450561E-07
2.38928873712591E-07
2.8465862338162E-07
2.37806591947313E-07
3.10848372491439E-07
2.89456240534797E-07
1.43119975914934E-07
3.38594123899109E-07
2.84648963656156E-07
2.65974999036523E-07
2.89256090155022E-07
2.43624705751455E-07
2.51506010407642E-07
2.45899141666015E-07
2.70677782516643E-07
3.06189035941569E-07
2.59498220657392E-07
2.2035496602627E-07
2.58100927514544E-07
3.40720837087996E-07
3.00682745016045E-07
2.3746068407706E-07
3.19655353463955E-07
2.79237166096773E-07
2.70986980343744E-07
4.4874136714529E-07
3.63100257118761E-08
4.94166373130091E-07
1.19198043450347E-07
4.6370840624631E-07
1.41249160740072E-07
4.1610632981899E-07
6.57936779299409E-07
4.82057869426748E-08
8.12810314069998E-07
-5.8293489445449E-07
7.29450153769462E-07
-2.58759294935273E-07
7.64272198296986E-07
5.98668902583575E-07
1.2909524238241E-07
3.29151947880495E-07
6.65629148716517E-08
7.93242478562667E-07
3.58659420597714E-08
5.58942067382037E-07
2.2989281496639E-07
-1.155984201093E-07
8.81604271226697E-07
5.473649589576E-08
9.84159710987922E-07
-1.78183453615208E-07
6.80555787590841E-07
5.30041917230723E-07
6.79538685447822E-07
-5.42113991542306E-07
7.55228312418893E-07
6.56107590229761E-07
-1.72383091210893E-07
1.60776802373634E-06
7.75406080830901E-07
-1.33596452356563E-07
-4.85806272002749E-07
9.70625377079678E-07
-1.97854819929437E-07
1.22197184513402E-06
-9.31803808147736E-08
3.21610659332596E-07
6.71780939566803E-07
3.53037731239212E-07
6.20429738754771E-07
5.81945030389694E-07
4.80695414426937E-07
-3.01811073029396E-07
5.23024594125906E-07
3.70082813661249E-07
9.87980501246541E-07
-3.38883358474359E-07
8.50116724745646E-07
3.04968226487576E-07
3.11687025619071E-07
5.22340603670409E-07
2.74724637043158E-07
-2.55383976525386E-08
5.15968865473074E-07
2.59635175703868E-07
2.57010833731982E-07
9.97904455583766E-07
-9.06663253434024E-08
2.37100511603226E-07
7.65671990401173E-07
2.3664280552965E-07
2.9026028396251E-07
7.01729637665687E-07
6.83074864182102E-08
1.54111761905839E-07
8.38559255507343E-07
1.01276150690375E-08
7.54277763709585E-08
4.34668052265558E-07
3.94502398065947E-07
3.5810347654641E-07
2.35969718141252E-07
1.03934747735069E-07
2.6245289165992E-07
3.25665586728012E-07
2.8230364923371E-07
3.53796059945617E-07
2.44505766035645E-07
2.1788334187283E-07
4.46471360706037E-07
1.57333009918107E-07
3.40218633684934E-07
2.77921517817239E-07
2.1759568203051E-07
1.79042824398576E-07
4.2162376857645E-07
2.49373594907007E-07
1.90812477975455E-07
3.48424073561539E-07
1.98565956549865E-07
3.01758892639816E-07
3.58549434978936E-07
2.21604976884515E-07
2.05516548700628E-07
4.21818347122465E-07
1.76319448675459E-07
2.54233784990342E-07
2.57325148394149E-07
3.07005998324848E-07
2.56966519678944E-07
3.3890946624788E-07
2.2105708832761E-07
2.39207618421294E-07
2.80690158428982E-07
2.7257480734047E-07
2.49696396978221E-07
3.27540785830432E-07
2.79383030051633E-07
2.27413801218714E-07
2.95988732679934E-07
2.23930631630665E-07
2.77880209489635E-07
2.76708708708708E-07
-5.71764629641626E-07
1.83572808062033E-07
2.50833393829402E-07
2.67369273392082E-07
2.861637367427E-07
2.32926009742346E-07
2.2222726793843E-07
2.88650758815544E-07
2.35265430479171E-07
3.14721218044026E-07
2.15785946029251E-07
2.18057657224091E-07
2.88106459742403E-07
3.7966078899636E-07
1.98299943655482E-07
2.11266642937569E-07
2.94216625406797E-07
1.3275398784829E-07
3.87541117598787E-07
2.98715549896338E-07
2.07450504562753E-07
3.23194031098936E-07
2.77074745412109E-07
3.24576184287746E-07
1.82101916571405E-07
2.96878022459099E-07
2.32844709349088E-07
2.58822271800436E-07
2.77287778890007E-07
2.55948227558179E-07
2.52404446630938E-07
2.88523583010853E-07
2.46053407633427E-07
3.39264732992297E-07
1.45725935856585E-07
3.07814230660421E-07
3.22028924692748E-07
2.2874819637413E-07
3.04395477732089E-07
3.43801217975411E-07
2.05311639194314E-07
4.00581390573917E-07
2.17047438311953E-07
4.47747559892029E-07
1.91903022186648E-07
3.27181025839692E-07
3.64799573836198E-07
2.23660136025743E-07
4.2890020802123E-07
5.4742540109342E-07
-5.06873253570726E-08
5.78506217870246E-07
8.244563252402E-07
-3.58079637351257E-08
-4.08846497311473E-07
8.97440387531704E-07
3.65368001748827E-07
4.33190259797736E-07
3.5980318570601E-07
1.39023246772552E-07
4.49400097937071E-07
7.50615412232429E-08
6.09918419600509E-07
3.92952382000077E-07
2.06129188261141E-07
5.34310084846848E-07
8.68766787691495E-08
6.58403895540608E-07
1.87191061029684E-07
3.48762196676909E-07
4.71385248995212E-07
1.40590556001565E-06
-1.9271933838775E-07
1.61957710608834E-07
-4.00807698245087E-08
6.39458113951158E-07
1.32455364620574E-06
1.79099260896046E-07
1.65839944544404E-07
9.46706452630673E-08
3.17351658579809E-07
6.71202252638587E-07
7.46525679728109E-07
6.93448241597949E-07
-2.51805205314419E-07
4.77775291401025E-07
7.4297054819719E-07
-2.02253397758041E-08
1.07933464226197E-06
-5.28014199469425E-07
6.32220938004216E-07
4.21173246247641E-07
3.13755296360268E-07
3.38647936448653E-07
3.8354928584553E-07
5.67215418234132E-07
3.9459143729618E-07
4.38211961554076E-08
7.07694593657622E-07
-4.79288127256187E-08
4.43563390471453E-07
2.31739419249009E-07
3.66369917074223E-07
2.36378591752575E-07
7.29129949482433E-07
4.75578850869682E-07
-1.3365550177415E-08
4.13230719881997E-07
2.79529611636112E-07
8.49373455630077E-09
3.42506145752139E-07
2.72585949982488E-07
2.63694230685306E-07
4.00547440477576E-07
1.30683948242541E-07
3.27161242271082E-07
3.00830434902777E-07
2.06758184352534E-07
3.51069815274223E-07
3.46912163769146E-07
1.36396766743984E-07
3.03524541349801E-07
2.09969651714547E-07
2.64281115794165E-07
3.3036925033901E-07
3.25081468765457E-07
2.81642758202863E-07
2.76203686294391E-07
2.5002045505869E-07
2.32708073748044E-07
2.59316473169706E-07
2.48485560409019E-07
3.58432956128634E-07
2.25017967974813E-07
2.51726884262206E-07
2.86781769085999E-07
2.96821398331592E-07
2.73381090867827E-07
1.89626782256853E-07
3.19111916582757E-07
3.04344315098614E-07
2.55718468885526E-07
2.76018893063254E-07
2.90696422165416E-07
1.81210156318225E-07
3.5109543233281E-07
2.21937808184284E-07
3.07756619669875E-07
2.53450488266384E-07
2.56708902239213E-07
2.56708902239213E-07
dMdT Data
0
0
0
0
0
0
0
0
0
0
0
0
0
0
0
0
0
0
0
0
0
0
0
0
0
0
0
0
0
0
0
0
0
0
0
0
0
0
0
0
0
0
0
0
0
0
0
0
0
0
0
0
0
0
0
0
0
0
0
0
0
0
0
0
0
0
0
0
0
0
0
0
0
0
0
0
0
0
0
0
0
0
0
0
0
0
0
0
0
0
0
0
0
0
0
0
0
0
0
0
0
0
0
0
0
0
0
0
0
0
0
0
0
0
0
0
0
0
0
0
0
0
0
0
0
0
0
0
0
0
0
0
0
0
0
0
0
0
0
0
0
0
0
0
0
0
0
0
0
0
0
0
0
0
0
0
0
0
0
0
0
0
0
0
0
0
0
0
0
0
0
0
0
0
0
0
0
0
0
0
0
0
0
0
0
0
0
0
0
0
0
0
0
0
0
0
0
0
0
0
0
0
0
0
0
0
0
0
0
0
0
0
0
0
0
0
0
0
0
0
0
0
0
0
0
0
0
0
0
0
0
0
0
0
0
0
0
0
0
0
0
0
0
0
0
0
0
0
0
0
0
0
0
0
0
0
0
0
0
0
0
0
0
0
0
0
0
0
0
0
0
0
0
0
0
0
0
0
0
0
0
0
0
0
0
0
0
0
0
0
0
0
0
0
0
0
0
0
0
0
0
0
0
0
0
0
0
0
0
0
0
0
0
0
0
0
0
0
0
0
0
0
0
0
0
0
0
0
0
0
0
0
0
0
0
0
0
0
0
0
0
0
0
0
0
0
0
0
0
0
0
0
0
0
0
0
0
0
0
0
0
0
0
0
0
0
0
0
0
0
0
0
0
0
0
0
0
0
0
0
0
0
0
0
0
0
0
0
0
0
0
0
0
0
0
0
0
0
0
0
0
0
0
0
0
0
0
0
0
0
0
0
0
0
0
0
0
0
0
0
0
 
*********************************************** Results ***************************************
 
TotalArea 1.48990639883052
AreaFirstQuad 0.782342617605297
AreaSecondQuad 0
AreaThirdQuad 0.682710130697807
AreaFourthQuad 2.48536505274038E-02
Coercivity 133.40838800235
PositiveCoercivity 405.650149531607
NegativeCoercivity 138.833373526907
Retentivity 4.94553974854764E-05
PositiveRetentivity -5.77209026309507E-05
NegativeRetentivity -1.56631697601904E-04
Magnetization 0.0032720112
PositiveMagnetization 0.0031690234
NegativeMagnetization -0.003374999
Flatness 3.01987896883947
Squareness 1.51146785455613E-02
SStar 0.45528814341826
SFD1 0.660769108253881
SFD2 0.231516797612875
Slope 0
Intercept 0
SlopeAtHc 6.80555787590841E-07
dH1 45.2562464284494
dH2 30.886282765
InitialSlope 6.50162851045971E-07
FieldAtHalfMs 5880.84071959984
FieldAtMs 11844.918
MomentMean 9.18749848919239E-05
MomentRMS 1.39181767099514E-03
SFD3 0.296978966484872
dH3 93.7889028129992
UserField1 0
UserField2 0
CenterField 0
ExchangeField 0
ExchangeMoment 0
ExRegionOneIntercept 0
ExRegionOneSlope 0
ExRegionTwoIntercept 0
ExRegionTwoSlope 0
NegativeIntercept 0
NegativeSlope 0
AutoCenterOffset 0
PinningField 0
PinningMoment 0
PinRegionOneIntercept 0
PinRegionOneSlope 0
PinRegionTwoIntercept 0
PinRegionTwoSlope 0
PositiveIntercept 0
PositiveSlope 0
TotalOffset 0
BHMax 0
BCoercivity 0
BRetentivity 0
BNegativeCoercivity 0
BPositiveCoercivity 0
BNegativeRetentivity 0
BPositiveRetentivity 0
MomentYMean 2.88211194859857E-06
MomentYRMS 2.13320182220289E-06
YOffCorrection 0
Mrt 0
Ms1 0
Ms2 0
Ms3 0
Hc2 0
Hex2 0
HsatValue 0
HsatIntercept 0
HsatSlope 0
CenterH 0
Span .0065440224
SpanAsPercentOfRange -102.25035
RMSAsPercentOfRange -21.7471511092991
SpanAsPercentOfMean 7122.74664066393
RMSAsPercentOfMean 1514.90383659098
