Version 1.25
******************************************** Units *******************************************
System CGS
TemperatureUnit C
MomentUnit emu
AppliedFieldUnit Oe
 
******************************************** Setup ********************************************
 
Experiment CustomField
Minor False
Acquisition Continuous
EditedPoint No
MaxField 12000
FieldIncrement 114.285714285714
Points 421
MinField 0
RampRate 11.4285714285714
AverageTime 10
TimeInterval 0
TimeConstant 0.1
TimeConstantIndex 0
Sensitivity -0.0064
SensitivityIndex 5
SensitivityY -0.004
SensitivityIndexY 5
SaturationField 8000
ExperimentTime 4210
Use735Domains False
AutoRangeEnabled False
NumberOfVertices 20
VertexPts
0
10
30
50
70
110
150
160
180
200
220
230
270
310
320
340
360
370
380
420
VertexField
-5
5
100
500
1000
12000
1000
500
100
-100
-500
-1000
-12000
-1000
-500
-100
100
500
1000
12000
StartAngle 0
EndAngle 0
AngleIncrement 0
StartTemp 0
FinishTemp 0
TempIncrement 0
TempPoints 0
LengthofSetPointsArray 421
SetPointArray
-5
-4
-3
-2
-1
0
1
2
3
4
5
9.75
14.5
19.25
24
28.75
33.5
38.25
43
47.75
52.5
57.25
62
66.75
71.5
76.25
81
85.75
90.5
95.25
100
120
140
160
180
200
220
240
260
280
300
320
340
360
380
400
420
440
460
480
500
525
550
575
600
625
650
675
700
725
750
775
800
825
850
875
900
925
950
975
1000
1275
1550
1825
2100
2375
2650
2925
3200
3475
3750
4025
4300
4575
4850
5125
5400
5675
5950
6225
6500
6775
7050
7325
7600
7875
8150
8425
8700
8975
9250
9525
9800
10075
10350
10625
10900
11175
11450
11725
12000
11725
11450
11175
10900
10625
10350
10075
9800
9525
9250
8975
8700
8425
8150
7875
7600
7325
7050
6775
6500
6225
5950
5675
5400
5125
4850
4575
4300
4025
3750
3475
3200
2925
2650
2375
2100
1825
1550
1275
1000
950
900
850
800
750
700
650
600
550
500
480
460
440
420
400
380
360
340
320
300
280
260
240
220
200
180
160
140
120
100
90
80
70
60
50
40
30
20
10
0
-10
-20
-30
-40
-50
-60
-70
-80
-90
-100
-120
-140
-160
-180
-200
-220
-240
-260
-280
-300
-320
-340
-360
-380
-400
-420
-440
-460
-480
-500
-550
-600
-650
-700
-750
-800
-850
-900
-950
-1000
-1275
-1550
-1825
-2100
-2375
-2650
-2925
-3200
-3475
-3750
-4025
-4300
-4575
-4850
-5125
-5400
-5675
-5950
-6225
-6500
-6775
-7050
-7325
-7600
-7875
-8150
-8425
-8700
-8975
-9250
-9525
-9800
-10075
-10350
-10625
-10900
-11175
-11450
-11725
-12000
-11725
-11450
-11175
-10900
-10625
-10350
-10075
-9800
-9525
-9250
-8975
-8700
-8425
-8150
-7875
-7600
-7325
-7050
-6775
-6500
-6225
-5950
-5675
-5400
-5125
-4850
-4575
-4300
-4025
-3750
-3475
-3200
-2925
-2650
-2375
-2100
-1825
-1550
-1275
-1000
-950
-900
-850
-800
-750
-700
-650
-600
-550
-500
-480
-460
-440
-420
-400
-380
-360
-340
-320
-300
-280
-260
-240
-220
-200
-180
-160
-140
-120
-100
-90
-80
-70
-60
-50
-40
-30
-20
-10
0
10
20
30
40
50
60
70
80
90
100
140
180
220
260
300
340
380
420
460
500
550
600
650
700
750
800
850
900
950
1000
1275
1550
1825
2100
2375
2650
2925
3200
3475
3750
4025
4300
4575
4850
5125
5400
5675
5950
6225
6500
6775
7050
7325
7600
7875
8150
8425
8700
8975
9250
9525
9800
10075
10350
10625
10900
11175
11450
11725
12000
FieldDomainFile C:\IDEASVSM\Default UserID\Experiments\HysCoFe2O4_Completa\fdomain.ini
TempDomainFile C:\IDEASVSM\Default UserID\Experiments\HysCoFe2O4_Completa\tdomain.ini
NumSelectedResults 0
ResultsSelected 
UserName1 
UserValue1 
UserName2 
UserValue2 
LinearBackgroundCorrection Off
MaxLinearFieldCorrection 
MinLinearFieldCorrection 
AutoLinearCorrection Off
FitOneRegion Off
BackgroundMode Off
BackgroundFilename 
AutoCenter Off
OffsetCorrection 
SmoothDeriv Off
DerivOrder 0
DerivPoints 0
MinExFieldOne 
MaxExFieldOne 
MinExFieldTwo 
MaxExFieldTwo 
MinPinFieldOne 
MaxPinFieldOne 
MinPinFieldTwo 
MaxPinFieldTwo 
HCenterStart 
Mass 
Volume 
Density 
MolarWeight 
NumberOfMoles 
Demagnetization 
SampleArea 
Thickness 
MomentScaling 0
XAxis 0
YAxis 0
SimpleSpinValve False
HsatMax 0
HsatMin 0
FieldAutoRange False
 
*************************************************** Experiment Data ********************************************
 
DataPoints 421
MomentX Data
0.00012718148
0.00012978852
0.00011809679
0.00011953526
0.00012239283
0.00012279424
0.00011759263
0.00012156481
0.0001186018
0.00011898276
0.00011967154
0.00011940776
0.00012681228
0.0001249427
0.00012661721
0.00012875721
0.00013549648
0.00012892514
0.00013563427
0.00013452883
0.00013632696
0.00014175879
0.00014109446
0.00013987917
0.00014254021
0.00014188611
0.00014744232
0.00015075546
0.00015553681
0.00015412526
0.00015555954
0.00015891518
0.00016721969
0.00017486459
0.0001842043
0.00019139101
0.00019599076
0.00020662684
0.00021232229
0.00022045922
0.00022847492
0.00023750624
0.00024330993
0.0002480103
0.00025461198
0.00026212555
0.0002686266
0.00027967588
0.00027875842
0.00029390443
0.0003007938
0.00030285943
0.0003147815
0.00032561698
0.0003361408
0.00034130351
0.00034961532
0.00035234558
0.00036413273
0.00036825129
0.000378536
0.00038823291
0.00039222482
0.00040135306
0.00041078619
0.00041987047
0.00042609023
0.00043514385
0.00044446987
0.00045183022
0.00046087645
0.00050825291
0.00058011936
0.00067252248
0.00074195238
0.00080923478
0.00089421859
0.00098603132
0.0010549562
0.0011357116
0.001206355
0.0012841445
0.001361257
0.0014335425
0.0015126442
0.0015816675
0.0016632809
0.0017467506
0.0018354376
0.0018887938
0.0019816869
0.0020486121
0.0021121545
0.0021820533
0.0022616169
0.0023339164
0.0024097811
0.0024794628
0.0025577614
0.0026142385
0.002701276
0.002784426
0.0028410681
0.0029243253
0.0030081548
0.0030790796
0.0031291656
0.0032096927
0.0032821017
0.003374606
0.003436651
0.0034409889
0.0033711066
0.0032943384
0.0032170395
0.0031518788
0.0030846282
0.0029963229
0.0029244893
0.0028553432
0.0027761398
0.0027195924
0.0026432626
0.0025678676
0.0025148093
0.0024264015
0.0023562715
0.0022845823
0.0021991955
0.0021395906
0.0020552107
0.0019714186
0.0019225896
0.0018292842
0.0017443
0.0016779064
0.0015949805
0.0015238886
0.0014424805
0.0013704857
0.001288476
0.0012096881
0.0011480976
0.0010690104
0.00098312809
0.00088385511
0.00082852534
0.00076908482
0.00067197804
0.00059441874
0.0004992429
0.00045353386
0.00044391291
0.00042517416
0.00041493296
0.00039062499
0.00037317704
0.00036281261
0.00034765874
0.00033351236
0.00032091183
0.00029245158
0.00028607619
0.00029029514
0.00027738458
0.00026702832
0.00026218041
0.00024750317
0.00025026474
0.00023336533
0.00023331139
0.00021943972
0.00020855713
0.000199788
0.00019402514
0.00018030019
0.00017511129
0.00017691161
0.00016963349
0.0001562482
0.00013710665
0.00014435313
0.00013382979
0.0001345404
0.00013041843
0.00011657471
0.00011694142
0.0001155573
0.00011218492
0.00010761927
0.00009696735
0.000099399368
0.00008654888
0.000083128293
0.000089099862
0.000077182994
0.000074255399
0.000065153361
0.000059844984
0.000054504519
0.000047361333
0.000043233259
0.000041985898
0.000034489113
0.000012667782
0.000017111465
0.000011950763
-0.0000068845701
0.000002283085
-0.000018614073
-0.000013033377
-0.000026835954
-0.000044069222
-0.000052421382
-0.00006226697
-0.00006259112
-0.000061487376
-0.000085443724
-0.00008342926
-0.000089103041
-0.00009733951
-0.00010085034
-0.00012660541
-0.00014398366
-0.00016443987
-0.00018454845
-0.0001972684
-0.00021744186
-0.0002237149
-0.00025570601
-0.00026797023
-0.00030902895
-0.00039510207
-0.00050919269
-0.00057279575
-0.00067234979
-0.00073401464
-0.00082630751
-0.00089022317
-0.00097542498
-0.0010343088
-0.0011266659
-0.001206587
-0.0012676218
-0.0013467279
-0.0014363732
-0.0015252927
-0.0015911872
-0.0016791034
-0.0017142296
-0.0018203281
-0.0018927854
-0.0019683453
-0.0020322772
-0.0021058581
-0.0021942951
-0.0022945924
-0.0023592754
-0.0024298696
-0.0025080468
-0.0025760779
-0.0026532993
-0.0027221408
-0.0027938481
-0.002889425
-0.0029603979
-0.0030366629
-0.0031104747
-0.0031814981
-0.0032554187
-0.003334779
-0.0033286593
-0.0032639882
-0.0031922108
-0.0031139859
-0.0030543297
-0.0029707043
-0.0028935237
-0.0028249401
-0.0027785754
-0.0026781332
-0.002614521
-0.0025449718
-0.002479735
-0.0024075712
-0.0023347639
-0.0022616482
-0.0021865555
-0.0021034986
-0.0020430003
-0.00195638
-0.0018745329
-0.0018211992
-0.0017444423
-0.0016661907
-0.0015872458
-0.0014980496
-0.001427271
-0.0013469292
-0.0012923416
-0.0012011325
-0.0011306637
-0.0010424205
-0.00097674129
-0.00091556317
-0.00082859142
-0.000760455
-0.00066146166
-0.00058504705
-0.00049724843
-0.00043758081
-0.00037640782
-0.00036753028
-0.0003395733
-0.00032758411
-0.00030960733
-0.00030105314
-0.00026148935
-0.00025371446
-0.00024060462
-0.00021670542
-0.00020621993
-0.00019625656
-0.00019043707
-0.00019488334
-0.00018586361
-0.00018078974
-0.00017861253
-0.00015799819
-0.00015917233
-0.00014498262
-0.0001388182
-0.00013235496
-0.00012463902
-0.00012566355
-0.00010617037
-0.000092273377
-0.000099098659
-0.000099203417
-0.000073960353
-0.000065809228
-0.000065460173
-0.000070415989
-0.00005785702
-0.000049614186
-0.000049893116
-0.000045481993
-0.000045966452
-0.000033473863
-0.000035821902
-0.000033235988
-0.00003129742
-0.000018182131
-0.000013132225
-0.000014570237
-0.0000065141644
-0.0000022143424
0.00000080481091
0.0000043855239
0.000014048619
0.0000062236729
0.000027014029
0.000037893769
0.000055817984
0.000076878213
0.000086034713
0.00010389378
0.0001126756
0.00015444092
0.00015233879
0.00016262919
0.00016844186
0.00019610162
0.0002115333
0.00023232125
0.00023582398
0.00026237852
0.00028173298
0.00028721533
0.0003143002
0.00032084715
0.00037090367
0.00046458451
0.00053721369
0.00060615802
0.00068463457
0.00076953315
0.00083989647
0.00093599605
0.0010159128
0.0010940761
0.001178763
0.0012457524
0.0013126605
0.0013667723
0.0014818044
0.0015559254
0.0016300843
0.0017085647
0.0017946246
0.0018554779
0.0019331728
0.002045069
0.0020750413
0.0021536322
0.0022322999
0.0023134864
0.0023931386
0.0024665539
0.0025514727
0.0026129294
0.0027070372
0.0027582279
0.0028477336
0.0029226832
0.0029936458
0.0030484271
0.0031261971
0.0032024934
0.0032786227
0.0033626044
MomentY Data
0.0000004441738
0.0000037174748
0.0000067201468
0.0000005835724
0.0000011074829
0.0000050398872
0.0000070393988
-0.0000029825972
0.0000033095502
0.0000044811294
0.0000025843858
0.0000038661859
0.0000029315852
0.0000019021559
0.0000061793802
0.0000078612944
0.0000038607167
-0.0000018753957
0.000003226118
0.0000036295365
0.0000050259445
0.0000042914294
0.0000046271131
0.0000011054849
0.0000034028004
0.0000027562712
0.0000041537283
-0.0000015299605
0.0000055079886
0.00000089435572
0.0000037335394
0.0000016189289
0.000001794114
0.0000047398565
0.0000026514386
0.00000033866888
0.0000068066213
0.00000010532855
0.000003377919
0.0000021299361
0.000002709422
0.0000037851236
0.0000012717771
0.0000038930271
0.0000021611833
0.0000026564645
-0.0000020598888
-0.00000021778583
0.0000011360454
0.0000018331861
0.0000040281628
0.0000026940297
-0.00000025179865
0.0000057126043
0.00000087721826
0.0000022163677
0.0000057891319
0.0000033596324
0.000000087089586
0.0000052246282
0.0000031277178
0.0000025126456
0.0000017452001
0.0000020462942
0.0000031168507
0.0000035137842
0.0000024786805
0.000001059122
0.0000056007478
-0.000000094757042
0.000001783738
0.0000028674458
0.00000075280665
0.0000051691578
-0.0000024524879
0.0000028933524
-0.0000019852638
0.0000039889382
-0.0000018294572
0.0000041373967
0.0000046680591
-0.00000088499546
-0.00000011860844
0.0000060208652
0.0000012752675
0.0000027470206
0.0000026998423
0.0000028776025
0.0000015483426
0.0000052507159
0.0000013581943
-0.00000048216343
0.0000019015026
0.0000024286125
0.0000021011876
0.0000021966504
-0.00000059177399
0.0000063260982
0.0000040079974
0.0000023993491
0.000003052473
-0.00000032925608
0.0000044144151
0.0000040115879
0.0000065508505
0.0000012635946
0.000006366267
0.0000020568179
0.0000031863211
-0.0000010395908
0.00000048891062
0.0000028353404
0.0000065132472
0.0000040714691
0.0000020578431
0.000002031207
0.0000040556954
0.0000014302206
-0.00000069590094
0.00000085647103
-0.0000011288643
0.0000015040969
0.000003489065
0.0000025923775
-0.0000003165388
0.0000034488342
-0.0000023162936
0.000004752488
0.00000054282662
0.0000029851912
0.0000041937588
0.0000022560024
0.0000035401438
0.0000028488968
0.0000032418154
-0.00000075988768
0.0000013139343
0.00000052282809
0.0000038965176
-0.0000024623393
0.0000057754276
-0.00000012173174
0.0000013451242
0.0000072688433
0.0000036827563
0.0000049446485
0.00000043528554
-0.00000080102443
0.0000013861417
0.000006102719
0.0000024226045
0.0000041887759
0.000004898877
0.0000025459575
0.0000047154329
0.00000026252744
0.0000030990599
0.0000036056612
0.0000032388686
0.000002057662
-0.0000013581276
0.000003923044
0.000004600496
0.0000031626796
0.0000009816074
0.0000030809973
0.0000032691047
0.0000012401676
0.000004467139
0.0000022312593
0.0000028749512
0.000005837011
0.0000029359101
0.000004043145
-0.00000033388613
0.0000046650884
0.0000011655235
0.0000019126367
0.0000063803336
-0.00000018348218
0.0000024063729
0.0000021837377
0.0000024660014
0.0000026757048
0.0000027380989
0.00000084538458
0.0000024088716
0.0000088061281
0.0000048967454
0.0000018483972
0.0000030776308
-0.00000019121172
0.0000035668038
0.0000032961415
0.0000023777245
0.0000048501441
0.0000053247545
0.0000034193753
0.0000003602886
0.0000034582899
0.0000024183034
0.0000048959444
0.00000086784836
0.00000067588802
0.0000029637526
0.0000026260327
0.00000011829852
0.0000069369981
0.0000011584663
0.0000048503206
0.0000012187576
0.0000027193355
0.0000053192376
0.0000014742803
0.0000024595355
0.000005979266
-0.00000051668167
0.0000047757814
0.00000035674093
0.0000029111384
0.0000012164115
-0.00000017495629
0.0000068166681
0.0000025995396
0.0000025311564
0.0000019545363
0.0000031149386
0.000002168927
0.0000020462513
0.0000071180913
0.0000065746161
0.0000019405937
0.0000010597419
0.0000017749022
0.00000058507916
0.00000024748323
0.0000023286246
0.0000033480929
0.000003611903
0.0000021763562
-0.00000042805668
0.0000014294481
0.0000022581958
0.0000032187031
0.0000004720544
-8.2159449E-09
0.0000015111302
0.0000037146901
0.0000023772382
0.0000041622637
0.0000010308743
0.0000036854314
0.00000076041696
0.0000046867845
0.0000014609384
0.0000057286641
-0.0000019208192
0.0000021746825
0.0000021441125
0.0000003224134
0.0000025763416
-0.00000010817047
0.0000028906201
0.0000044894693
0.0000017594289
0.0000021220874
-0.00000079505919
0.0000033535669
-0.00000060872075
0.0000049865244
0.000001085019
0.000003417034
0.0000036930083
-0.000000020613707
0.0000020609473
0.0000024943874
0.0000026274155
0.0000048429677
0.0000038517044
0.0000042009256
0.0000050446746
0.0000018322419
0.0000062672995
0.0000033946846
0.000002573366
0.0000013313627
0.0000015765094
0.0000044344041
0.0000050718257
0.0000026936768
0.0000048400925
0.0000050369356
0.0000009435224
0.0000029361342
0.0000026975678
0.0000015487241
0.0000021747875
0.0000027799652
0.0000039973353
0.00000064280508
0.0000019507551
0.0000015468167
-0.0000022421454
0.0000043161199
0.0000033716058
0.00000050097944
0.0000024612187
0.0000047247122
0.0000014599847
0.0000024335622
0.00000068971628
0.0000072842643
0.0000029380034
0.000001763606
0.0000028181075
0.0000049135492
0.0000067177292
0.0000020385026
0.0000048752688
0.00000045222758
0.0000047358988
0.0000027799653
0.0000019113349
0.0000008913278
0.0000038674878
0.0000023838853
0.0000054407594
0.00000055920594
0.0000043043135
0.0000027895878
0.0000012150049
0.0000047080467
0.0000011505318
0.0000029167889
0.0000026625299
0.000001170783
0.0000049754093
0.0000049023865
0.0000037258194
0.0000026454352
0.00000034073355
0.0000005822086
0.0000036801431
0.00000044216156
0.0000047672604
0.0000012598466
0.0000030454825
0.0000029783677
0.0000038852547
0.0000035902165
0.00000089502803
0.0000022623776
0.0000034761808
0.0000018848799
0.0000044640109
0.0000040786932
0.0000023828505
0.00000090189926
0.000005559158
0.000004950404
0.00000082375517
0.0000022523593
0.0000044484613
0.0000071054074
0.0000029714297
0.0000047770975
0.0000033012627
0.0000079124257
0.0000026145219
0.0000032146452
0.0000032050894
0.00000056034085
0.0000049605559
0.00000083639142
0.0000034729575
0.0000043451069
0.000005023875
0.0000023967169
0.000004350004
0.0000061963365
0.0000025448512
0.0000037224529
0.0000016239642
0.0000017744159
0.0000037423467
0.0000021819973
0.0000035629318
0.0000017803049
0.0000023443413
0.0000017101144
0.0000047345636
-0.00000057217595
0.0000036049793
0.0000035403727
0.00000068723676
0.0000037404679
0.0000027169226
0.000000032014828
-0.00000073436253
0.0000027939986
0.0000037847422
0.00000062468522
-0.00000061965949
0.000004526057
0.00000065143111
0.00000042840479
0.0000047046468
0.0000049072121
0.0000036804627
0.0000027753018
0.0000052048586
0.0000048742768
0.0000014336729
0.0000016251754
0.0000017043876
-0.0000045959757
0.0000018995094
0.0000026397419
0.0000043405054
0.0000037890003
0.0000041238878
Field Data
-4.6334741
-3.7248752
-2.8180241
-1.9025365
-0.99661078
-0.083195837
0.821611
1.7289804
2.6430497
3.5467084
4.4582008
7.0441469
11.78261
16.537463
21.303806
26.040418
30.789845
35.540404
40.301055
45.083277
49.833991
54.589039
59.296561
64.083005
68.823164
73.580211
78.332983
83.075994
87.830914
92.573941
97.298436
109.00088
128.97527
148.99058
168.9788
188.98694
208.98305
228.98159
248.99134
269.01493
289.17042
309.1695
329.17813
349.16887
369.16836
389.1525
409.1442
429.15201
449.14359
469.13658
489.1356
511.0329
536.00739
561.00745
586.01122
611.01911
636.00709
661.01518
686.01068
711.01573
736.01734
761.01123
786.01092
811.02238
836.03825
861.26394
886.27022
911.25882
936.27866
961.26841
986.25967
1129.9112
1404.9196
1679.9166
1954.9406
2229.9399
2504.9382
2779.9228
3054.8997
3329.8646
3604.8624
3879.8482
4154.7989
4429.7745
4704.7518
4979.7083
5254.7019
5529.6741
5806.2188
6082.3749
6357.3281
6632.3095
6907.2959
7182.2642
7457.2294
7732.1888
8007.1378
8282.0767
8557.0214
8831.9473
9106.8578
9381.7391
9656.6292
9931.8521
10211.827
10486.674
10761.523
11036.32
11311.125
11585.892
11860.476
11862.526
11587.139
11311.615
11036.224
10760.904
10485.617
10210.354
9935.1282
9659.9325
9384.7943
9109.6728
8834.5765
8559.4844
8284.4439
8009.3909
7734.3504
7459.3157
7184.28
6909.2483
6634.2141
6359.1861
6084.1649
5809.1426
5534.1124
5259.0739
4984.072
4709.0431
4434.0111
4158.9925
3883.9744
3608.9564
3333.9273
3058.9044
2783.8916
2508.8597
2233.8531
1958.8496
1683.8278
1408.8177
1133.8746
976.05831
926.08449
876.0826
826.08949
776.08454
726.08095
675.71607
625.58243
575.36342
524.90254
490.8188
470.85372
450.85672
430.85454
410.87035
390.86413
370.87312
350.87689
330.88599
310.88797
290.89265
270.88973
250.90162
230.90629
210.9077
190.9187
170.92943
150.92089
130.94149
110.93551
95.53071
85.459064
75.429941
65.422192
55.488059
45.431085
35.445936
25.442708
15.439198
5.444938
-4.5594166
-14.565757
-24.556676
-34.561822
-44.564964
-54.563171
-64.556429
-74.560399
-84.555597
-94.555818
-108.79062
-128.75724
-148.91334
-168.95815
-189.05991
-209.15115
-229.15383
-249.15493
-269.14604
-289.13727
-309.12363
-329.13112
-349.13819
-369.11608
-389.10815
-409.11483
-429.10113
-449.09682
-469.10102
-489.08865
-523.02731
-573.01365
-623.01507
-673.00957
-723.00746
-772.99742
-823.01092
-873.00641
-923.00377
-973.00027
-1121.7439
-1396.3468
-1671.3369
-1946.3111
-2221.277
-2496.2974
-2771.2735
-3046.2604
-3321.2527
-3596.2249
-3871.2189
-4146.2039
-4421.1648
-4696.1591
-4971.1289
-5246.1238
-5521.0815
-5796.0728
-6071.0326
-6348.2883
-6625.0323
-6901.4669
-7177.6872
-7454.1462
-7729.12
-8004.0697
-8279.0123
-8553.9678
-8828.8857
-9103.7993
-9378.6989
-9653.5977
-9928.4653
-10203.288
-10478.122
-10752.959
-11027.758
-11305.026
-11580.042
-11854.782
-11869.913
-11594.516
-11318.983
-11043.601
-10768.277
-10492.973
-10217.718
-9942.5079
-9667.3143
-9392.1732
-9115.0902
-8839.196
-8564.1238
-8289.0581
-8013.9939
-7738.9759
-7463.9135
-7188.8908
-6912.7668
-6636.0933
-6361.0634
-6086.0467
-5811.0239
-5535.9925
-5260.957
-4984.6809
-4708.1787
-4433.1443
-4158.1168
-3883.0898
-3608.0861
-3330.8839
-3055.2833
-2780.2521
-2505.2353
-2230.2201
-1955.2311
-1680.2139
-1405.21
-1130.3172
-975.8881
-925.91407
-875.91702
-825.91514
-775.90113
-725.91193
-675.91466
-625.87935
-575.41365
-525.36818
-490.55878
-470.56713
-450.57405
-430.57671
-410.58424
-390.59238
-370.59506
-350.58929
-330.59418
-310.60285
-290.60918
-270.60728
-250.62532
-230.61887
-210.63245
-190.63853
-170.64363
-150.64898
-130.62316
-110.45382
-95.562019
-85.575184
-75.58211
-65.585545
-55.591773
-45.583371
-35.59691
-25.586775
-15.586736
-5.5846395
4.4122752
14.413601
24.410308
34.410694
44.411133
54.439637
64.525332
74.515682
84.500245
94.534824
118.25259
158.22491
198.22282
238.22287
278.21094
318.21701
358.21536
398.21346
438.20296
478.19919
521.57527
571.50186
621.49363
671.49476
721.50663
771.49412
821.49905
871.49534
921.49802
971.49417
1119.2534
1393.7531
1670.1623
1946.4673
2221.4374
2496.44
2771.4177
3046.3934
3321.3827
3596.3623
3871.3606
4146.3274
4421.3238
4696.3034
4971.296
5246.2497
5521.2337
5796.2017
6071.1893
6346.1752
6621.1348
6896.1077
7171.0846
7446.0437
7721.0026
7995.9635
8272.2572
8548.606
8823.5449
9098.4363
9373.3489
9648.234
9923.1061
10199.899
10475.519
10750.334
11025.133
11299.917
11574.664
11849.405
Time Data
0
10
20
30
40
50
60
70
80
90
100
110
120
130
140
150
160
170
180
190
200
210
220
230
240
250
260
270
280
290
300
310
320
330
340
350
360
370
380
390
400
410
420
430
440
450
460
470
480
490
500
510
520
530
540
550
560
570
580
590
600
610
620
630
640
650
660
670
680
690
700
710
720
730
740
750
760
770
780
790
800
810
820
830
840
850
860
870
880
890
900
910
920
930
940
950
960
970
980
990
1000
1010
1020
1030
1040
1050
1060
1070
1080
1090
1100
1110
1120
1130
1140
1150
1160
1170
1180
1190
1200
1210
1220
1230
1240
1250
1260
1270
1280
1290
1300
1310
1320
1330
1340
1350
1360
1370
1380
1390
1400
1410
1420
1430
1440
1450
1460
1470
1480
1490
1500
1510
1520
1530
1540
1550
1560
1570
1580
1590
1600
1610
1620
1630
1640
1650
1660
1670
1680
1690
1700
1710
1720
1730
1740
1750
1760
1770
1780
1790
1800
1810
1820
1830
1840
1850
1860
1870
1880
1890
1900
1910
1920
1930
1940
1950
1960
1970
1980
1990
2000
2010
2020
2030
2040
2050
2060
2070
2080
2090
2100
2110
2120
2130
2140
2150
2160
2170
2180
2190
2200
2210
2220
2230
2240
2250
2260
2270
2280
2290
2300
2310
2320
2330
2340
2350
2360
2370
2380
2390
2400
2410
2420
2430
2440
2450
2460
2470
2480
2490
2500
2510
2520
2530
2540
2550
2560
2570
2580
2590
2600
2610
2620
2630
2640
2650
2660
2670
2680
2690
2700
2710
2720
2730
2740
2750
2760
2770
2780
2790
2800
2810
2820
2830
2840
2850
2860
2870
2880
2890
2900
2910
2920
2930
2940
2950
2960
2970
2980
2990
3000
3010
3020
3030
3040
3050
3060
3070
3080
3090
3100
3110
3120
3130
3140
3150
3160
3170
3180
3190
3200
3210
3220
3230
3240
3250
3260
3270
3280
3290
3300
3310
3320
3330
3340
3350
3360
3370
3380
3390
3400
3410
3420
3430
3440
3450
3460
3470
3480
3490
3500
3510
3520
3530
3540
3550
3560
3570
3580
3590
3600
3610
3620
3630
3640
3650
3660
3670
3680
3690
3700
3710
3720
3730
3740
3750
3760
3770
3780
3790
3800
3810
3820
3830
3840
3850
3860
3870
3880
3890
3900
3910
3920
3930
3940
3950
3960
3970
3980
3990
4000
4010
4020
4030
4040
4050
4060
4070
4080
4090
4100
4110
4120
4130
4140
4150
4160
4170
4180
4190
4200
Temperature Data
0
0
0
0
0
0
0
0
0
0
0
0
0
0
0
0
0
0
0
0
0
0
0
0
0
0
0
0
0
0
0
0
0
0
0
0
0
0
0
0
0
0
0
0
0
0
0
0
0
0
0
0
0
0
0
0
0
0
0
0
0
0
0
0
0
0
0
0
0
0
0
0
0
0
0
0
0
0
0
0
0
0
0
0
0
0
0
0
0
0
0
0
0
0
0
0
0
0
0
0
0
0
0
0
0
0
0
0
0
0
0
0
0
0
0
0
0
0
0
0
0
0
0
0
0
0
0
0
0
0
0
0
0
0
0
0
0
0
0
0
0
0
0
0
0
0
0
0
0
0
0
0
0
0
0
0
0
0
0
0
0
0
0
0
0
0
0
0
0
0
0
0
0
0
0
0
0
0
0
0
0
0
0
0
0
0
0
0
0
0
0
0
0
0
0
0
0
0
0
0
0
0
0
0
0
0
0
0
0
0
0
0
0
0
0
0
0
0
0
0
0
0
0
0
0
0
0
0
0
0
0
0
0
0
0
0
0
0
0
0
0
0
0
0
0
0
0
0
0
0
0
0
0
0
0
0
0
0
0
0
0
0
0
0
0
0
0
0
0
0
0
0
0
0
0
0
0
0
0
0
0
0
0
0
0
0
0
0
0
0
0
0
0
0
0
0
0
0
0
0
0
0
0
0
0
0
0
0
0
0
0
0
0
0
0
0
0
0
0
0
0
0
0
0
0
0
0
0
0
0
0
0
0
0
0
0
0
0
0
0
0
0
0
0
0
0
0
0
0
0
0
0
0
0
0
0
0
0
0
0
0
0
0
0
0
0
0
0
0
0
0
0
0
0
0
0
0
0
0
0
0
0
0
0
0
0
0
0
0
0
0
0
0
0
0
0
0
0
0
0
0
0
0
0
0
0
0
0
0
0
0
0
0
0
0
0
0
0
0
0
0
Angle Data
0
0
0
0
0
0
0
0
0
0
0
0
0
0
0
0
0
0
0
0
0
0
0
0
0
0
0
0
0
0
0
0
0
0
0
0
0
0
0
0
0
0
0
0
0
0
0
0
0
0
0
0
0
0
0
0
0
0
0
0
0
0
0
0
0
0
0
0
0
0
0
0
0
0
0
0
0
0
0
0
0
0
0
0
0
0
0
0
0
0
0
0
0
0
0
0
0
0
0
0
0
0
0
0
0
0
0
0
0
0
0
0
0
0
0
0
0
0
0
0
0
0
0
0
0
0
0
0
0
0
0
0
0
0
0
0
0
0
0
0
0
0
0
0
0
0
0
0
0
0
0
0
0
0
0
0
0
0
0
0
0
0
0
0
0
0
0
0
0
0
0
0
0
0
0
0
0
0
0
0
0
0
0
0
0
0
0
0
0
0
0
0
0
0
0
0
0
0
0
0
0
0
0
0
0
0
0
0
0
0
0
0
0
0
0
0
0
0
0
0
0
0
0
0
0
0
0
0
0
0
0
0
0
0
0
0
0
0
0
0
0
0
0
0
0
0
0
0
0
0
0
0
0
0
0
0
0
0
0
0
0
0
0
0
0
0
0
0
0
0
0
0
0
0
0
0
0
0
0
0
0
0
0
0
0
0
0
0
0
0
0
0
0
0
0
0
0
0
0
0
0
0
0
0
0
0
0
0
0
0
0
0
0
0
0
0
0
0
0
0
0
0
0
0
0
0
0
0
0
0
0
0
0
0
0
0
0
0
0
0
0
0
0
0
0
0
0
0
0
0
0
0
0
0
0
0
0
0
0
0
0
0
0
0
0
0
0
0
0
0
0
0
0
0
0
0
0
0
0
0
0
0
0
0
0
0
0
0
0
0
0
0
0
0
0
0
0
0
0
0
0
0
0
0
0
0
0
0
0
0
0
0
0
0
0
0
0
0
0
0
0
Bx Data
0
0
0
0
0
0
0
0
0
0
0
0
0
0
0
0
0
0
0
0
0
0
0
0
0
0
0
0
0
0
0
0
0
0
0
0
0
0
0
0
0
0
0
0
0
0
0
0
0
0
0
0
0
0
0
0
0
0
0
0
0
0
0
0
0
0
0
0
0
0
0
0
0
0
0
0
0
0
0
0
0
0
0
0
0
0
0
0
0
0
0
0
0
0
0
0
0
0
0
0
0
0
0
0
0
0
0
0
0
0
0
0
0
0
0
0
0
0
0
0
0
0
0
0
0
0
0
0
0
0
0
0
0
0
0
0
0
0
0
0
0
0
0
0
0
0
0
0
0
0
0
0
0
0
0
0
0
0
0
0
0
0
0
0
0
0
0
0
0
0
0
0
0
0
0
0
0
0
0
0
0
0
0
0
0
0
0
0
0
0
0
0
0
0
0
0
0
0
0
0
0
0
0
0
0
0
0
0
0
0
0
0
0
0
0
0
0
0
0
0
0
0
0
0
0
0
0
0
0
0
0
0
0
0
0
0
0
0
0
0
0
0
0
0
0
0
0
0
0
0
0
0
0
0
0
0
0
0
0
0
0
0
0
0
0
0
0
0
0
0
0
0
0
0
0
0
0
0
0
0
0
0
0
0
0
0
0
0
0
0
0
0
0
0
0
0
0
0
0
0
0
0
0
0
0
0
0
0
0
0
0
0
0
0
0
0
0
0
0
0
0
0
0
0
0
0
0
0
0
0
0
0
0
0
0
0
0
0
0
0
0
0
0
0
0
0
0
0
0
0
0
0
0
0
0
0
0
0
0
0
0
0
0
0
0
0
0
0
0
0
0
0
0
0
0
0
0
0
0
0
0
0
0
0
0
0
0
0
0
0
0
0
0
0
0
0
0
0
0
0
0
0
0
0
0
0
0
0
0
0
0
0
0
0
0
0
0
0
0
0
0
Hint Data
0
0
0
0
0
0
0
0
0
0
0
0
0
0
0
0
0
0
0
0
0
0
0
0
0
0
0
0
0
0
0
0
0
0
0
0
0
0
0
0
0
0
0
0
0
0
0
0
0
0
0
0
0
0
0
0
0
0
0
0
0
0
0
0
0
0
0
0
0
0
0
0
0
0
0
0
0
0
0
0
0
0
0
0
0
0
0
0
0
0
0
0
0
0
0
0
0
0
0
0
0
0
0
0
0
0
0
0
0
0
0
0
0
0
0
0
0
0
0
0
0
0
0
0
0
0
0
0
0
0
0
0
0
0
0
0
0
0
0
0
0
0
0
0
0
0
0
0
0
0
0
0
0
0
0
0
0
0
0
0
0
0
0
0
0
0
0
0
0
0
0
0
0
0
0
0
0
0
0
0
0
0
0
0
0
0
0
0
0
0
0
0
0
0
0
0
0
0
0
0
0
0
0
0
0
0
0
0
0
0
0
0
0
0
0
0
0
0
0
0
0
0
0
0
0
0
0
0
0
0
0
0
0
0
0
0
0
0
0
0
0
0
0
0
0
0
0
0
0
0
0
0
0
0
0
0
0
0
0
0
0
0
0
0
0
0
0
0
0
0
0
0
0
0
0
0
0
0
0
0
0
0
0
0
0
0
0
0
0
0
0
0
0
0
0
0
0
0
0
0
0
0
0
0
0
0
0
0
0
0
0
0
0
0
0
0
0
0
0
0
0
0
0
0
0
0
0
0
0
0
0
0
0
0
0
0
0
0
0
0
0
0
0
0
0
0
0
0
0
0
0
0
0
0
0
0
0
0
0
0
0
0
0
0
0
0
0
0
0
0
0
0
0
0
0
0
0
0
0
0
0
0
0
0
0
0
0
0
0
0
0
0
0
0
0
0
0
0
0
0
0
0
0
0
0
0
0
0
0
0
0
0
0
0
0
0
0
0
0
0
0
Torque Data
-2.05806779819858E-06
-1.3847129689145E-05
-1.89375356379379E-05
-1.1102677913926E-06
-1.10372939680566E-06
-4.19297633989586E-07
5.7836474874668E-06
-5.15685209989488E-06
8.74730566324494E-06
1.5893259284467E-05
1.15217108410686E-05
2.72339814223087E-05
3.4541725093372E-05
3.14568328164817E-05
1.31644316981041E-04
2.04711392197059E-04
1.18870868781912E-04
-6.66523208378628E-05
1.3001595895449E-04
1.63631399411111E-04
2.50462872979499E-04
2.34265006882347E-04
2.74371894188049E-04
7.08427943741245E-05
2.34191489988466E-04
2.02807016469223E-04
3.25373928310519E-04
-1.27102989318237E-04
4.8377167303958E-04
8.27940336562925E-05
3.63267544364378E-04
1.76464674757432E-04
2.3139633756078E-04
7.0619396905177E-04
4.4803691290168E-04
6.40039953044272E-05
1.42246847946896E-03
2.41182988513945E-05
8.4107257822146E-04
5.72984610845973E-04
7.8348469769724E-04
1.1702447708502E-03
4.18641207554823E-04
1.35932387338638E-03
7.97840494520388E-04
1.03376980133625E-03
-8.4279155516496E-04
-9.34632266940183E-05
5.10247509358986E-04
8.60014657457538E-04
1.97031782807568E-03
1.37673781027713E-03
-1.34965937192023E-04
3.20481357120203E-03
5.14059742748877E-04
1.35424301948675E-03
3.68192893334517E-03
2.22076801561983E-03
5.97443861127785E-05
3.71479283360159E-03
2.30205453542665E-03
1.91215151861009E-03
1.37174633618509E-03
1.6595903922642E-03
2.60580640473928E-03
3.02629562440175E-03
2.19678071204471E-03
9.6513426395604E-04
5.24386064518195E-03
-9.10869510996432E-05
1.75922885124646E-03
3.23995912481296E-03
1.05763281759534E-03
8.68375399623948E-03
-4.79446816671874E-03
6.45200196152076E-03
-4.97296312969716E-03
0.011088940249971
-5.58880825144284E-03
1.37769708074868E-02
1.68277107305678E-02
-3.43364804248917E-03
-4.92794216042716E-04
2.66710751308974E-02
5.9998170661065E-03
0.013679361282091
1.41868664635104E-02
1.59122040143453E-02
8.99001591296088E-03
3.19368225971909E-02
8.63448678864983E-03
-3.19785709734159E-03
1.31342411128193E-02
1.74429366144225E-02
1.56690379456354E-02
1.69849156203955E-02
-4.73841588438582E-03
5.23932305041319E-02
3.42965195229444E-02
2.11909248055024E-02
2.77984375493394E-02
-3.08899463964873E-03
4.26283697555809E-02
3.98424977089496E-02
6.68961520088635E-02
1.32509046383604E-02
0.068510728744641
0.022699700526128
3.60408762522375E-02
-1.20445867329936E-02
5.79871267465512E-03
3.36342992138504E-02
7.54699006477608E-02
4.60548909435965E-02
2.27108174084544E-02
0.021857623531128
4.25264686330618E-02
1.46030586240924E-02
-6.91386505340051E-03
8.27345233800548E-03
-1.05941592481135E-02
1.37018306184943E-02
3.08244116559725E-02
0.022189414770161
-2.62234793077332E-03
2.76230612570888E-02
-1.79150263316774E-02
3.54503083524616E-02
3.8998184295336E-03
0.020625427223775
2.78222937629591E-02
1.43463391036466E-02
2.15388186489126E-02
1.65496477638837E-02
0.017940570803651
-3.99630546481955E-03
6.5487431544696E-03
2.46202000970068E-03
1.72772022897454E-02
-1.02408506811553E-02
2.24316129474534E-02
-4.39324542156136E-04
4.48454629227066E-03
2.22346967532805E-02
1.02523943284171E-02
1.24054293523155E-02
9.72363952914174E-04
-1.56908638429573E-03
2.33402392919926E-03
8.5976185453263E-03
2.7469297083957E-03
4.08848952592273E-03
4.53677400811773E-03
2.2304690660895E-03
3.89536955949022E-03
2.03743487509778E-04
2.25016835629891E-03
2.43640321581548E-03
2.0261792892387E-03
1.18390344552404E-03
-7.12884626884104E-04
1.9255037484272E-03
2.16616065544512E-03
1.42591535086691E-03
4.22930004787596E-04
1.26589043900006E-03
1.27777576444441E-03
4.59944827134912E-04
1.56741583951771E-03
7.38292442427207E-04
8.93787742417064E-04
1.69794359786915E-03
7.95307894293273E-04
1.0144316303949E-03
-7.70964075607577E-05
9.8390306474068E-04
2.2252023143945E-04
3.26925900928081E-04
9.62925625408904E-04
-2.40254300376482E-05
2.66952204911679E-04
2.08614012934767E-04
2.1074217146669E-04
2.01828255197417E-04
1.79132431950789E-04
4.69087494527302E-05
1.09437650413686E-04
3.12141453040402E-04
1.24586463362543E-04
2.85377703534456E-05
1.67575088928904E-05
8.71813890282552E-07
-5.19531974174766E-05
-8.0942278865654E-05
-8.2178490934039E-05
-2.16146497211312E-04
-2.9053549031652E-04
-2.20742658778804E-04
-2.68632617711514E-05
-2.9241776709357E-04
-2.28664656159181E-04
-5.32632826761528E-04
-1.11741759572126E-04
-1.00648742524187E-04
-5.0075015635369E-04
-4.96477505919057E-04
-2.4742271501298E-05
-1.58963968331772E-03
-2.88637589883859E-04
-1.30544458222042E-03
-3.52388245255752E-04
-8.40610860947865E-04
-1.75072662883411E-03
-5.14727555494657E-04
-9.0785410238084E-04
-2.3265811316179E-03
2.11382133586166E-04
-2.04929319537298E-03
-1.60211217226843E-04
-1.36561799280117E-03
-5.94933058379475E-04
9.15069177262799E-05
-3.90604386881957E-03
-1.61955234586177E-03
-1.70349248036675E-03
-1.4131443257408E-03
-2.40783950125841E-03
-1.78505060568284E-03
-1.78639050137083E-03
-6.5700251051042E-03
-6.39710324044635E-03
-2.17684914535343E-03
-1.47976721089092E-03
-2.96645954075118E-03
-1.13874606348668E-03
-5.4972880668471E-04
-5.81293953455604E-03
-9.27848112930815E-03
-1.10027970775412E-02
-7.22822890541174E-03
1.53938809122733E-03
-5.53370650128909E-03
-9.36294023292362E-03
-1.42304168473709E-02
-2.21684256625504E-03
4.08425211331976E-05
-7.92757610711876E-03
-2.05091067893431E-02
-0.013778645670141
-2.52692386124966E-02
-6.54428725746069E-03
-2.44161020644342E-02
-5.24799247963862E-03
-3.36402731148084E-02
-1.08900484227941E-02
-0.044277532268592
1.53743707578982E-02
-1.80042231660948E-02
-1.83406692845775E-02
-2.84655105674838E-03
-2.34544968546409E-02
1.01449826800148E-03
-2.79048835489338E-02
-4.45735401604653E-02
-1.79519597822232E-02
-2.22354906718628E-02
8.54923887264321E-03
-3.69823242100102E-02
6.8816039054895E-03
-5.77441619860248E-02
-0.012862663710858
-0.040559896298042
-4.28186438224828E-02
2.33326199099981E-04
-2.27602796632273E-02
-2.68602544685098E-02
-2.75693999012815E-02
-4.94840782417086E-02
-3.82956014254648E-02
-4.06116681261161E-02
-4.73804575808407E-02
-1.67010501867194E-02
-0.055397888671202
-2.90724991763535E-02
-2.13307802865646E-02
-1.06695325564875E-02
-1.22005682527235E-02
-3.30980086264454E-02
-3.64608011139336E-02
-1.86207595529702E-02
-3.21193054106303E-02
-0.032040266693317
-5.74232138889608E-03
-1.70619460098074E-02
-1.49337151090415E-02
-8.1477708949637E-03
-1.08406217128087E-02
-1.30885729413812E-02
-1.77207642003838E-02
-2.67285860227334E-03
-7.57495723110798E-03
-5.58104783451787E-03
7.46832601431906E-03
-1.31869690512677E-02
-9.37391410582218E-03
-1.25507137766223E-03
-5.48905941523587E-03
-9.23790423198942E-03
-2.45308658672733E-03
-0.003419665939062
-7.79598174404016E-04
-7.10862684762483E-03
-2.72033868576784E-03
-1.54477251197412E-03
-2.32751765039755E-03
-3.8124283765906E-03
-4.87647976878936E-03
-1.37785379178812E-03
-3.05133006761928E-03
-2.60217922438467E-04
-2.48809053322018E-03
-1.36373638601033E-03
-8.99411378361837E-04
-4.0160917672359E-04
-1.66525017288914E-03
-9.78785734147672E-04
-2.12511916305337E-03
-2.07238958886656E-04
-1.50904621390241E-03
-9.22221491279004E-04
-3.77383984703965E-04
-1.36820159088871E-03
-3.11342280951504E-04
-7.31021151434948E-04
-6.14029636879213E-04
-2.4660489170835E-04
-9.48504715100329E-04
-8.36561028022995E-04
-5.61290892274212E-04
-3.45555105399232E-04
-3.7635322199661E-05
-5.56370292951634E-05
-3.1492892292883E-04
-3.34195036656916E-05
-3.12663371490918E-04
-7.00371062020218E-05
-1.38823358671508E-04
-1.06020686963807E-04
-9.94111378265925E-05
-5.5959756768344E-05
-4.99840888994519E-06
9.98223257751552E-06
5.01042830550608E-05
4.60104989020092E-05
1.53609713092565E-04
1.81139386171396E-04
1.29721516245268E-04
5.81953491820543E-05
4.14244449715756E-04
4.1831035084898E-04
7.78735500150401E-05
2.66347320835587E-04
7.03857388830983E-04
1.40845389207687E-03
7.07862511137239E-04
1.32904078594665E-03
1.05051794561853E-03
2.83435242059875E-03
1.04113781204477E-03
1.40866704198979E-03
1.53267115495759E-03
2.9225993013078E-04
2.83496692348397E-03
5.19811939716655E-04
2.3320727629527E-03
3.13502343640875E-03
0.003875890022115
1.96890065646895E-03
3.79100821498136E-03
5.70991181600373E-03
2.4723081043175E-03
4.16636806466486E-03
2.26340513803902E-03
2.96356254070057E-03
7.28435547681291E-03
4.84717040891902E-03
0.008894645462792
4.93396851125673E-03
7.14178586366742E-03
5.67994438318088E-03
1.70272060379923E-02
-2.21509942909757E-03
1.49474244480228E-02
1.56531340793803E-02
3.22747233259298E-03
1.85949731093984E-02
1.42536543751732E-02
1.76761347253304E-04
-4.2565133448023E-03
0.016962894404535
2.40186370880334E-02
4.13612504918766E-03
-4.27323858036707E-03
3.24567376514222E-02
4.85058451259951E-03
3.30771449744245E-03
3.76181840931918E-02
4.05937206261521E-02
3.14628255199962E-02
2.44880000433508E-02
4.73560744226072E-02
4.56882970815755E-02
1.38324116186586E-02
1.61267879253099E-02
1.73845813768524E-02
-4.81452307688883E-02
2.04203604861396E-02
2.91035055331727E-02
4.90473507580518E-02
4.38564053683992E-02
0.048865616716759
dMdH Data
2.869296892171E-06
-1.28926678260632E-05
1.57126104165693E-06
3.15430938421749E-06
4.39460732579687E-07
-5.74886239503516E-06
4.37768785237854E-06
-3.24155947475755E-06
4.21575092454713E-07
7.55661813526905E-07
-1.0200521967569E-07
1.56264169283074E-06
-3.93194069301408E-07
3.51319659537722E-07
4.51799725204424E-07
1.4189648561816E-06
-1.38327721011359E-06
1.40928835153007E-06
-2.31156144570453E-07
3.78496790166701E-07
1.14232916260782E-06
-1.41120954931279E-07
-2.53902479586098E-07
5.61382012713074E-07
-1.37501269169719E-07
1.16904619030747E-06
6.98530954281995E-07
1.00555845313906E-06
-2.97605305641311E-07
3.03583769270577E-07
2.86746939357282E-07
4.15757877962732E-07
3.81952615273008E-07
4.67260716562055E-07
3.5918930995085E-07
2.30032241270927E-07
5.31842824526189E-07
2.84633741051239E-07
4.06367189899514E-07
3.97693134724087E-07
4.51586772991556E-07
2.90059339395052E-07
2.35127363969517E-07
3.30092417356643E-07
3.75976649483041E-07
3.25187452792907E-07
5.5224834702049E-07
-4.5892320667002E-08
7.57566026892428E-07
3.44485379783608E-07
9.43326346170542E-08
4.77369908254382E-07
4.33418159796419E-07
4.20889329889052E-07
2.06443246511401E-07
3.32632329624082E-07
1.09175070947043E-07
4.71570882758896E-07
1.64709128755991E-07
4.11361908293107E-07
3.87971220166209E-07
1.59678380011912E-07
3.64962301281093E-07
3.77085825917709E-07
3.60120179071413E-07
2.48727919546611E-07
3.62310013366094E-07
3.72744989576274E-07
2.94534759251292E-07
3.61975746721052E-07
3.29801290664986E-07
2.61324563176979E-07
3.36015011072848E-07
2.52450331607424E-07
2.44663895508097E-07
3.09033946755307E-07
3.33883170184804E-07
2.50656982459253E-07
2.93693485968573E-07
2.56887146006259E-07
2.82885516270295E-07
2.80459369625173E-07
2.62879688234155E-07
2.87666290999293E-07
2.51033527121563E-07
2.96782906947652E-07
3.03556868657995E-07
3.20696798745375E-07
1.93210289397916E-07
3.3785058693625E-07
2.43380825030347E-07
2.31074700421548E-07
2.542067576517E-07
2.8935879885891E-07
2.62946093132295E-07
2.75922807502483E-07
2.53444310717763E-07
2.84779448376347E-07
2.05426625865368E-07
3.1660303989844E-07
3.02494203861812E-07
2.06053619246383E-07
3.02508257852089E-07
2.99417912105694E-07
2.58051934348927E-07
1.82230970460145E-07
2.93042136558987E-07
2.63492294536126E-07
3.36664519392794E-07
2.25959997669201E-07
2.11604878048854E-06
2.5376034453333E-07
2.78626181385287E-07
2.80687822042116E-07
2.36672599157343E-07
2.44292683635625E-07
3.20803377133867E-07
2.60998787177656E-07
2.5126155677578E-07
2.87867697033708E-07
2.05536099505128E-07
2.77465745631619E-07
2.74071847210444E-07
1.92910862218474E-07
3.21420962505408E-07
2.54980630125383E-07
2.60655110064293E-07
3.10457151562506E-07
2.16720108991073E-07
3.06797845504305E-07
3.04667524761114E-07
1.77546312793342E-07
3.39264852341065E-07
3.089995207799E-07
2.41397477080482E-07
3.01546643859552E-07
2.58488835173322E-07
2.95995011489571E-07
2.6178156677403E-07
2.98197464094182E-07
2.86482702950352E-07
2.23941757435849E-07
2.87565871787404E-07
3.12284773654171E-07
3.60950784254481E-07
2.01194334972324E-07
2.16144594523343E-07
3.53087573421453E-07
2.82023460229279E-07
3.46165588443572E-07
2.89634485768231E-07
1.92519803369043E-07
3.74760834040473E-07
2.04852228637107E-07
4.86111274983776E-07
3.48933946542639E-07
2.05786849884284E-07
3.0226949409618E-07
2.81693725145119E-07
2.49708883396406E-07
8.35009596951507E-07
3.19327045020606E-07
-2.10979146872031E-07
6.45457645116683E-07
5.18222655008783E-07
2.42320138436948E-07
7.34192019312678E-07
-1.38104532704415E-07
8.45355136587147E-07
2.6972670294362E-09
6.93745836525747E-07
5.44050068689971E-07
4.38717317445221E-07
2.88210297104374E-07
6.86295883859812E-07
2.59587773275301E-07
-9.00643195074163E-08
3.63750678460298E-07
6.69954553189784E-07
9.56791419365611E-07
-4.70404029912755E-07
1.04484808143574E-06
-7.08546500027955E-08
4.11877835864988E-07
1.39355090172439E-06
-3.64632542552076E-08
1.38617861385945E-07
3.37129174702405E-07
4.56404801914528E-07
1.06580377136476E-06
-2.43095941441339E-07
1.28423454392977E-06
3.42369605839063E-07
-5.96849761112932E-07
1.19131248961576E-06
2.92812001191814E-07
9.10817873410254E-07
5.30627041064697E-07
5.34303072335335E-07
7.14302813907813E-07
2.89998694748266E-07
6.24723162958978E-08
3.71936287277797E-07
1.08862748013077E-06
-2.2105939977395E-07
2.56863289672514E-07
9.41640475176326E-07
-4.58357545335006E-07
1.04532254587164E-06
-2.79157210436777E-07
6.9059983909026E-07
8.61340827859966E-07
4.17460427738794E-07
4.92824217172084E-07
1.62139288227784E-08
-5.51687736296079E-08
1.19863846735013E-06
-1.00744910528219E-07
2.8362948780756E-07
4.12078320441194E-07
1.03446335241285E-07
5.15242164159249E-07
3.47555129434324E-07
4.09169208612947E-07
4.02188572357754E-07
2.54450093578791E-07
4.03360292720965E-07
1.25472117585006E-07
6.39855984395975E-07
2.45301571109978E-07
2.76036829274639E-07
3.13445779341733E-07
4.14889917855225E-07
2.31305555212089E-07
3.62059586297792E-07
2.24219185194989E-07
3.3563960649671E-07
2.32431654016973E-07
3.09833438972655E-07
2.14144629893494E-07
3.35851327665332E-07
2.90638034801898E-07
2.21976288264987E-07
2.87664507955255E-07
3.26018711873086E-07
3.23349633029557E-07
2.39653226659956E-07
3.19705387043154E-07
1.27750311136392E-07
3.82673827805884E-07
2.61820671812217E-07
2.73337346337976E-07
2.31452576077863E-07
2.6615483670273E-07
3.2161973249815E-07
3.64784176887628E-07
2.35260014272069E-07
2.56747728268757E-07
2.84365623337003E-07
2.47463566735148E-07
2.80907647737576E-07
2.50424883629902E-07
2.60879419764279E-07
3.47776584685327E-07
2.5823915527191E-07
2.7749174965525E-07
2.68602869733879E-07
2.56154334434554E-07
2.68786543328389E-07
2.888560093179E-07
-4.0444782235143E-07
2.34828629215278E-07
2.60503823498456E-07
2.84059597214052E-07
2.16676352225015E-07
3.03756574550315E-07
2.80396723038637E-07
2.49204516840043E-07
1.68480298960442E-07
3.65057056179536E-07
2.29578140845886E-07
2.52086488226283E-07
2.37162461346512E-07
2.62351140109436E-07
2.64692024625524E-07
2.65857871121163E-07
2.73002416906127E-07
3.02000162168433E-07
2.19098303660673E-07
3.1307768904503E-07
2.97593461656351E-07
1.93928950496461E-07
2.79092860664643E-07
2.84518785854997E-07
2.87035309987256E-07
3.2285166903688E-07
2.55978433444653E-07
2.92115459011672E-07
1.98480515584805E-07
3.31636893832242E-07
2.5624673413485E-07
3.1833513586833E-07
2.38313015283711E-07
2.22440654005801E-07
3.16241589604707E-07
2.47755105899601E-07
3.59990181425439E-07
2.77853930590523E-07
3.19263181358519E-07
2.17057776704228E-07
3.96123463777228E-07
1.77643067809421E-07
5.59172591182879E-07
2.39774784468104E-07
3.59434886344847E-07
1.7112076208461E-07
7.91319006017729E-07
1.55388064948534E-07
2.59777234834749E-07
4.77549716288008E-07
3.01225818313444E-07
4.98376572218901E-07
2.9107521202336E-07
-2.22343071628526E-07
4.51156360369679E-07
2.53796795295686E-07
1.08875089261961E-07
1.03041972390965E-06
-5.87213573718778E-08
7.09793195350184E-07
3.08318582831466E-07
3.2313130252626E-07
3.86145303063363E-07
-5.12099847799081E-08
9.75321243124083E-07
6.95060948528352E-07
-3.41351144541858E-07
-5.239301513155E-09
1.2605258611133E-06
4.04134443665484E-07
2.34394080339916E-08
-4.96234893236946E-07
1.25676733705765E-06
8.24566638640373E-07
-2.79103825862751E-08
4.40741988581194E-07
-4.85115798279297E-08
1.2479940580222E-06
-2.34802984268362E-07
2.58537197676507E-07
1.93916629097576E-07
1.31135504054872E-06
5.05156948183037E-07
-1.4379564948793E-07
8.05571895393792E-07
4.28760062318368E-07
2.99350050740182E-07
3.58417171570566E-07
9.67803508275724E-07
-7.79798145990978E-07
8.76573118227071E-07
2.72181849840089E-07
4.48128789729263E-07
5.26505066868666E-07
2.28980793521668E-07
4.46408932444502E-07
2.19554556625461E-07
1.04418259867344E-06
-5.25670488503231E-08
2.57284249040472E-07
1.3400634635495E-07
5.54008595419796E-07
3.08684409453795E-07
4.15749604058948E-07
7.00379729852138E-08
5.31223712172786E-07
3.87051036767775E-07
1.09655136411121E-07
5.41668366575553E-07
1.30949083079397E-07
3.38770850389515E-07
3.41278478628574E-07
2.62759633181529E-07
2.49522556595067E-07
2.85400303523911E-07
3.08719190291291E-07
2.5588736832114E-07
3.4948389985006E-07
2.90617671305756E-07
2.8425126809407E-07
3.07954267353652E-07
2.43627230632935E-07
2.43305366906621E-07
1.96784779670928E-07
4.18309801791029E-07
2.69576295936371E-07
2.69684418002503E-07
2.85416484827325E-07
3.12959202524041E-07
2.21296073725962E-07
2.82568420960752E-07
4.0693537435871E-07
1.08999337762553E-07
2.85827601268699E-07
2.8610712364648E-07
2.95265617766018E-07
2.88288151340403E-07
2.65661728945449E-07
3.0886426038658E-07
2.23567197809754E-07
3.42318977013055E-07
1.86225808528728E-07
3.25626718753921E-07
2.7077862185049E-07
2.57465350845365E-07
1.99338827938795E-07
2.83006852281123E-07
2.77659179573775E-07
2.77088739822454E-07
3.05675891111993E-07
3.05675891111993E-07
dMdT Data
0
0
0
0
0
0
0
0
0
0
0
0
0
0
0
0
0
0
0
0
0
0
0
0
0
0
0
0
0
0
0
0
0
0
0
0
0
0
0
0
0
0
0
0
0
0
0
0
0
0
0
0
0
0
0
0
0
0
0
0
0
0
0
0
0
0
0
0
0
0
0
0
0
0
0
0
0
0
0
0
0
0
0
0
0
0
0
0
0
0
0
0
0
0
0
0
0
0
0
0
0
0
0
0
0
0
0
0
0
0
0
0
0
0
0
0
0
0
0
0
0
0
0
0
0
0
0
0
0
0
0
0
0
0
0
0
0
0
0
0
0
0
0
0
0
0
0
0
0
0
0
0
0
0
0
0
0
0
0
0
0
0
0
0
0
0
0
0
0
0
0
0
0
0
0
0
0
0
0
0
0
0
0
0
0
0
0
0
0
0
0
0
0
0
0
0
0
0
0
0
0
0
0
0
0
0
0
0
0
0
0
0
0
0
0
0
0
0
0
0
0
0
0
0
0
0
0
0
0
0
0
0
0
0
0
0
0
0
0
0
0
0
0
0
0
0
0
0
0
0
0
0
0
0
0
0
0
0
0
0
0
0
0
0
0
0
0
0
0
0
0
0
0
0
0
0
0
0
0
0
0
0
0
0
0
0
0
0
0
0
0
0
0
0
0
0
0
0
0
0
0
0
0
0
0
0
0
0
0
0
0
0
0
0
0
0
0
0
0
0
0
0
0
0
0
0
0
0
0
0
0
0
0
0
0
0
0
0
0
0
0
0
0
0
0
0
0
0
0
0
0
0
0
0
0
0
0
0
0
0
0
0
0
0
0
0
0
0
0
0
0
0
0
0
0
0
0
0
0
0
0
0
0
0
0
0
0
0
0
0
0
0
0
0
0
0
0
0
0
0
0
0
0
0
0
0
0
0
0
0
0
0
0
0
0
0
0
0
0
0
0
 
*********************************************** Results ***************************************
 
TotalArea 2.07257006837734
AreaFirstQuad 1.33617169778059
AreaSecondQuad 0.010492403165346
AreaThirdQuad 0.725070846794107
AreaFourthQuad 8.35120637309363E-04
Coercivity 11.1656690065179
PositiveCoercivity -244.173916764293
NegativeCoercivity -221.842578751257
Retentivity 6.52220129313173E-05
PositiveRetentivity 9.82909923291997E-05
NegativeRetentivity -3.21530335334348E-05
Magnetization 0.00338788395
PositiveMagnetization 0.0034409889
NegativeMagnetization -0.003334779
Flatness -0.448900772415735
Squareness 1.92515487230067E-02
SStar -5.20332208402039
SFD1 -5.55920935944674
SFD2 17.3764638452691
Slope 0
Intercept 0
SlopeAtHc 9.41640475176326E-07
dH1 73.2379606520365
dH2 194.0198438
InitialSlope 2.869296892171E-06
FieldAtHalfMs 5443.17910446234
FieldAtMs 11862.526
MomentMean 2.52288350826152E-04
MomentRMS 1.44624257396528E-03
SFD3 -13.7944389140953
dH3 165.189808051936
UserField1 0
UserField2 0
CenterField 0
ExchangeField 0
ExchangeMoment 0
ExRegionOneIntercept 0
ExRegionOneSlope 0
ExRegionTwoIntercept 0
ExRegionTwoSlope 0
NegativeIntercept 0
NegativeSlope 0
AutoCenterOffset 0
PinningField 0
PinningMoment 0
PinRegionOneIntercept 0
PinRegionOneSlope 0
PinRegionTwoIntercept 0
PinRegionTwoSlope 0
PositiveIntercept 0
PositiveSlope 0
TotalOffset 0
BHMax 0
BCoercivity 0
BRetentivity 0
BNegativeCoercivity 0
BPositiveCoercivity 0
BNegativeRetentivity 0
BPositiveRetentivity 0
MomentYMean 2.66047368479834E-06
MomentYRMS 2.05889992735814E-06
YOffCorrection 0
Mrt 0
Ms1 0
Ms2 0
Ms3 0
Hc2 0
Hex2 0
HsatValue 0
HsatIntercept 0
HsatSlope 0
CenterH 0
Span .0067757679
SpanAsPercentOfRange -105.8713734375
RMSAsPercentOfRange -22.5975402182074
SpanAsPercentOfMean 2685.72364828255
RMSAsPercentOfMean 573.249842582648
