Version 1.25
******************************************** Units *******************************************
System CGS
TemperatureUnit C
MomentUnit emu
AppliedFieldUnit Oe
 
******************************************** Setup ********************************************
 
Experiment CustomField
Minor False
Acquisition Continuous
EditedPoint No
MaxField 12000
FieldIncrement 114.285714285714
Points 421
MinField 0
RampRate 11.4285714285714
AverageTime 10
TimeInterval 0
TimeConstant 0.1
TimeConstantIndex 0
Sensitivity -0.0064
SensitivityIndex 5
SensitivityY -0.004
SensitivityIndexY 5
SaturationField 8000
ExperimentTime 4210
Use735Domains False
AutoRangeEnabled False
NumberOfVertices 20
VertexPts
0
10
30
50
70
110
150
160
180
200
220
230
270
310
320
340
360
370
380
420
VertexField
-5
5
100
500
1000
12000
1000
500
100
-100
-500
-1000
-12000
-1000
-500
-100
100
500
1000
12000
StartAngle 0
EndAngle 0
AngleIncrement 0
StartTemp 0
FinishTemp 0
TempIncrement 0
TempPoints 0
LengthofSetPointsArray 421
SetPointArray
-5
-4
-3
-2
-1
0
1
2
3
4
5
9.75
14.5
19.25
24
28.75
33.5
38.25
43
47.75
52.5
57.25
62
66.75
71.5
76.25
81
85.75
90.5
95.25
100
120
140
160
180
200
220
240
260
280
300
320
340
360
380
400
420
440
460
480
500
525
550
575
600
625
650
675
700
725
750
775
800
825
850
875
900
925
950
975
1000
1275
1550
1825
2100
2375
2650
2925
3200
3475
3750
4025
4300
4575
4850
5125
5400
5675
5950
6225
6500
6775
7050
7325
7600
7875
8150
8425
8700
8975
9250
9525
9800
10075
10350
10625
10900
11175
11450
11725
12000
11725
11450
11175
10900
10625
10350
10075
9800
9525
9250
8975
8700
8425
8150
7875
7600
7325
7050
6775
6500
6225
5950
5675
5400
5125
4850
4575
4300
4025
3750
3475
3200
2925
2650
2375
2100
1825
1550
1275
1000
950
900
850
800
750
700
650
600
550
500
480
460
440
420
400
380
360
340
320
300
280
260
240
220
200
180
160
140
120
100
90
80
70
60
50
40
30
20
10
0
-10
-20
-30
-40
-50
-60
-70
-80
-90
-100
-120
-140
-160
-180
-200
-220
-240
-260
-280
-300
-320
-340
-360
-380
-400
-420
-440
-460
-480
-500
-550
-600
-650
-700
-750
-800
-850
-900
-950
-1000
-1275
-1550
-1825
-2100
-2375
-2650
-2925
-3200
-3475
-3750
-4025
-4300
-4575
-4850
-5125
-5400
-5675
-5950
-6225
-6500
-6775
-7050
-7325
-7600
-7875
-8150
-8425
-8700
-8975
-9250
-9525
-9800
-10075
-10350
-10625
-10900
-11175
-11450
-11725
-12000
-11725
-11450
-11175
-10900
-10625
-10350
-10075
-9800
-9525
-9250
-8975
-8700
-8425
-8150
-7875
-7600
-7325
-7050
-6775
-6500
-6225
-5950
-5675
-5400
-5125
-4850
-4575
-4300
-4025
-3750
-3475
-3200
-2925
-2650
-2375
-2100
-1825
-1550
-1275
-1000
-950
-900
-850
-800
-750
-700
-650
-600
-550
-500
-480
-460
-440
-420
-400
-380
-360
-340
-320
-300
-280
-260
-240
-220
-200
-180
-160
-140
-120
-100
-90
-80
-70
-60
-50
-40
-30
-20
-10
0
10
20
30
40
50
60
70
80
90
100
140
180
220
260
300
340
380
420
460
500
550
600
650
700
750
800
850
900
950
1000
1275
1550
1825
2100
2375
2650
2925
3200
3475
3750
4025
4300
4575
4850
5125
5400
5675
5950
6225
6500
6775
7050
7325
7600
7875
8150
8425
8700
8975
9250
9525
9800
10075
10350
10625
10900
11175
11450
11725
12000
FieldDomainFile C:\IDEASVSM\Default UserID\Experiments\HysCoFe2O4_Completa\fdomain.ini
TempDomainFile C:\IDEASVSM\Default UserID\Experiments\HysCoFe2O4_Completa\tdomain.ini
NumSelectedResults 0
ResultsSelected 
UserName1 
UserValue1 
UserName2 
UserValue2 
LinearBackgroundCorrection Off
MaxLinearFieldCorrection 
MinLinearFieldCorrection 
AutoLinearCorrection Off
FitOneRegion Off
BackgroundMode Off
BackgroundFilename 
AutoCenter Off
OffsetCorrection 
SmoothDeriv Off
DerivOrder 0
DerivPoints 0
MinExFieldOne 
MaxExFieldOne 
MinExFieldTwo 
MaxExFieldTwo 
MinPinFieldOne 
MaxPinFieldOne 
MinPinFieldTwo 
MaxPinFieldTwo 
HCenterStart 
Mass 
Volume 
Density 
MolarWeight 
NumberOfMoles 
Demagnetization 
SampleArea 
Thickness 
MomentScaling 0
XAxis 0
YAxis 0
SimpleSpinValve False
HsatMax 0
HsatMin 0
FieldAutoRange False
 
*************************************************** Experiment Data ********************************************
 
DataPoints 421
MomentX Data
0.00017834586
0.00018412112
0.00018415277
0.0001776329
0.00017369479
0.00017873287
0.00018223891
0.00018209945
0.00018125855
0.00018564853
0.0001838205
0.00018086814
0.00018131435
0.0001855849
0.00018571168
0.00018496082
0.00019244871
0.00019190924
0.00019174229
0.00019812986
0.00019803369
0.00019818452
0.0001980884
0.00019777685
0.00020218495
0.00020525583
0.00020398952
0.00020798034
0.00021439336
0.00020730289
0.00021663766
0.00022108015
0.00022857434
0.00023433978
0.000236881
0.00024478727
0.00025200563
0.00025676658
0.00027486854
0.00027559863
0.00028368846
0.00029218672
0.00030293472
0.00030453998
0.00031514943
0.00032605421
0.00032822424
0.00033535983
0.00034147677
0.00035343504
0.0003523656
0.00036686197
0.00037025039
0.00038011028
0.00038921413
0.00039818556
0.00040473024
0.00041658129
0.00041860385
0.00043498345
0.00043776707
0.00044852781
0.00045816024
0.00046434811
0.00046996112
0.0004813012
0.00048614575
0.00049284476
0.00050298102
0.00050790145
0.00051690874
0.00055449017
0.00064272412
0.00072130092
0.00079773793
0.00087878881
0.00096385378
0.0010463304
0.0011151143
0.001193803
0.001265428
0.0013472346
0.0014157133
0.001496179
0.0015756781
0.0016447914
0.001715963
0.0017933059
0.0018806766
0.0019520748
0.002039035
0.002107066
0.0021728123
0.0022514758
0.0023297716
0.0024025257
0.0024855806
0.0025460796
0.0026409776
0.0027087638
0.002773778
0.0028533206
0.0029106226
0.0029784598
0.0030634025
0.0031393672
0.0031928514
0.0032694455
0.0033375162
0.0034121999
0.0035013785
0.0034917018
0.0034321753
0.0033661548
0.0032838101
0.0032090436
0.0031295011
0.0030587192
0.0029879146
0.0029236562
0.0028617619
0.0027881216
0.0026850536
0.0026168017
0.0025455675
0.0024789616
0.002407276
0.0023406138
0.0022532302
0.0021811184
0.002121034
0.0020291597
0.0019624307
0.0018986057
0.001817657
0.0017296001
0.0016467943
0.0015852376
0.0015000293
0.0014271162
0.0013420925
0.0012810432
0.0011926374
0.0011298934
0.0010487553
0.00096428469
0.00088569479
0.00081697299
0.00073197283
0.00065051614
0.00058178715
0.00050970316
0.0004994453
0.00048454254
0.00046012239
0.00046413084
0.00042762072
0.00042314069
0.00040606271
0.00039516162
0.00035547142
0.00035528065
0.000353824
0.00033980975
0.00033302616
0.00032668227
0.00031242656
0.00031239085
0.00030559999
0.00029248754
0.00028787316
0.00028552711
0.00027390322
0.00027691804
0.0002608558
0.00024376886
0.0002474583
0.0002318446
0.00022698232
0.00021668244
0.00020399576
0.00020076509
0.00020163108
0.00018360288
0.00019172629
0.00019049028
0.00017108569
0.00016864497
0.00016730669
0.00015945222
0.00016470276
0.00016001339
0.00015286975
0.00014599894
0.00014363317
0.00013298035
0.00014101225
0.00012798154
0.00012260401
0.00012034494
0.0001198738
0.00010280711
0.00010087759
0.00009560271
0.00008380884
0.000078676862
0.000069471065
0.000054772049
0.000060323487
0.000049025828
0.000032303053
0.000022394328
0.000023665518
0.0000065218197
-0.00000049001071
-0.0000056200595
-0.000010340493
-0.000012533888
-0.000016101889
-0.000034902397
-0.000040510904
-0.000057552165
-0.000061804282
-0.000099090782
-0.0001020723
-0.00011569371
-0.00013175898
-0.00014651785
-0.00017680836
-0.00017833692
-0.00021922286
-0.00024765231
-0.00033630542
-0.0004264285
-0.0005108874
-0.00056558769
-0.0006553013
-0.00074572694
-0.00083695585
-0.00090118474
-0.00098617006
-0.0010730708
-0.0011369783
-0.0012199999
-0.0013069536
-0.00138899
-0.0014511072
-0.0015598476
-0.0016271802
-0.0016783242
-0.0017641662
-0.0018344751
-0.0019305618
-0.0019889492
-0.0020728436
-0.002158627
-0.0022225454
-0.0023134895
-0.0023821629
-0.0024654124
-0.0025474906
-0.0026028274
-0.0026998514
-0.0027634336
-0.0028548931
-0.0029017833
-0.0029618086
-0.0030593868
-0.0031303008
-0.0032266603
-0.003286382
-0.0032952741
-0.0032272666
-0.0031561065
-0.0030848342
-0.003013479
-0.0029300527
-0.0028684062
-0.0027824506
-0.002716927
-0.0026544708
-0.0025894801
-0.0025012479
-0.0024351296
-0.0023536987
-0.0022883114
-0.0022130095
-0.0021487874
-0.0020724721
-0.0019815439
-0.0019072489
-0.0018493414
-0.0017625691
-0.0016949623
-0.0016297905
-0.0015359502
-0.0014693565
-0.0013838261
-0.0013215902
-0.001233635
-0.0011588267
-0.0010869318
-0.00098791643
-0.00092586735
-0.00085439438
-0.0007731379
-0.00068414303
-0.00061033591
-0.00054003095
-0.00045781294
-0.00035512768
-0.00032395513
-0.00030412264
-0.00029887452
-0.00027366063
-0.0002527593
-0.00024451428
-0.00021380847
-0.00020503419
-0.00018078308
-0.00017554299
-0.00017134207
-0.00015239786
-0.00014244199
-0.0001291502
-0.00012951215
-0.00012820067
-0.00011102434
-0.00010548495
-0.00010395952
-0.00010408456
-0.000087399602
-0.000072657608
-0.000075238558
-0.000071358478
-0.000058589192
-0.00005236102
-0.000031660123
-0.000026176994
-0.000029924262
-0.0000018738366
-0.000012016746
-0.0000043321466
0.0000016737748
-0.0000030405734
0.000011681509
0.000015349762
0.000017342173
0.000019344338
0.000020183257
0.000023646226
0.0000367869
0.000033962843
0.000040377305
0.000037211835
0.000042188429
0.000049735901
0.000059086253
0.000065936547
0.000067090953
0.000071061136
0.000073808472
0.00011188426
0.00010405109
0.00012626978
0.00015321638
0.00016025843
0.0001795365
0.00018204975
0.00020092218
0.00020210943
0.00022804118
0.00025873725
0.00027101789
0.00028059794
0.00030048475
0.00033034422
0.0003351912
0.00035458771
0.00036480381
0.00038013017
0.00044402135
0.00051841917
0.00059018383
0.00067341853
0.00076521073
0.00084146352
0.00090857947
0.0010074447
0.0010950574
0.0011717591
0.0012095077
0.0013120294
0.0013986551
0.001463257
0.001525171
0.0016307832
0.0017093253
0.0017806077
0.0018572633
0.0019323562
0.0020149815
0.0020979536
0.0021613831
0.0022303062
0.00230939
0.0023910998
0.002482954
0.0025546656
0.0026404856
0.0026977016
0.0027795386
0.0028580361
0.0029385376
0.0029948546
0.0030710951
0.0031476726
0.003213599
0.0032903063
0.0033643262
0.0034670162
MomentY Data
0.0000026821136
0.00000075780389
0.0000015304279
0.0000031660174
0.000003033409
0.0000026625918
0.0000029039906
0.000004047775
0.0000082144639
0.0000028958129
0.0000015359925
0.00000090197558
0.0000030307149
0.0000018608712
0.0000029452847
0.0000001334238
0.0000022815322
0.0000033029842
0.00000091810215
0.0000021613072
0.0000013672733
0.00000077700137
0.0000027712201
0.00000048333159
0.0000038506268
0.0000022037219
0.0000022757291
0.0000058575485
0.0000034654616
0.0000039415311
0.0000019893932
0.00000031465045
0.0000050959298
0.0000011031389
0.00000082319251
0.0000053057143
0.0000033327054
0.0000013104343
0.0000032408331
-0.0000013851928
0.0000033885573
0.0000034600208
0.0000025264692
0.00000059296605
0.0000011056805
0.0000041810606
0.0000042805193
0.0000045702742
0.0000014056777
0.0000058417603
0.0000023773192
0.0000012441301
0.0000023819446
0.0000037561415
0.0000028972338
-0.00000012162687
0.0000038157223
0.0000037056873
0.0000010166263
0.0000062210557
0.00000086782927
0.0000024369953
0.0000021850156
0.0000029338169
0.00000685626
0.0000021147536
0.000000069913896
0.0000017317771
0.0000012781667
0.0000026791286
0.0000039694498
0.0000057774875
0.0000048031567
0.000001216135
0.0000024434375
0.0000018834782
0.0000038375137
0.000002202444
0.0000041747473
0.0000072733542
0.00000099162095
0.0000023807191
0.00000019693847
0.000005627341
-0.00000020876406
0.0000037863444
0.0000014320898
-0.00000062106134
0.0000046721171
-0.00000084863656
-0.00000090206148
0.0000026880024
0.0000018408966
0.0000006368446
0.0000037930487
0.0000036955117
-0.0000012672758
0.0000016094017
0.0000024456596
0.0000050190876
0.0000028200101
0.0000048248909
0.0000035609768
-0.0000013985586
0.0000036496065
0.0000011806297
0.0000017550372
0.000003706579
0.0000026180027
-0.00000015275963
0.0000015637349
0.00000027211186
0.0000047733162
0.0000042033241
0.000001675639
0.0000016520547
0.0000027537726
0.0000025687073
0.0000044054125
0.00000097618579
0.000006523647
0.0000035535382
0.0000022677706
0.000000029792746
0.000002314391
0.00000054733276
0.000004494786
0.0000037943028
0.0000031991624
0.0000042126463
0.0000054667327
0.0000028741358
0.00000034938335
0.0000011389732
0.0000041847704
0.00000089177132
0.00000067899225
0.00000024380689
0.0000025897645
0.00000116405
0.0000015352153
0.0000036962746
0.0000030031728
0.000005056896
0.0000020434283
0.0000040885828
0.0000052047155
0.0000013700818
0.0000036497639
-0.00000075951097
0.0000019460391
0.0000042299697
0.0000017182016
0.00000055721759
-0.0000011537743
0.000004570956
0.0000041269443
0.00000015419009
0.0000057570216
0.0000045630406
0.0000026094722
0.0000058191535
0.0000038126229
0.0000035639045
0.000001016922
-0.0000039979647
0.0000049504802
0.0000021233081
-0.00000052749631
0.00000057529924
0.00000093291757
0.0000009341764
0.0000012957524
0.0000019270371
0.0000026903819
0.0000047355841
0.0000010511493
0.0000058007428
0.00000023126122
0.0000008174896
0.0000012300348
0.0000020421456
0.0000041373394
0.0000010438776
0.000003559675
0.0000027562378
0.0000032071351
0.0000045269964
0.0000021499728
0.00000048574922
-0.0000005439567
0.0000060603139
0.0000009414863
0.0000047137115
0.0000051805208
0.0000058961104
0.000006878533
0.0000013236093
0.0000023244761
0.0000037955044
0.0000023693036
0.0000035735225
-0.0000012668418
0.0000019226645
0.0000023924588
0.0000051145409
-0.0000013639497
0.0000010573721
0.0000076117846
-0.00000098287573
0.0000078597447
0.00000036818499
0.0000014412212
0.0000031271122
0.0000019595145
0.0000046663664
0.0000020238971
0.0000018038558
-0.000000080261202
0.000002735052
0.000003703966
0.0000047021387
0.0000021173
0.0000010485601
0.0000037058113
0.000007541823
0.0000057347581
0.0000048691891
0.0000011690997
0.00000011983396
0.0000035407828
0.0000022815179
0.0000031565665
0.0000001895332
-0.0000020634555
0.0000010609817
0.0000018844508
0.0000033104991
0.0000020689058
0.0000036150168
0.0000024308632
0.0000067396018
0.0000040309236
-0.0000014420271
-0.00000077847476
0.0000018778133
0.0000021318816
0.0000031011675
0.0000005375337
0.000001025691
0.0000074547049
0.0000018942021
0.0000038881634
-0.0000015036725
0.000001954503
-0.00000078734871
-0.0000023796271
0.0000012451267
0.0000020241355
0.0000089197155
0.0000025701713
0.00000094664091
0.0000039749669
0.0000015181732
0.0000019423103
0.0000046338604
-0.0000011745978
0.0000025629329
-0.0000018190479
0.0000039652965
0.00000011731146
0.00000068460458
0.0000013820886
0.00000667438
0.0000047940252
0.0000023258018
0.0000038347863
0.00000020194528
0.0000029963111
0.000003615198
0.0000036720084
-0.00000021103382
0.00000055099964
0.0000018613338
0.0000022809123
0.0000039854525
0.00000056873321
-0.00000032768244
0.0000036475991
0.0000036396454
0.0000056091544
-0.0000033915184
0.0000077902314
0.0000020319174
0.0000055312488
-0.0000020676231
0.0000032507609
0.0000048250196
-0.00000035194876
-0.00000043241974
0.0000039274023
0.0000067099806
0.0000036818836
0.0000023738621
0.0000038184069
0.000001750059
0.0000039605472
0.0000025298785
0.0000033966349
0.0000041339967
0.0000068917701
0.0000015354156
0.0000070710084
-0.00000014237879
0.0000024575852
0.0000013846349
0.0000037638091
0.0000027948998
0.0000021921682
0.000002740364
0.0000046192597
0.0000043092011
0.0000039874457
0.0000037213991
0.0000060912892
0.0000047943114
0.0000032550763
-0.0000027670764
0.00000013276581
0.0000051016186
0.0000011792183
0.0000054166363
0.000003551998
0.0000044936131
0.0000028489303
0.000004397516
0.0000065784452
0.0000018510914
0.000001524477
-0.00000068167213
0.0000047284839
0.0000031549119
0.0000022348594
0.0000020214032
0.0000030782459
0.000003314247
0.0000043939589
0.00000082957739
0.0000025145339
0.0000010375738
0.0000046097945
0.0000032011555
-0.0000027600622
0.000002061591
0.0000050953767
0.0000013013696
0.0000034570263
0.0000035201834
0.0000022858142
0.0000047109411
0.0000042895553
0.0000023843145
0.0000027229976
0.0000014818906
0.00000084008217
-0.00000068075654
0.0000015146112
0.0000042297027
0.0000023719167
0.0000054449651
0.0000049881647
0.0000056430767
0.0000009448385
0.0000021028232
0.0000058136985
0.0000015366792
0.0000024524402
0.0000032755374
0.0000055168865
0.0000027476167
0.0000006207323
0.0000021229076
0.0000028257989
0.0000048541305
0.0000057037113
0.0000028198384
0.0000025040244
0.0000027257871
0.0000031828783
0.0000020369338
0.0000072760293
0.0000037382076
0.00000078668107
0.0000033875941
0.0000017251062
0.0000069420144
0.0000022715758
0.0000017782592
0.0000030704639
0.00000032673355
0.0000038557289
0.0000036563442
0.0000058010433
0.00000047010418
0.0000011338186
0.0000036263655
0.0000025599955
-0.0000013265038
0.0000056463573
0.0000024221229
0.0000032503031
0.00000045099732
0.0000030312823
0.000007448611
0.00000017908568
0.0000024834965
0.0000023345184
0.0000018876409
-0.0000018062496
0.0000050693463
0.0000043608044
Field Data
-4.5469018
-3.6255534
-2.7143841
-1.8073274
-0.89708337
0.011719623
0.91932611
1.8388584
2.7573599
3.6794691
4.5839523
7.17196
11.920627
16.6728
21.402707
26.171522
30.918085
35.66813
40.446027
45.211671
49.965578
54.71903
59.412085
64.219997
68.967158
73.719931
78.463693
83.202738
87.960488
92.703001
97.425283
109.49854
129.50207
149.50154
169.48652
189.49779
209.48916
229.49575
249.50472
269.49882
289.48103
309.48274
329.47932
349.48269
369.47554
389.47115
409.46579
429.46692
449.45686
469.4589
489.4507
511.71451
536.72203
561.73111
586.73231
611.72625
636.73234
661.97719
687.01678
712.23486
737.23159
762.23712
787.40842
812.48517
837.48185
862.47484
887.48019
912.48115
937.49539
962.48215
987.48909
1125.9031
1400.7274
1675.7394
1950.7633
2225.7604
2500.7518
2775.736
3050.7107
3325.6951
3600.6852
3875.7371
4153.3713
4428.325
4703.3032
4978.3027
5254.9878
5530.9873
5805.944
6080.9384
6355.9019
6630.8727
6905.856
7180.8115
7455.7642
7730.7401
8005.6996
8280.6584
8555.5838
8830.5142
9105.4288
9380.3108
9655.1851
9930.0636
10204.903
10479.75
10754.571
11029.366
11304.191
11578.963
11853.697
11860.539
11585.066
11309.531
11034.15
10758.813
10483.519
10208.276
9933.0478
9656.1426
9379.4913
9102.089
8827.0029
8551.9165
8276.8426
8001.7942
7726.7606
7451.7274
7174.6304
6898.9221
6623.9089
6348.8453
6073.8346
5798.826
5523.7964
5248.7614
4973.7526
4698.7266
4423.6916
4148.6754
3873.6445
3598.6342
3323.6113
3048.5678
2772.4579
2495.8053
2220.7886
1945.7654
1670.7613
1395.7496
1121.2529
976.29218
926.30983
876.31026
826.18785
775.80486
725.8131
675.79661
625.80931
575.43166
525.3053
490.75623
470.78918
450.78606
430.78918
410.80303
390.79408
370.80094
350.81331
330.82066
310.8197
290.62929
270.63237
250.63597
230.63884
210.64837
190.64958
170.65971
150.66173
130.65438
110.67075
95.798818
85.853197
75.854457
65.845165
55.837516
45.855344
35.861288
25.813156
15.745331
5.7518954
-4.2472195
-14.231394
-24.24631
-34.243119
-44.243584
-54.248896
-64.242465
-74.243137
-84.239453
-94.228141
-108.50784
-128.48977
-148.6823
-168.69383
-188.6797
-208.68608
-228.68333
-248.67606
-268.6738
-288.66374
-308.6538
-328.66592
-348.66094
-368.65133
-388.64484
-408.64782
-428.6339
-448.62929
-468.63236
-488.62513
-521.24973
-571.15787
-621.29598
-671.64506
-721.6582
-771.92475
-822.15149
-872.1504
-922.16021
-972.15176
-1127.5564
-1404.9517
-1679.9393
-1954.9351
-2229.8983
-2504.8839
-2779.8996
-3054.8595
-3329.8736
-3604.8298
-3879.8283
-4154.785
-4429.783
-4704.7562
-4979.7306
-5254.7303
-5529.6999
-5804.6839
-6079.6516
-6354.6214
-6629.5895
-6904.5665
-7179.5589
-7454.5187
-7729.4799
-8004.4356
-8279.3816
-8554.303
-8829.2586
-9104.1491
-9379.0569
-9653.9492
-9928.8205
-10203.66
-10478.479
-10753.308
-11028.128
-11302.882
-11577.666
-11852.366
-11867.704
-11592.224
-11316.725
-11041.319
-10765.995
-10490.721
-10215.45
-9940.2214
-9665.0531
-9389.8968
-9114.7758
-8839.6817
-8564.6013
-8289.538
-8014.4741
-7739.4284
-7464.3946
-7189.3746
-6914.3462
-6639.3216
-6364.2776
-6089.2684
-5814.2405
-5539.2254
-5264.1856
-4989.1595
-4714.1285
-4439.1196
-4164.086
-3889.0866
-3614.0324
-3339.0134
-3064.0125
-2788.9945
-2513.972
-2238.9388
-1963.9684
-1688.9335
-1413.932
-1138.9413
-977.05917
-927.11584
-877.12384
-827.11824
-776.86717
-726.61985
-676.62441
-626.36268
-576.11713
-526.12419
-490.98359
-470.99729
-451.00894
-431.01501
-411.01624
-391.01966
-371.03363
-351.02204
-331.03764
-311.03952
-291.04883
-271.05485
-251.0611
-231.06283
-211.0626
-191.06611
-171.0731
-151.07477
-131.08176
-111.09764
-96.306861
-86.323424
-76.323939
-66.319231
-56.312175
-46.227778
-36.226901
-26.22545
-16.231711
-6.231465
3.7743814
13.767836
23.78046
33.767329
43.770754
53.73954
63.750845
73.765339
83.792133
93.906249
117.41233
157.37248
197.37428
237.37578
277.37272
317.35867
357.35392
397.35648
437.34948
477.35498
521.26821
571.23742
621.24483
671.24102
721.23935
771.24717
821.2328
871.24077
921.23773
971.23384
1128.7931
1403.7729
1678.7453
1953.7189
2228.7144
2503.7182
2778.685
3053.6825
3328.6495
3603.6676
3878.6444
4153.6305
4428.6075
4704.416
4981.312
5256.2852
5531.2577
5806.2352
6081.2152
6356.1906
6631.159
6907.7259
7183.8432
7458.8289
7733.7982
8008.7562
8283.6865
8558.6474
8833.5719
9108.467
9383.3772
9658.2569
9933.1337
10207.978
10482.799
10757.588
11032.419
11307.188
11581.926
11856.68
Time Data
0
10
20
30
40
50
60
70
80
90
100
110
120
130
140
150
160
170
180
190
200
210
220
230
240
250
260
270
280
290
300
310
320
330
340
350
360
370
380
390
400
410
420
430
440
450
460
470
480
490
500
510
520
530
540
550
560
570
580
590
600
610
620
630
640
650
660
670
680
690
700
710
720
730
740
750
760
770
780
790
800
810
820
830
840
850
860
870
880
890
900
910
920
930
940
950
960
970
980
990
1000
1010
1020
1030
1040
1050
1060
1070
1080
1090
1100
1110
1120
1130
1140
1150
1160
1170
1180
1190
1200
1210
1220
1230
1240
1250
1260
1270
1280
1290
1300
1310
1320
1330
1340
1350
1360
1370
1380
1390
1400
1410
1420
1430
1440
1450
1460
1470
1480
1490
1500
1510
1520
1530
1540
1550
1560
1570
1580
1590
1600
1610
1620
1630
1640
1650
1660
1670
1680
1690
1700
1710
1720
1730
1740
1750
1760
1770
1780
1790
1800
1810
1820
1830
1840
1850
1860
1870
1880
1890
1900
1910
1920
1930
1940
1950
1960
1970
1980
1990
2000
2010
2020
2030
2040
2050
2060
2070
2080
2090
2100
2110
2120
2130
2140
2150
2160
2170
2180
2190
2200
2210
2220
2230
2240
2250
2260
2270
2280
2290
2300
2310
2320
2330
2340
2350
2360
2370
2380
2390
2400
2410
2420
2430
2440
2450
2460
2470
2480
2490
2500
2510
2520
2530
2540
2550
2560
2570
2580
2590
2600
2610
2620
2630
2640
2650
2660
2670
2680
2690
2700
2710
2720
2730
2740
2750
2760
2770
2780
2790
2800
2810
2820
2830
2840
2850
2860
2870
2880
2890
2900
2910
2920
2930
2940
2950
2960
2970
2980
2990
3000
3010
3020
3030
3040
3050
3060
3070
3080
3090
3100
3110
3120
3130
3140
3150
3160
3170
3180
3190
3200
3210
3220
3230
3240
3250
3260
3270
3280
3290
3300
3310
3320
3330
3340
3350
3360
3370
3380
3390
3400
3410
3420
3430
3440
3450
3460
3470
3480
3490
3500
3510
3520
3530
3540
3550
3560
3570
3580
3590
3600
3610
3620
3630
3640
3650
3660
3670
3680
3690
3700
3710
3720
3730
3740
3750
3760
3770
3780
3790
3800
3810
3820
3830
3840
3850
3860
3870
3880
3890
3900
3910
3920
3930
3940
3950
3960
3970
3980
3990
4000
4010
4020
4030
4040
4050
4060
4070
4080
4090
4100
4110
4120
4130
4140
4150
4160
4170
4180
4190
4200
Temperature Data
0
0
0
0
0
0
0
0
0
0
0
0
0
0
0
0
0
0
0
0
0
0
0
0
0
0
0
0
0
0
0
0
0
0
0
0
0
0
0
0
0
0
0
0
0
0
0
0
0
0
0
0
0
0
0
0
0
0
0
0
0
0
0
0
0
0
0
0
0
0
0
0
0
0
0
0
0
0
0
0
0
0
0
0
0
0
0
0
0
0
0
0
0
0
0
0
0
0
0
0
0
0
0
0
0
0
0
0
0
0
0
0
0
0
0
0
0
0
0
0
0
0
0
0
0
0
0
0
0
0
0
0
0
0
0
0
0
0
0
0
0
0
0
0
0
0
0
0
0
0
0
0
0
0
0
0
0
0
0
0
0
0
0
0
0
0
0
0
0
0
0
0
0
0
0
0
0
0
0
0
0
0
0
0
0
0
0
0
0
0
0
0
0
0
0
0
0
0
0
0
0
0
0
0
0
0
0
0
0
0
0
0
0
0
0
0
0
0
0
0
0
0
0
0
0
0
0
0
0
0
0
0
0
0
0
0
0
0
0
0
0
0
0
0
0
0
0
0
0
0
0
0
0
0
0
0
0
0
0
0
0
0
0
0
0
0
0
0
0
0
0
0
0
0
0
0
0
0
0
0
0
0
0
0
0
0
0
0
0
0
0
0
0
0
0
0
0
0
0
0
0
0
0
0
0
0
0
0
0
0
0
0
0
0
0
0
0
0
0
0
0
0
0
0
0
0
0
0
0
0
0
0
0
0
0
0
0
0
0
0
0
0
0
0
0
0
0
0
0
0
0
0
0
0
0
0
0
0
0
0
0
0
0
0
0
0
0
0
0
0
0
0
0
0
0
0
0
0
0
0
0
0
0
0
0
0
0
0
0
0
0
0
0
0
0
0
0
0
0
0
0
0
0
0
0
0
0
0
0
0
0
0
0
0
0
0
0
0
0
0
0
Angle Data
0
0
0
0
0
0
0
0
0
0
0
0
0
0
0
0
0
0
0
0
0
0
0
0
0
0
0
0
0
0
0
0
0
0
0
0
0
0
0
0
0
0
0
0
0
0
0
0
0
0
0
0
0
0
0
0
0
0
0
0
0
0
0
0
0
0
0
0
0
0
0
0
0
0
0
0
0
0
0
0
0
0
0
0
0
0
0
0
0
0
0
0
0
0
0
0
0
0
0
0
0
0
0
0
0
0
0
0
0
0
0
0
0
0
0
0
0
0
0
0
0
0
0
0
0
0
0
0
0
0
0
0
0
0
0
0
0
0
0
0
0
0
0
0
0
0
0
0
0
0
0
0
0
0
0
0
0
0
0
0
0
0
0
0
0
0
0
0
0
0
0
0
0
0
0
0
0
0
0
0
0
0
0
0
0
0
0
0
0
0
0
0
0
0
0
0
0
0
0
0
0
0
0
0
0
0
0
0
0
0
0
0
0
0
0
0
0
0
0
0
0
0
0
0
0
0
0
0
0
0
0
0
0
0
0
0
0
0
0
0
0
0
0
0
0
0
0
0
0
0
0
0
0
0
0
0
0
0
0
0
0
0
0
0
0
0
0
0
0
0
0
0
0
0
0
0
0
0
0
0
0
0
0
0
0
0
0
0
0
0
0
0
0
0
0
0
0
0
0
0
0
0
0
0
0
0
0
0
0
0
0
0
0
0
0
0
0
0
0
0
0
0
0
0
0
0
0
0
0
0
0
0
0
0
0
0
0
0
0
0
0
0
0
0
0
0
0
0
0
0
0
0
0
0
0
0
0
0
0
0
0
0
0
0
0
0
0
0
0
0
0
0
0
0
0
0
0
0
0
0
0
0
0
0
0
0
0
0
0
0
0
0
0
0
0
0
0
0
0
0
0
0
0
0
0
0
0
0
0
0
0
0
0
0
0
0
0
0
0
0
0
Bx Data
0
0
0
0
0
0
0
0
0
0
0
0
0
0
0
0
0
0
0
0
0
0
0
0
0
0
0
0
0
0
0
0
0
0
0
0
0
0
0
0
0
0
0
0
0
0
0
0
0
0
0
0
0
0
0
0
0
0
0
0
0
0
0
0
0
0
0
0
0
0
0
0
0
0
0
0
0
0
0
0
0
0
0
0
0
0
0
0
0
0
0
0
0
0
0
0
0
0
0
0
0
0
0
0
0
0
0
0
0
0
0
0
0
0
0
0
0
0
0
0
0
0
0
0
0
0
0
0
0
0
0
0
0
0
0
0
0
0
0
0
0
0
0
0
0
0
0
0
0
0
0
0
0
0
0
0
0
0
0
0
0
0
0
0
0
0
0
0
0
0
0
0
0
0
0
0
0
0
0
0
0
0
0
0
0
0
0
0
0
0
0
0
0
0
0
0
0
0
0
0
0
0
0
0
0
0
0
0
0
0
0
0
0
0
0
0
0
0
0
0
0
0
0
0
0
0
0
0
0
0
0
0
0
0
0
0
0
0
0
0
0
0
0
0
0
0
0
0
0
0
0
0
0
0
0
0
0
0
0
0
0
0
0
0
0
0
0
0
0
0
0
0
0
0
0
0
0
0
0
0
0
0
0
0
0
0
0
0
0
0
0
0
0
0
0
0
0
0
0
0
0
0
0
0
0
0
0
0
0
0
0
0
0
0
0
0
0
0
0
0
0
0
0
0
0
0
0
0
0
0
0
0
0
0
0
0
0
0
0
0
0
0
0
0
0
0
0
0
0
0
0
0
0
0
0
0
0
0
0
0
0
0
0
0
0
0
0
0
0
0
0
0
0
0
0
0
0
0
0
0
0
0
0
0
0
0
0
0
0
0
0
0
0
0
0
0
0
0
0
0
0
0
0
0
0
0
0
0
0
0
0
0
0
0
0
0
0
0
0
0
0
Hint Data
0
0
0
0
0
0
0
0
0
0
0
0
0
0
0
0
0
0
0
0
0
0
0
0
0
0
0
0
0
0
0
0
0
0
0
0
0
0
0
0
0
0
0
0
0
0
0
0
0
0
0
0
0
0
0
0
0
0
0
0
0
0
0
0
0
0
0
0
0
0
0
0
0
0
0
0
0
0
0
0
0
0
0
0
0
0
0
0
0
0
0
0
0
0
0
0
0
0
0
0
0
0
0
0
0
0
0
0
0
0
0
0
0
0
0
0
0
0
0
0
0
0
0
0
0
0
0
0
0
0
0
0
0
0
0
0
0
0
0
0
0
0
0
0
0
0
0
0
0
0
0
0
0
0
0
0
0
0
0
0
0
0
0
0
0
0
0
0
0
0
0
0
0
0
0
0
0
0
0
0
0
0
0
0
0
0
0
0
0
0
0
0
0
0
0
0
0
0
0
0
0
0
0
0
0
0
0
0
0
0
0
0
0
0
0
0
0
0
0
0
0
0
0
0
0
0
0
0
0
0
0
0
0
0
0
0
0
0
0
0
0
0
0
0
0
0
0
0
0
0
0
0
0
0
0
0
0
0
0
0
0
0
0
0
0
0
0
0
0
0
0
0
0
0
0
0
0
0
0
0
0
0
0
0
0
0
0
0
0
0
0
0
0
0
0
0
0
0
0
0
0
0
0
0
0
0
0
0
0
0
0
0
0
0
0
0
0
0
0
0
0
0
0
0
0
0
0
0
0
0
0
0
0
0
0
0
0
0
0
0
0
0
0
0
0
0
0
0
0
0
0
0
0
0
0
0
0
0
0
0
0
0
0
0
0
0
0
0
0
0
0
0
0
0
0
0
0
0
0
0
0
0
0
0
0
0
0
0
0
0
0
0
0
0
0
0
0
0
0
0
0
0
0
0
0
0
0
0
0
0
0
0
0
0
0
0
0
0
0
0
0
Torque Data
-1.21953071556445E-05
-2.74745846992273E-06
-4.15416915795639E-06
-5.72202999589676E-06
-2.72122076830833E-06
3.12045720988914E-08
2.66971438177457E-06
7.44328506006E-06
2.26502333578576E-05
1.06550540849314E-05
7.04091635315775E-06
6.4689327807368E-06
3.61280218662423E-05
3.102593334336E-05
6.30370654656829E-05
3.4919039170236E-06
7.0540606489837E-05
1.17811269833546E-04
3.7133584347658E-05
9.77163100563312E-05
6.83166007184674E-05
4.25167612750711E-05
1.64643964134908E-04
3.10395532598052E-05
2.65566786914634E-04
1.62458226411189E-04
1.78562109453566E-04
4.87364073167793E-04
3.04823693481261E-04
3.65391761504831E-04
1.93817195508276E-04
3.4453764885343E-05
6.59933457674686E-04
1.64920964383906E-04
1.39520033809965E-04
1.0054211342214E-03
6.98165654773464E-04
3.00739102504225E-04
8.08603155182232E-04
-3.73307825072496E-04
9.80923057418019E-04
1.07081671764099E-03
8.32419354016944E-04
2.07231370232674E-04
4.0852189980497E-04
1.62840248010169E-03
1.75272621678475E-03
1.96278158422946E-03
6.31791485214022E-04
2.74246636450167E-03
1.16358054656344E-03
6.36639424497751E-04
1.27844214105954E-03
2.10994153411207E-03
1.69990068008408E-03
-7.44023490843375E-05
2.42959378886918E-03
2.45308046587269E-03
6.98439327089314E-04
4.4308527355417E-03
6.39791152570639E-04
1.85756827892554E-03
1.72049968127135E-03
2.38368272274537E-03
0.005741993308881
1.82392177279942E-03
6.20471977057202E-05
1.58021395975166E-03
1.19827538890151E-03
2.57861345505449E-03
3.91978837080268E-03
6.50489108646125E-03
6.72791319618358E-03
0.002037925335219
4.76656820084375E-03
4.19217119182328E-03
9.59666929279966E-03
0.006113403098784
1.27359462579061E-02
2.41889584235044E-02
3.57051487867494E-03
9.22704134054861E-03
8.17958589163911E-04
0.024919694833825
-9.81880671442992E-04
1.88495685496499E-02
7.52561442750444E-03
-3.43508238406098E-03
2.71260502440424E-02
-5.1605066453479E-03
-5.73341427464881E-03
1.78238017316945E-02
1.27129668304896E-02
4.5730610273929E-03
2.82800767063165E-02
2.85690404892092E-02
-1.01454293651497E-02
1.33269057060793E-02
2.09240456540745E-02
4.43211243228439E-02
2.56774011808309E-02
4.52589762180917E-02
3.43818901408057E-02
-0.013887775846327
3.72438803206695E-02
0.012372704098575
1.88746721750412E-02
0.040881216398914
2.95944025593157E-02
-1.76879810366369E-03
1.85360396929253E-02
3.22739332789254E-03
5.52991832158692E-02
4.75376242119971E-02
0.01848925207185
1.77741475830711E-02
2.88692273737794E-02
2.62220730816148E-02
4.37591729412175E-02
9.42618919233365E-03
6.11884902807711E-02
3.23446209612998E-02
2.00176176627347E-02
2.54785076097709E-04
1.91558500218566E-02
4.37964410443799E-03
3.47301353702316E-02
2.82741101386567E-02
0.022952807809577
2.90627186585532E-02
0.036211139385451
1.82474435653917E-02
2.12209667989391E-03
6.6047074054632E-03
2.31158196703466E-02
4.68069488204305E-03
3.37713946881735E-03
1.14558191930627E-03
1.14563194646282E-02
0.00482926559937
5.94687830316085E-03
1.33015401881513E-02
9.98137905393264E-03
1.54162903135488E-02
5.66531893341857E-03
1.02043066217288E-02
1.15585728486433E-02
2.66585776160972E-03
6.09788427825707E-03
-1.06008713257311E-03
2.18200198438839E-03
4.12968633974695E-03
1.59158703200173E-03
4.88295491169473E-04
-9.53234308302255E-04
3.54616987964616E-03
2.99539023591033E-03
1.04201140117595E-04
3.6027977151511E-03
2.6257180271054E-03
1.37076957686266E-03
2.8557858334513E-03
1.79494160874022E-03
1.60655846777127E-03
4.3807899450396E-04
-1.64237601259304E-03
1.93461835531722E-03
7.87324639389614E-04
-1.85052726523886E-04
1.90320874274298E-04
2.89969159232129E-04
2.71499023866756E-04
3.50672542945188E-04
4.82984812784487E-04
6.20506560572996E-04
9.97543071662917E-04
2.00401172562294E-04
9.89953084032588E-04
3.48422154871106E-05
1.06808596844448E-04
1.361288738421E-04
1.95635134663901E-04
3.55203814564062E-04
7.91827685224632E-05
2.34387387721375E-04
1.53901472257305E-04
1.47064283264974E-04
1.62343921675363E-04
5.54975832821568E-05
7.64828225189182E-06
-3.12878204052918E-06
-2.5739483372201E-05
-1.33986624809022E-05
-1.14290110279565E-04
-1.77397190236375E-04
-2.60865055755674E-04
-3.73152821349568E-04
-8.50319241289245E-05
-1.72576397545526E-04
-3.19731214515093E-04
-2.23255073692608E-04
-3.877552076664E-04
1.62776211508386E-04
-2.8586617998835E-04
-4.03593038089204E-04
-9.6501004264973E-04
2.84637316210176E-04
-2.41803372877093E-04
-1.89286860389668E-03
2.64072957306874E-04
-2.26882330054718E-03
-1.13641696266462E-04
-4.73680291621504E-04
-1.09030187913747E-03
-7.22377626579285E-04
-1.81355922290938E-03
-8.27061137819322E-04
-7.7319374659162E-04
3.60075260678066E-05
-1.28173387348272E-03
-1.80985086826558E-03
-2.45098852779755E-03
-0.001209312558151
-6.51466174918398E-04
-2.48898985293718E-03
-5.4426184108986E-03
-4.42680171265298E-03
-4.00321107365676E-03
-1.01963077099488E-03
-1.10506109718732E-04
-3.44217823079773E-03
-2.57254010985956E-03
-4.43482347033805E-03
-3.1840427133476E-04
4.03392158423805E-03
-2.36588128916111E-03
-4.72033046926212E-03
-9.20285512389036E-03
-6.3202165377351E-03
-1.20375490058765E-02
-8.76284810308336E-03
-2.61484977943709E-02
-0.016747620909426
6.3878671331193E-03
3.66253395365351E-03
-9.35100435109698E-03
-1.12024628395325E-02
-1.71485256146332E-02
-3.12021321409743E-03
-6.2358439292556E-03
-4.73718272882249E-02
-1.25577823530379E-02
-2.68460827581661E-02
1.07957052800603E-02
-1.45698791627061E-02
6.08579602823593E-03
1.90475718739648E-02
-1.03088790896487E-02
-1.73150683800565E-02
-7.87544747879283E-02
-2.33992227277408E-02
-8.87859895875778E-03
-3.83741285242815E-02
-1.50736691907106E-02
-0.019818673915698
-4.85558088903316E-02
1.26308119195224E-02
-2.82643520766112E-02
2.05604837660478E-02
-0.045908878467969
-1.39041835991436E-03
-8.12468451248432E-03
-1.60214806390464E-02
-0.0755321230055
-5.29323615272388E-02
-0.025039570549791
-4.02296731679223E-02
-0.002062961910576
-2.97839957172775E-02
-3.49410806370138E-02
-3.44797799247331E-02
1.92352595551756E-03
-4.87066143441459E-03
-1.59415818832139E-02
-1.89077091855174E-02
-3.19413058380303E-02
-4.40166995749716E-03
2.44595103565082E-03
-2.62239563205229E-02
-2.51657683408375E-02
-0.037240979965655
2.15845645831078E-02
-4.74368098927078E-02
-1.18140564397347E-02
-3.06388338466795E-02
1.08843517492474E-02
-1.62185646264635E-02
-2.27457624094186E-02
1.5623426387117E-03
1.80063298545764E-03
-1.52740076577392E-02
-2.42500872917714E-02
-1.22938586776402E-02
-7.27354314767625E-03
-0.010649515842862
-0.004399599324348
-8.86742279531136E-03
-4.9686014298394E-03
-5.73669046987915E-03
-5.8451902220244E-03
-7.84932159699513E-03
-1.50019189174105E-03
-6.55564389241306E-03
1.24883831019354E-04
-2.03271354527405E-03
-1.07567739624623E-03
-2.73485840367063E-03
-1.89109742818412E-03
-1.37309234876278E-03
-1.57877064283532E-03
-2.43030426806214E-03
-2.11574702610995E-03
-1.87807611872215E-03
-1.67838426340795E-03
-2.62543707545089E-03
-1.97053984501714E-03
-1.27279882810006E-03
1.02667840117933E-03
-4.66037254684524E-05
-1.6888277815241E-03
-3.66783494007216E-04
-1.57650565765053E-03
-9.627862850903E-04
-1.12817144786041E-03
-6.58281897590749E-04
-9.281511605016E-04
-1.25691793421217E-03
-3.1667194418134E-04
-2.3031001214529E-04
8.93547825433488E-05
-5.25323402067996E-04
-3.03839661820546E-04
-1.92920715566586E-04
-1.54281454531205E-04
-2.04146900916903E-04
-1.86632457057225E-04
-2.03122956570324E-04
-3.00530179793684E-05
-6.5944783067755E-05
-1.68415980627718E-05
-2.87257730839425E-05
1.20823817777077E-05
-3.80000837193992E-05
4.902558231186E-05
1.72057261407834E-04
5.69619286246784E-05
1.85779003129902E-04
2.24414666304973E-04
1.68613859354014E-04
3.94739803206366E-04
4.0281604810107E-04
2.79947920897785E-04
4.28524885346048E-04
2.92487090213768E-04
1.99415160367843E-04
-1.88823293157589E-04
4.80674995999104E-04
1.51150084027958E-03
9.42496470765216E-04
2.38135265510315E-03
2.38112526060521E-03
2.94155649030171E-03
5.3972710705667E-04
1.30636804140406E-03
3.90239291111247E-03
1.10831350736652E-03
1.89143756384423E-03
2.68997875050672E-03
4.80653644226261E-03
2.53120817161809E-03
6.02876215341032E-04
2.39632345081756E-03
3.96677991666981E-03
8.14884876246165E-03
1.11434485669536E-02
6.28461444775296E-03
6.26937146352408E-03
7.5741037279635E-03
9.71949976433975E-03
6.7802386749031E-03
2.62203910450607E-02
1.44991779737774E-02
3.26758248612464E-03
1.50023246382158E-02
8.1156172089792E-03
3.45803396348928E-02
1.19400502582182E-02
9.83600989259584E-03
1.78278355765093E-02
1.98693703060996E-03
2.45077477903283E-02
2.42457997489278E-02
4.00720170504315E-02
3.37715471678458E-03
8.45695894103754E-03
2.80455789764421E-02
2.05023798325971E-02
-1.09883416202587E-02
0.048325181225116
2.13959967877865E-02
2.96052785263477E-02
4.2318779697491E-03
2.92769031898229E-02
7.39880489422907E-02
1.82810268155504E-03
2.60339946267035E-02
2.51137871256192E-02
2.08252453303371E-02
-2.04236038021248E-02
5.87127937149738E-02
0.051704662313392
dMdH Data
6.26826941903843E-06
3.47355864601727E-08
-7.18794095231311E-06
-4.32643320934498E-06
5.54364371465048E-06
3.8629516758842E-06
-1.51664059562278E-07
-9.1551293057225E-07
4.76080273355911E-06
-2.02107678727478E-06
-1.14078485933407E-06
9.39653170036988E-08
8.98652048231411E-07
2.68039096751751E-08
-1.57452113365689E-07
1.5775393690129E-06
-1.13571555637893E-07
-3.49421513272492E-08
1.34033721360639E-06
-2.02296763483156E-08
3.17306243967529E-08
-2.04813282605898E-08
-6.47994389248364E-08
9.28576047873667E-07
6.46123852327891E-07
-2.66942144230674E-07
8.42114814271653E-07
1.3479102516946E-06
-1.49508709833795E-06
1.97674980020254E-06
3.67961188931866E-07
3.74643375444234E-07
2.88279639410444E-07
1.27156494527391E-07
3.95090866296841E-07
3.61073803346144E-07
2.37969089185112E-07
9.04692245527882E-07
3.65152720052398E-08
4.04851615512E-07
4.24876673044455E-07
5.374919111168E-07
8.02494779629632E-08
5.30662211740697E-07
5.4535870623602E-07
1.08530586197101E-07
3.56759343097115E-07
3.06000918461987E-07
5.97852519043055E-07
-5.34939325123303E-08
6.51118115003676E-07
1.35496042790329E-07
3.94252407525588E-07
3.64136521446971E-07
3.58944208076036E-07
2.61723444169002E-07
4.69444262889263E-07
8.07744855247228E-08
6.49518123505041E-07
1.11359365805047E-07
4.30334410028503E-07
3.82675110145285E-07
2.46757255226454E-07
2.24550220269251E-07
4.53730426011456E-07
1.9374053952454E-07
2.67950110715749E-07
4.05219586923289E-07
1.96921489620902E-07
3.60191610808841E-07
2.7151463930566E-07
3.21055852775755E-07
2.85721350341076E-07
2.77928609113608E-07
2.94733580826852E-07
3.09336837442916E-07
2.99932214287221E-07
2.50146286185602E-07
2.8615696017665E-07
2.60463922155743E-07
2.97422413733554E-07
2.46650808870088E-07
2.92651817378708E-07
2.8911055494581E-07
2.51321547857359E-07
2.5722960867788E-07
2.8022840621088E-07
3.17761669382851E-07
2.59635105296691E-07
3.16260885535716E-07
2.47411725172273E-07
2.39091973948965E-07
2.86095386344335E-07
2.8476097888837E-07
2.64583550776631E-07
3.02062303721093E-07
2.20029328030235E-07
3.45177273544023E-07
2.46557674233189E-07
2.36488713222215E-07
2.89369984211407E-07
2.08466197094453E-07
2.46789763477319E-07
3.09063038268894E-07
2.76389045541702E-07
1.94614676462134E-07
2.78731781873759E-07
2.47687437460202E-07
2.71802439841033E-07
3.24599794710519E-07
-1.4143086816719E-06
2.1608832807571E-07
2.39608398207125E-07
2.99020992733702E-07
2.7154541525476E-07
2.88936555101093E-07
2.57161490028809E-07
2.57257795531127E-07
2.3205920293299E-07
2.2372676361904E-07
2.65463912880319E-07
3.74675419804926E-07
2.48110775378208E-07
2.58963863892576E-07
2.42160652452441E-07
2.60643063247546E-07
2.42378738275961E-07
3.15353829164517E-07
2.61551066834041E-07
2.18478240317192E-07
3.34011115974633E-07
2.42641468131966E-07
2.3208365120218E-07
2.94327228778284E-07
3.20166160670461E-07
3.01102364724329E-07
2.23821384160043E-07
3.09808933408475E-07
2.65122927303919E-07
3.0914235454998E-07
2.21989140043118E-07
3.21448868439683E-07
2.28123914944363E-07
2.93861610902036E-07
3.05330981888477E-07
2.85764100870965E-07
2.49876374065897E-07
3.09086882704657E-07
2.96193543765593E-07
2.50381844299039E-07
4.97265673073368E-07
2.05229646065061E-07
2.98057763296765E-07
4.87210211959082E-07
-7.95595894566796E-08
7.30322757190384E-07
8.95710594645886E-08
3.41646378180059E-07
2.16387425773135E-07
7.91802955570682E-07
5.52171158297527E-09
7.29526895560434E-08
7.0060320589988E-07
3.39232420257559E-07
3.17414309409265E-07
7.12466671164655E-07
1.78611263663662E-09
3.39753137315429E-07
6.55863529847219E-07
2.30707926019549E-07
1.16196253567909E-07
5.81284017738728E-07
-1.50768138264888E-07
8.03227263112258E-07
8.54754290419385E-07
-1.84483161231253E-07
7.81080617332678E-07
2.43138556994257E-07
5.14804809232607E-07
6.34853627694268E-07
2.17232703861206E-07
-8.70724915015349E-08
1.80304718394518E-06
-8.11586873477165E-07
1.23506529855315E-07
1.94392462882827E-06
2.44217162681499E-07
1.3318694459826E-07
7.80155594679089E-07
-5.25398892849222E-07
4.68978509287858E-07
7.15496308683307E-07
6.86057676369925E-07
2.36652515817798E-07
1.0652324666903E-06
-8.02763571990557E-07
1.30390954422789E-06
5.37716865426644E-07
2.25990254809872E-07
4.71673557127822E-08
1.19517155088493E-06
9.65632448917596E-08
2.61229276371014E-07
5.89353737570291E-07
2.56780315292754E-07
4.60143064362468E-07
7.35051869632074E-07
-2.77672834075186E-07
5.64946788987155E-07
8.36559539448343E-07
4.95682604254315E-07
-6.35210062702002E-08
8.57398407203396E-07
3.50760060709171E-07
2.56585701560156E-07
2.35986513009561E-07
1.09746133308783E-07
1.78441180692149E-07
9.39881128246815E-07
2.80526760423893E-07
5.22343906132183E-07
8.51988673591123E-08
7.43675818653715E-07
5.92169310740139E-08
2.72356624679034E-07
3.19601603849876E-07
2.93844872273215E-07
6.05823406950271E-07
3.05652031071504E-08
8.17857017836015E-07
1.82938231445342E-07
3.19591247580619E-07
3.27735068781283E-07
3.07127963408896E-07
1.98936766810977E-07
3.26248392643105E-07
3.28801737500804E-07
3.31789871904958E-07
2.33547625376299E-07
3.09086756363377E-07
3.16004414569534E-07
2.32427505858195E-07
3.01898922901257E-07
3.16226090397174E-07
2.98341954741969E-07
2.25880973688334E-07
3.95463353039755E-07
2.44860064585576E-07
1.86000028366968E-07
3.12187011082672E-07
2.55698388285768E-07
3.49435407324977E-07
2.12323686036414E-07
3.05115147741599E-07
3.11983654421059E-07
2.32467993935022E-07
3.30770769532925E-07
2.49792849883641E-07
3.02774338838707E-07
2.98585072965417E-07
2.0129221506265E-07
3.52952774595725E-07
2.3131625600781E-07
3.32774219135168E-07
1.70622118558033E-07
2.18409629260376E-07
3.55062222545667E-07
2.58099973066817E-07
3.50673620006986E-07
2.17406989443029E-07
5.79743121658633E-07
2.46869101205169E-07
2.5829531141674E-07
2.58789931955004E-07
2.59168107393472E-07
3.03066399296699E-07
2.23948399940423E-07
3.12306206549756E-07
2.38121905757311E-07
2.26984444840987E-07
2.36225878795148E-07
3.20734614082962E-07
2.40359909321058E-07
2.96044219639626E-07
2.37716763268461E-07
2.73779593718426E-07
2.33506209055033E-07
2.77490000727219E-07
3.30613856605355E-07
2.70139471160035E-07
2.10539041026163E-07
3.15525080615484E-07
2.45817969740525E-07
2.36975351535243E-07
3.41188075325825E-07
2.42135928190088E-07
3.10984579920082E-07
2.26305039582355E-07
3.19798017405873E-07
2.72030775339874E-07
2.61384483494526E-07
3.60031016038892E-07
2.25632279748902E-07
2.59884698456101E-07
2.95453935587089E-07
3.23578644323667E-07
2.68418418855266E-07
2.55621959249535E-07
2.98972951056631E-07
3.73413573622672E-07
1.92563255746635E-07
3.97099872996054E-07
1.04979196671467E-07
5.04221327211353E-07
4.15938008882198E-07
1.64088751400075E-07
6.1417221250578E-07
1.7457178652625E-07
4.82651896536111E-07
1.04816600103935E-07
1.19546052144813E-07
9.47859783952008E-07
4.9808363371664E-07
6.64791264148669E-07
-1.8098613064703E-08
6.5585215071777E-08
8.59416802636643E-07
2.76809089132847E-07
7.63310382098036E-08
-6.25258774324815E-09
8.34636423255026E-07
7.37321633811777E-07
-1.29087839949984E-07
1.94020782797711E-07
6.38456957744986E-07
3.11463261802447E-07
1.03540672465027E-06
2.74179343975222E-07
-1.87428906402788E-07
1.40363575679089E-06
-6.85758971856722E-07
7.69734851835095E-07
6.00623072088212E-07
-4.71212972932344E-07
1.47117018231936E-06
3.63755314274121E-07
1.99223628087817E-07
2.00187452800599E-07
8.39444576249188E-08
3.4628838130582E-07
1.31329959252623E-06
-2.8259066689511E-07
6.40637459271416E-07
-3.16963204383676E-07
4.9748901001407E-07
7.57110444541593E-07
9.33979336360245E-07
6.84037955387461E-07
1.15132115011039E-07
3.92538804182195E-07
1.16877670931195E-07
9.52843970805915E-07
-1.95820438080286E-07
5.55446420759222E-07
6.73716539315257E-07
1.76113109729793E-07
4.82008988567393E-07
6.28272290573404E-08
4.71893331332983E-07
2.96771693892088E-08
5.905224917411E-07
6.14299685746482E-07
2.45576405576693E-07
1.91615601108804E-07
3.97749484832794E-07
5.97096014183381E-07
9.69674684504329E-08
3.87868373781219E-07
2.0433442353295E-07
3.06551049671665E-07
4.05505712580778E-07
2.70557400943633E-07
2.6098859376432E-07
3.02700695630417E-07
3.33795280286405E-07
2.77279041235066E-07
2.4408746801432E-07
3.59513195574505E-07
3.1862987194827E-07
2.78896916239331E-07
1.37279217737643E-07
3.72825026428608E-07
3.15028893325623E-07
2.34227371527708E-07
2.23600196463655E-07
3.8408179415303E-07
2.85636199983634E-07
2.59229936994846E-07
2.78767910393483E-07
2.73089520007971E-07
3.00490165415372E-07
3.00007339996216E-07
2.29719398241255E-07
2.50642487954829E-07
2.87609562231129E-07
2.97171931713207E-07
3.34099951878712E-07
2.60806536493007E-07
3.12158428950492E-07
2.08137576842949E-07
2.97686299016915E-07
2.85570378605623E-07
2.92863930313507E-07
2.04905104453687E-07
2.77418756208584E-07
2.78677457976849E-07
2.39879780665209E-07
2.79170139280631E-07
2.69419956467617E-07
3.73752520436462E-07
3.73752520436462E-07
dMdT Data
0
0
0
0
0
0
0
0
0
0
0
0
0
0
0
0
0
0
0
0
0
0
0
0
0
0
0
0
0
0
0
0
0
0
0
0
0
0
0
0
0
0
0
0
0
0
0
0
0
0
0
0
0
0
0
0
0
0
0
0
0
0
0
0
0
0
0
0
0
0
0
0
0
0
0
0
0
0
0
0
0
0
0
0
0
0
0
0
0
0
0
0
0
0
0
0
0
0
0
0
0
0
0
0
0
0
0
0
0
0
0
0
0
0
0
0
0
0
0
0
0
0
0
0
0
0
0
0
0
0
0
0
0
0
0
0
0
0
0
0
0
0
0
0
0
0
0
0
0
0
0
0
0
0
0
0
0
0
0
0
0
0
0
0
0
0
0
0
0
0
0
0
0
0
0
0
0
0
0
0
0
0
0
0
0
0
0
0
0
0
0
0
0
0
0
0
0
0
0
0
0
0
0
0
0
0
0
0
0
0
0
0
0
0
0
0
0
0
0
0
0
0
0
0
0
0
0
0
0
0
0
0
0
0
0
0
0
0
0
0
0
0
0
0
0
0
0
0
0
0
0
0
0
0
0
0
0
0
0
0
0
0
0
0
0
0
0
0
0
0
0
0
0
0
0
0
0
0
0
0
0
0
0
0
0
0
0
0
0
0
0
0
0
0
0
0
0
0
0
0
0
0
0
0
0
0
0
0
0
0
0
0
0
0
0
0
0
0
0
0
0
0
0
0
0
0
0
0
0
0
0
0
0
0
0
0
0
0
0
0
0
0
0
0
0
0
0
0
0
0
0
0
0
0
0
0
0
0
0
0
0
0
0
0
0
0
0
0
0
0
0
0
0
0
0
0
0
0
0
0
0
0
0
0
0
0
0
0
0
0
0
0
0
0
0
0
0
0
0
0
0
0
0
0
0
0
0
0
0
0
0
0
0
0
0
0
0
0
0
0
0
 
*********************************************** Results ***************************************
 
TotalArea 2.03266824219188
AreaFirstQuad 1.19948459738924
AreaSecondQuad 2.79927445790214E-02
AreaThirdQuad 0.805190900223614
AreaFourthQuad 0
Coercivity 144.07183167243
PositiveCoercivity -79.1106697763931
NegativeCoercivity -367.254333121252
Retentivity 6.50876191121934E-05
PositiveRetentivity 1.62005244669728E-04
NegativeRetentivity 3.18300064453414E-05
Magnetization 0.0033983263
PositiveMagnetization 0.0035013785
NegativeMagnetization -0.0032952741
Flatness -0.58785463274896
Squareness 1.91528456558728E-02
SStar -0.287980154094188
SFD1 0.525484848085734
SFD2 0.408988776751118
Slope 0
Intercept 0
SlopeAtHc 3.50760060709171E-07
dH1 68.3642670926096
dH2 58.9237622
InitialSlope 6.26826941903843E-06
FieldAtHalfMs 5378.90903435862
FieldAtMs 11853.697
MomentMean 3.10709706564584E-04
MomentRMS 1.45288700659854E-03
SFD3 -0.233738467149012
dH3 177.746960766894
UserField1 0
UserField2 0
CenterField 0
ExchangeField 0
ExchangeMoment 0
ExRegionOneIntercept 0
ExRegionOneSlope 0
ExRegionTwoIntercept 0
ExRegionTwoSlope 0
NegativeIntercept 0
NegativeSlope 0
AutoCenterOffset 0
PinningField 0
PinningMoment 0
PinRegionOneIntercept 0
PinRegionOneSlope 0
PinRegionTwoIntercept 0
PinRegionTwoSlope 0
PositiveIntercept 0
PositiveSlope 0
TotalOffset 0
BHMax 0
BCoercivity 0
BRetentivity 0
BNegativeCoercivity 0
BPositiveCoercivity 0
BNegativeRetentivity 0
BPositiveRetentivity 0
MomentYMean 2.62348729935867E-06
MomentYRMS 2.12205046185469E-06
YOffCorrection 0
Mrt 0
Ms1 0
Ms2 0
Ms3 0
Hc2 0
Hex2 0
HsatValue 0
HsatIntercept 0
HsatSlope 0
CenterH 0
Span .0067966526
SpanAsPercentOfRange -106.197696875
RMSAsPercentOfRange -22.7013594781022
SpanAsPercentOfMean 2187.46066067532
RMSAsPercentOfMean 467.602709507416
