Version 1.25
******************************************** Units *******************************************
System CGS
TemperatureUnit C
MomentUnit emu
AppliedFieldUnit Oe
 
******************************************** Setup ********************************************
 
Experiment CustomField
Minor False
Acquisition Continuous
EditedPoint No
MaxField 12000
FieldIncrement 114.285714285714
Points 421
MinField 0
RampRate 11.4285714285714
AverageTime 10
TimeInterval 0
TimeConstant 0.1
TimeConstantIndex 0
Sensitivity -0.0064
SensitivityIndex 5
SensitivityY -0.004
SensitivityIndexY 5
SaturationField 8000
ExperimentTime 4210
Use735Domains False
AutoRangeEnabled False
NumberOfVertices 20
VertexPts
0
10
30
50
70
110
150
160
180
200
220
230
270
310
320
340
360
370
380
420
VertexField
-5
5
100
500
1000
12000
1000
500
100
-100
-500
-1000
-12000
-1000
-500
-100
100
500
1000
12000
StartAngle 0
EndAngle 0
AngleIncrement 0
StartTemp 0
FinishTemp 0
TempIncrement 0
TempPoints 0
LengthofSetPointsArray 421
SetPointArray
-5
-4
-3
-2
-1
0
1
2
3
4
5
9.75
14.5
19.25
24
28.75
33.5
38.25
43
47.75
52.5
57.25
62
66.75
71.5
76.25
81
85.75
90.5
95.25
100
120
140
160
180
200
220
240
260
280
300
320
340
360
380
400
420
440
460
480
500
525
550
575
600
625
650
675
700
725
750
775
800
825
850
875
900
925
950
975
1000
1275
1550
1825
2100
2375
2650
2925
3200
3475
3750
4025
4300
4575
4850
5125
5400
5675
5950
6225
6500
6775
7050
7325
7600
7875
8150
8425
8700
8975
9250
9525
9800
10075
10350
10625
10900
11175
11450
11725
12000
11725
11450
11175
10900
10625
10350
10075
9800
9525
9250
8975
8700
8425
8150
7875
7600
7325
7050
6775
6500
6225
5950
5675
5400
5125
4850
4575
4300
4025
3750
3475
3200
2925
2650
2375
2100
1825
1550
1275
1000
950
900
850
800
750
700
650
600
550
500
480
460
440
420
400
380
360
340
320
300
280
260
240
220
200
180
160
140
120
100
90
80
70
60
50
40
30
20
10
0
-10
-20
-30
-40
-50
-60
-70
-80
-90
-100
-120
-140
-160
-180
-200
-220
-240
-260
-280
-300
-320
-340
-360
-380
-400
-420
-440
-460
-480
-500
-550
-600
-650
-700
-750
-800
-850
-900
-950
-1000
-1275
-1550
-1825
-2100
-2375
-2650
-2925
-3200
-3475
-3750
-4025
-4300
-4575
-4850
-5125
-5400
-5675
-5950
-6225
-6500
-6775
-7050
-7325
-7600
-7875
-8150
-8425
-8700
-8975
-9250
-9525
-9800
-10075
-10350
-10625
-10900
-11175
-11450
-11725
-12000
-11725
-11450
-11175
-10900
-10625
-10350
-10075
-9800
-9525
-9250
-8975
-8700
-8425
-8150
-7875
-7600
-7325
-7050
-6775
-6500
-6225
-5950
-5675
-5400
-5125
-4850
-4575
-4300
-4025
-3750
-3475
-3200
-2925
-2650
-2375
-2100
-1825
-1550
-1275
-1000
-950
-900
-850
-800
-750
-700
-650
-600
-550
-500
-480
-460
-440
-420
-400
-380
-360
-340
-320
-300
-280
-260
-240
-220
-200
-180
-160
-140
-120
-100
-90
-80
-70
-60
-50
-40
-30
-20
-10
0
10
20
30
40
50
60
70
80
90
100
140
180
220
260
300
340
380
420
460
500
550
600
650
700
750
800
850
900
950
1000
1275
1550
1825
2100
2375
2650
2925
3200
3475
3750
4025
4300
4575
4850
5125
5400
5675
5950
6225
6500
6775
7050
7325
7600
7875
8150
8425
8700
8975
9250
9525
9800
10075
10350
10625
10900
11175
11450
11725
12000
FieldDomainFile C:\IDEASVSM\Default UserID\Experiments\HysCoFe2O4_Completa\fdomain.ini
TempDomainFile C:\IDEASVSM\Default UserID\Experiments\HysCoFe2O4_Completa\tdomain.ini
NumSelectedResults 0
ResultsSelected 
UserName1 
UserValue1 
UserName2 
UserValue2 
LinearBackgroundCorrection Off
MaxLinearFieldCorrection 
MinLinearFieldCorrection 
AutoLinearCorrection Off
FitOneRegion Off
BackgroundMode Off
BackgroundFilename 
AutoCenter Off
OffsetCorrection 
SmoothDeriv Off
DerivOrder 0
DerivPoints 0
MinExFieldOne 
MaxExFieldOne 
MinExFieldTwo 
MaxExFieldTwo 
MinPinFieldOne 
MaxPinFieldOne 
MinPinFieldTwo 
MaxPinFieldTwo 
HCenterStart 
Mass 
Volume 
Density 
MolarWeight 
NumberOfMoles 
Demagnetization 
SampleArea 
Thickness 
MomentScaling 0
XAxis 0
YAxis 0
SimpleSpinValve False
HsatMax 0
HsatMin 0
FieldAutoRange False
 
*************************************************** Experiment Data ********************************************
 
DataPoints 421
MomentX Data
-0.000062303022
-0.00006274728
-0.000061029863
-0.00005717404
-0.0000604951
-0.0000614256
-0.000066364663
-0.000067619658
-0.000063170277
-0.000062174121
-0.00006419127
-0.000060863583
-0.000063226584
-0.000060113019
-0.000055551576
-0.000053949206
-0.000058299829
-0.000056623445
-0.000053016524
-0.000041611726
-0.000043318459
-0.000041828479
-0.000037562514
-0.000040798748
-0.000040142694
-0.000035518501
-0.000030663853
-0.000032828942
-0.000031604412
-0.000029328052
-0.000020494017
-0.000027313733
-0.000016953864
-0.0000062921728
0.000000024301976
0.0000087251432
0.000019253991
0.000018100027
0.000027380226
0.000034894176
0.000044556447
0.000047087916
0.000054333847
0.000065168749
0.000073330358
0.000077799976
0.000084105172
0.000092341891
0.00010002542
0.00010257931
0.00010878481
0.00011703257
0.0001280988
0.00013896355
0.00014542408
0.00015028763
0.00015642523
0.00016980939
0.00017024674
0.000184014
0.00018979065
0.00019596986
0.00020363337
0.00021094193
0.00021995291
0.00022875609
0.00023941204
0.00024677473
0.00024905997
0.00025656219
0.00026479024
0.00030481331
0.00038663166
0.00045738577
0.00053204336
0.00060724565
0.00067980154
0.0007554899
0.00081872682
0.00091419857
0.00096845057
0.0010502198
0.00110896
0.00120467
0.0012767501
0.0013411501
0.0014169312
0.0015039414
0.0015661541
0.0016277979
0.0017230579
0.0017845218
0.0018592884
0.001933973
0.0020032018
0.0020935661
0.0021589631
0.0022168268
0.0022770217
0.0023687793
0.0024454795
0.0025058037
0.0025698141
0.0026502185
0.0027226251
0.0028006075
0.0028787339
0.0029410003
0.0030206748
0.0030740725
0.0031636476
0.0031650586
0.003098153
0.0030257557
0.0029501725
0.0028783104
0.0028029807
0.0027301905
0.0026719549
0.0025953669
0.0025275152
0.0024480905
0.0023855213
0.0023242036
0.0022429581
0.0021748015
0.0021007186
0.0020255611
0.0019541916
0.0018817219
0.0018121436
0.0017349106
0.0016613868
0.0015917881
0.0015294107
0.0014442685
0.0013880143
0.0013085437
0.001221556
0.0011396365
0.0010697868
0.0010069327
0.00090715052
0.00086288822
0.00080063643
0.00069972012
0.00064180202
0.00053463232
0.00047532679
0.00040641569
0.00033081922
0.00026782541
0.00026341858
0.00024639747
0.00024244198
0.00020301519
0.00019751359
0.00018334073
0.0001707906
0.00014431441
0.00013760371
0.00012573916
0.0001191829
0.00010392796
0.000103334
0.000092272668
0.000077191817
0.000089175727
0.000080642753
0.000070394543
0.000058677225
0.000053758759
0.000045962775
0.000039702606
0.000025512277
0.000022156697
0.000010663147
0.000012771107
0.0000026027203
-0.000001503675
-0.0000014365558
-0.000014150449
-0.000022548683
-0.000033281328
-0.000034270866
-0.000041578159
-0.000045695787
-0.000038550054
-0.000049920193
-0.000047771483
-0.000050513483
-0.00005128401
-0.000066169567
-0.000063942704
-0.000066507459
-0.000078323915
-0.000083076148
-0.000087463671
-0.000090893096
-0.000092615019
-0.00010297728
-0.00010763087
-0.00011874112
-0.00010973371
-0.00012437913
-0.00013411786
-0.00013858526
-0.00016071416
-0.00015373132
-0.0001649112
-0.00017799488
-0.00018472735
-0.00018348681
-0.00020011438
-0.00019421814
-0.00020904558
-0.00022136968
-0.0002210219
-0.0002364707
-0.0002317317
-0.00024825622
-0.0002536473
-0.00027403485
-0.00028591481
-0.00031009031
-0.00031892657
-0.00033184974
-0.0003535826
-0.00035562236
-0.00038370381
-0.00040198887
-0.00043692966
-0.00056536726
-0.00056947078
-0.00067085435
-0.00075921045
-0.00085917654
-0.00090206224
-0.0010091534
-0.0010766852
-0.0011295355
-0.0012058499
-0.0012799315
-0.0013517886
-0.0014300234
-0.0015071931
-0.0015972627
-0.0016506089
-0.0017497823
-0.0018229521
-0.0019164977
-0.0019743141
-0.0020337242
-0.0021103672
-0.002194399
-0.0022628959
-0.0023477765
-0.002416002
-0.0025158726
-0.0025729569
-0.0026365955
-0.0027192829
-0.0028042455
-0.0028789296
-0.002938203
-0.0030081943
-0.0030854514
-0.0031808789
-0.0032403024
-0.0033034456
-0.0034011493
-0.0033900726
-0.0033235754
-0.0032546979
-0.0031880369
-0.0031149695
-0.003038752
-0.0029713443
-0.0028952998
-0.0028261895
-0.0027598542
-0.0026991156
-0.0026233739
-0.0025530386
-0.0024739775
-0.0023890405
-0.0023336185
-0.0022512858
-0.0021774119
-0.0021019454
-0.0020263182
-0.0019675836
-0.0019012072
-0.0018222281
-0.0017442952
-0.0016613373
-0.0015883337
-0.0015110388
-0.0014306126
-0.0013899058
-0.0013137832
-0.0012261261
-0.0011471057
-0.0010582973
-0.00099419677
-0.00093053411
-0.00084765336
-0.00077712391
-0.00071149564
-0.00060559406
-0.00052625176
-0.00049716422
-0.00047805281
-0.00045417748
-0.0004481268
-0.00042202564
-0.00041212883
-0.00040095316
-0.00037241072
-0.00035969344
-0.00036367013
-0.00033029287
-0.00033043957
-0.00032322797
-0.0003085034
-0.00029531385
-0.00030349795
-0.00029298453
-0.00028894803
-0.00027817439
-0.00027372323
-0.00026212614
-0.00025611354
-0.00025145393
-0.00024117413
-0.00024050422
-0.00023202542
-0.00022169285
-0.00021995175
-0.00020377817
-0.00019412463
-0.00019625578
-0.00018738501
-0.00018482311
-0.00017661403
-0.00018015307
-0.00017139444
-0.00016504623
-0.00016762766
-0.00015824591
-0.0001534
-0.00014682777
-0.000144604
-0.00014286461
-0.00013227671
-0.0001421176
-0.00012064468
-0.00012230675
-0.00011880909
-0.00011740473
-0.00011593043
-0.00011571719
-0.00010531936
-0.000064722056
-0.000057729417
-0.000038208077
-0.000021598356
-0.000020683677
-0.0000024189944
0.000023583133
0.000020279101
0.00004615916
0.000049625614
0.000070992217
0.000079784128
0.00010505658
0.00012041798
0.00013144365
0.00015326051
0.00017050919
0.00017851144
0.00022866056
0.00029973561
0.00036103258
0.00047587006
0.0005441649
0.00062264882
0.00069847573
0.0007668383
0.00083969667
0.0009478946
0.0010029876
0.0010636254
0.0011155109
0.0012136972
0.0012875907
0.0013665579
0.0014711936
0.0015318511
0.0016124932
0.0016820758
0.0017463826
0.0018183198
0.001879013
0.0019844489
0.0020615631
0.0021223815
0.002192826
0.0022774077
0.0023712768
0.0024205127
0.0024967323
0.0025804546
0.0026657191
0.0027223041
0.0028145769
0.0028694171
0.0029330827
0.0030344349
0.0031208515
0.0031713764
MomentY Data
0.0000012513733
-0.00000096771241
0.0000035794686
0.0000049250839
0.0000062072513
0.00000050767899
0.0000037814853
0.0000032481955
0.0000016590785
0.0000029205941
0.0000041489599
0.0000013031721
0.0000028864239
-0.0000010950708
0.0000067934367
0.0000054363725
0.0000027299355
0.0000028060149
0.0000045881794
0.000005002651
0.0000030011415
0.00000263947
0.000004662113
0.0000063293168
0.0000012616109
0.0000035492371
0.0000018936204
-0.0000013050221
0.0000045360134
0.0000006481075
0.0000078490062
0.0000032131528
-0.00000060763835
0.0000021869468
0.0000015538644
0.0000032608603
0.0000042432402
0.0000034037254
0.00000070125103
0.0000013094424
0.0000033966874
0.0000051616428
0.0000049590061
-0.00000052131167
0.0000038043784
0.0000012438297
0.0000030621384
0.0000026229095
0.0000035050963
0.0000018008851
0.0000024413966
0.0000057192085
0.000001697483
0.0000011979675
0.0000051272198
0.00000083252432
0.0000033830355
0.0000038647603
0.0000016598892
0.0000025126647
0.0000019015502
0.00000047275543
-0.0000019582318
0.00000273149
0.000002014079
0.000002894945
0.0000038685368
0.0000029600048
0.0000024012661
0.00000050168513
0.0000034462689
0.0000056585405
0.00000036028379
0.0000020324897
0.0000012939929
0.0000068259427
0.0000019515943
0.0000014083481
0.0000021442507
0.0000016207932
0.0000014716291
0.0000022023391
0.000003076105
0.0000012439822
0.0000074590108
0.0000061117408
0.00000095326901
0.0000023775433
0.0000015641879
0.0000044494007
0.0000032305382
0.0000043867205
0.0000068512914
0.0000039015052
0.0000063906524
0.00000079886913
0.0000019669722
0.00000074143405
0.0000031530998
0.0000026196955
0.00000017109871
0.0000015641117
0.0000018012189
0.00000070092199
-0.0000014898061
0.0000057058857
0.000001579814
0.0000034607456
0.0000025341605
0.0000014276408
0.0000046456478
0.0000035419653
0.000004364352
0.0000047676275
-0.0000041995094
0.0000067163369
0.0000030688285
0.0000049377963
0.0000023679875
0.0000014711951
0.00000082739826
0.0000021253346
0.0000053359745
0.000001224308
-0.00000042251584
0.0000014599656
0.0000023649024
0.0000002231455
0.0000031241511
0.0000021488713
0.0000028739022
0.0000044261121
0.0000036624525
0.0000021923923
0.0000059193132
0.000003167858
-0.000000095195764
0.0000043627499
0.000000070681585
0.0000025096368
0.00000030554292
0.0000010556935
0.0000010342025
0.0000063622281
0.0000039504192
0.00000039148809
0.0000044437502
0.0000022882985
0.0000035588167
0.00000030830379
0.0000039281795
0.0000057322213
0.0000018584299
0.0000030429697
0.0000032995079
0.00000082283495
0.0000030469798
0.0000025973891
0.0000045132588
0.0000017781591
0.000004310541
0.0000034004496
-0.00000041666982
0.0000040738962
0.000002582507
0.0000058972118
0.0000024837684
0.0000034280394
0.0000012842369
0.0000030890082
0.0000010758495
0.0000046660326
0.0000037657641
-0.00000086312765
0.0000030099153
0.0000027295397
0.00000037885187
0.0000017853402
0.0000037361573
0.0000021316718
0.0000055061767
0.00000049839968
0.0000027659654
0.0000041086338
0.0000035766266
0.0000029266308
0.0000045576571
0.0000032525348
0.0000066587732
0.0000032279014
0.00000244884
0.0000031958674
0.0000015304851
0.00000087984079
0.0000025804232
-0.0000018468952
0.0000015992451
0.0000074551388
0.0000017450952
0.0000043488357
0.0000009279394
0.00000085423469
0.0000004371786
0.0000020319413
-0.0000024598883
0.0000031459521
0.0000040595625
0.00000153903
0.0000061326072
0.0000025661372
0.0000058012244
0.0000055410716
0.0000011750745
0.0000053798911
0.0000039184902
0.0000019086693
0.00000097678662
0.0000037638281
0.00000003728385
0.0000027693319
0.0000011260127
-0.00000191473
0.0000021484374
0.0000049167964
0.0000023482655
-0.0000010967301
0.0000019558143
0.0000011873102
0.0000029602335
0.0000028485679
0.0000037906979
0.0000046454046
0.0000025832127
0.00000097109795
0.0000018391609
0.0000038488529
0.0000023972367
0.0000049216316
0.0000056595561
0.0000042695711
0.0000058704326
0.0000048089502
0.000003006215
0.0000042081735
0.0000036129283
0.0000033955239
0.0000033150004
0.0000052166603
0.0000037498711
0.0000024459743
0.0000020118903
0.0000019851064
-0.00000067026143
0.0000043189667
0.0000040652178
0.0000015192413
0.0000050168036
-0.000000050749756
0.0000022142362
0.0000025887202
0.0000017882299
0.0000037498854
0.0000028694771
0.0000032416104
0.0000032860277
0.00000061652656
0.0000025466011
-0.0000010235929
0.0000027971886
0.0000070021531
0.0000022449969
0.0000028556966
0.0000017111492
0.000004554076
0.0000020108031
0.0000052926777
0.0000045227716
0.00000043162342
0.0000011182689
-0.000002532587
-0.0000012578678
0.0000043506811
0.00000040636537
0.0000023193597
0.0000035119674
0.0000039042566
0.00000047648426
-0.00000079493518
0.0000016277456
-0.00000046528815
0.0000033678769
0.0000025822829
0.0000005467033
-0.00000078957561
0.0000012687825
0.0000021095895
0.000004003434
0.0000072698113
0.0000030127381
0.0000058922337
0.0000023870181
0.000003513379
0.0000023793601
0.0000034785985
0.0000030930852
-0.0000002671433
0.0000027778243
0.0000060652778
0.0000037439488
0.0000021099948
0.00000047615999
0.0000036395501
0.0000031287049
0.0000026925801
0.0000022367047
0.0000034659718
0.0000048489759
0.0000035739754
0.0000045221994
0.0000040473221
0.0000059139773
0.00000088679302
0.0000027062272
0.0000048264693
0.00000031836034
0.0000045166204
0.00000064979077
0.0000020559882
0.00000074623584
0.0000022177743
0.00000057177542
0.0000024108647
0.00000096385471
0.0000024903868
0.0000046573398
0.000004018669
0.0000042636869
0.0000014066791
0.00000054647444
-0.0000035208843
0.0000037195919
0.0000048096273
0.0000048724886
0.0000051028631
0.0000025196313
0.0000017837905
0.0000010293483
0.0000023845767
0.0000041510103
0.0000020396232
0.0000051681325
0.0000011272287
-0.0000010648536
0.0000012532902
0.0000021448802
0.0000045265435
0.0000042921827
0.0000020852898
0.00000088915347
0.0000029607391
0.0000026125573
0.000005952768
0.0000062524649
0.0000030212831
0.00000065823074
0.00000033114427
0.0000032979201
-0.0000023150157
0.0000058423278
0.0000033717726
0.0000017084264
0.00000034404271
0.0000058173416
0.0000041646431
0.0000033676957
0.0000021480416
0.0000047573182
0.0000019834232
0.0000035609292
0.0000059287021
0.0000044187353
0.00000163692
0.0000021747684
-6.9808808E-09
0.0000028779172
0.0000035103224
0.0000014621448
0.0000043808363
0.00000086617467
0.0000015887784
0.0000014020395
0.0000012351465
0.0000040070771
0.0000025356005
0.0000019840288
0.0000025076245
-0.0000035817288
0.000003231406
0.0000012570428
0.0000034893177
0.000002543578
0.0000020778846
0.000003814616
0.0000050651596
0.0000067243763
-0.00000026079178
-0.0000014440059
0.0000028379439
0.00000054277896
0.0000027144527
0.0000020850419
0.0000036014651
0.0000026576089
0.0000047138832
0.00000021156311
0.0000024243115
0.00000079048628
0.0000040226649
0.0000027636337
0.0000038241861
0.00000058320998
Field Data
-4.7010253
-3.7856404
-2.8788922
-1.9661805
-1.0591239
-0.14802472
0.76481666
1.6711553
2.5835754
3.4832142
4.4025403
6.9501425
11.686235
16.432945
21.17656
25.937067
30.69239
35.439809
40.181823
44.937428
49.686444
54.425327
59.144536
63.925522
68.671191
73.431172
78.1807
82.927061
87.677399
92.410698
97.149452
108.67486
128.63755
148.6473
168.64576
188.65058
208.64407
228.64118
248.64837
268.63978
288.64623
308.63275
328.62799
348.62512
368.6192
388.6234
408.62091
428.62163
448.59448
468.59889
488.59281
510.48308
535.66391
560.66613
585.67304
610.6657
635.67055
660.66321
685.67486
710.67204
735.68389
760.68241
785.68071
810.6812
835.68062
860.68066
885.67634
910.68363
935.6816
960.68266
985.68131
1123.3114
1398.0567
1673.0626
1948.1
2223.1023
2498.0942
2773.0558
3048.0517
3323.0272
3598.0265
3872.9827
4147.9596
4422.9198
4697.8912
4972.8818
5247.8562
5522.8334
5798.6041
6075.5216
6350.4826
6625.467
6900.4364
7175.3922
7450.3718
7725.3267
8000.2976
8275.2392
8550.1702
8825.102
9100.0197
9374.9018
9649.8099
9924.6435
10199.507
10474.336
10749.161
11023.971
11298.799
11573.553
11848.318
11860.965
11585.515
11309.996
11034.614
10759.266
10483.984
10208.739
9933.5076
9658.3209
9383.1681
9108.0533
8832.0641
8555.1171
8280.0698
8002.8259
7727.208
7452.1778
7177.1628
6902.1235
6627.1019
6352.093
6077.0516
5802.0278
5526.992
5251.9821
4976.9512
4701.9349
4426.9298
4151.8849
3876.8473
3601.8401
3326.8098
3051.7973
2776.7804
2501.7694
2226.7361
1951.7402
1676.7346
1401.6911
1126.9103
977.43856
927.51287
877.5101
827.18808
777.00666
727.00214
677.01462
627.00381
577.01193
526.67234
491.25768
471.2854
451.29406
431.29229
411.30084
391.31212
371.31084
351.33018
331.32538
311.33421
291.32529
271.34253
251.35564
231.34544
211.35172
191.36292
171.36215
151.36909
131.37851
111.37891
96.239591
86.287998
76.287054
66.291458
56.28762
46.297159
36.304287
26.296016
16.289258
6.3053052
-3.7044137
-13.686667
-23.700635
-33.703333
-43.69525
-53.701283
-63.694028
-73.695317
-83.691609
-93.695539
-108.18583
-128.1843
-148.18602
-168.26031
-188.3689
-208.37507
-228.37749
-248.37994
-268.37353
-288.36249
-308.35339
-328.35099
-348.34611
-368.33353
-388.33967
-408.3339
-428.33028
-448.42914
-468.51818
-488.51353
-521.93261
-571.89225
-621.89067
-671.89147
-721.89048
-771.88612
-821.89208
-871.88707
-921.90019
-971.88936
-1129.215
-1404.1867
-1679.1734
-1954.152
-2229.1506
-2504.1491
-2779.1185
-3054.1091
-3329.0904
-3604.0805
-3879.0649
-4154.0626
-4429.0463
-4703.9899
-4978.9954
-5253.9628
-5528.9239
-5803.9167
-6078.8828
-6353.8592
-6628.822
-6906.2507
-7181.5236
-7456.5142
-7731.4606
-8006.4377
-8281.3622
-8556.3044
-8831.246
-9106.1584
-9381.0481
-9655.9276
-9930.8132
-10205.641
-10480.466
-10755.291
-11030.103
-11304.888
-11579.642
-11854.374
-11871.971
-11596.619
-11321.106
-11045.718
-10770.391
-10495.096
-10219.836
-9944.6129
-9669.4213
-9394.2877
-9119.143
-8844.0527
-8568.9789
-8293.9089
-8018.8684
-7743.8112
-7468.7858
-7193.7338
-6918.7048
-6643.6918
-6368.6681
-6093.6568
-5818.623
-5543.605
-5268.5698
-4993.5395
-4718.5368
-4443.5108
-4168.491
-3893.4544
-3618.447
-3343.4011
-3068.3886
-2793.3736
-2518.3477
-2243.3362
-1968.3334
-1693.3129
-1418.3117
-1142.5638
-978.06582
-928.17501
-878.16479
-828.16712
-777.87793
-727.49948
-677.16379
-627.16063
-577.16549
-527.16503
-491.79986
-471.83423
-451.83898
-431.84258
-411.85123
-391.86535
-371.85919
-351.86675
-331.8739
-311.86888
-291.87459
-271.8866
-251.89432
-231.89562
-211.89439
-191.90614
-171.91049
-151.91894
-131.92008
-111.92559
-96.911344
-86.927701
-76.93283
-66.939954
-56.930943
-46.934691
-36.945964
-26.932961
-16.937965
-6.9396724
3.0581826
13.060019
23.072252
33.061003
43.051403
53.060806
63.074429
73.054893
83.064768
93.041073
116.94061
156.93462
196.91539
236.92293
276.92589
316.91568
356.92433
396.90916
436.90416
476.90133
520.63739
570.58925
620.57854
670.57701
720.59036
770.64899
821.08734
871.43061
921.58851
971.59012
1119.2832
1393.8005
1668.7568
1943.7441
2218.7533
2493.7466
2768.7019
3043.6899
3318.7008
3593.6682
3868.6406
4143.6436
4418.6209
4693.596
4968.5894
5243.5556
5518.5348
5793.5091
6068.4672
6343.4624
6618.4345
6893.4082
7168.3796
7443.3418
7718.3073
7993.2587
8268.2303
8543.1746
8818.0811
9093.0057
9367.914
9642.7872
9917.6613
10192.488
10467.309
10742.136
11016.953
11293.176
11569.241
11843.961
Time Data
0
10
20
30
40
50
60
70
80
90
100
110
120
130
140
150
160
170
180
190
200
210
220
230
240
250
260
270
280
290
300
310
320
330
340
350
360
370
380
390
400
410
420
430
440
450
460
470
480
490
500
510
520
530
540
550
560
570
580
590
600
610
620
630
640
650
660
670
680
690
700
710
720
730
740
750
760
770
780
790
800
810
820
830
840
850
860
870
880
890
900
910
920
930
940
950
960
970
980
990
1000
1010
1020
1030
1040
1050
1060
1070
1080
1090
1100
1110
1120
1130
1140
1150
1160
1170
1180
1190
1200
1210
1220
1230
1240
1250
1260
1270
1280
1290
1300
1310
1320
1330
1340
1350
1360
1370
1380
1390
1400
1410
1420
1430
1440
1450
1460
1470
1480
1490
1500
1510
1520
1530
1540
1550
1560
1570
1580
1590
1600
1610
1620
1630
1640
1650
1660
1670
1680
1690
1700
1710
1720
1730
1740
1750
1760
1770
1780
1790
1800
1810
1820
1830
1840
1850
1860
1870
1880
1890
1900
1910
1920
1930
1940
1950
1960
1970
1980
1990
2000
2010
2020
2030
2040
2050
2060
2070
2080
2090
2100
2110
2120
2130
2140
2150
2160
2170
2180
2190
2200
2210
2220
2230
2240
2250
2260
2270
2280
2290
2300
2310
2320
2330
2340
2350
2360
2370
2380
2390
2400
2410
2420
2430
2440
2450
2460
2470
2480
2490
2500
2510
2520
2530
2540
2550
2560
2570
2580
2590
2600
2610
2620
2630
2640
2650
2660
2670
2680
2690
2700
2710
2720
2730
2740
2750
2760
2770
2780
2790
2800
2810
2820
2830
2840
2850
2860
2870
2880
2890
2900
2910
2920
2930
2940
2950
2960
2970
2980
2990
3000
3010
3020
3030
3040
3050
3060
3070
3080
3090
3100
3110
3120
3130
3140
3150
3160
3170
3180
3190
3200
3210
3220
3230
3240
3250
3260
3270
3280
3290
3300
3310
3320
3330
3340
3350
3360
3370
3380
3390
3400
3410
3420
3430
3440
3450
3460
3470
3480
3490
3500
3510
3520
3530
3540
3550
3560
3570
3580
3590
3600
3610
3620
3630
3640
3650
3660
3670
3680
3690
3700
3710
3720
3730
3740
3750
3760
3770
3780
3790
3800
3810
3820
3830
3840
3850
3860
3870
3880
3890
3900
3910
3920
3930
3940
3950
3960
3970
3980
3990
4000
4010
4020
4030
4040
4050
4060
4070
4080
4090
4100
4110
4120
4130
4140
4150
4160
4170
4180
4190
4200
Temperature Data
0
0
0
0
0
0
0
0
0
0
0
0
0
0
0
0
0
0
0
0
0
0
0
0
0
0
0
0
0
0
0
0
0
0
0
0
0
0
0
0
0
0
0
0
0
0
0
0
0
0
0
0
0
0
0
0
0
0
0
0
0
0
0
0
0
0
0
0
0
0
0
0
0
0
0
0
0
0
0
0
0
0
0
0
0
0
0
0
0
0
0
0
0
0
0
0
0
0
0
0
0
0
0
0
0
0
0
0
0
0
0
0
0
0
0
0
0
0
0
0
0
0
0
0
0
0
0
0
0
0
0
0
0
0
0
0
0
0
0
0
0
0
0
0
0
0
0
0
0
0
0
0
0
0
0
0
0
0
0
0
0
0
0
0
0
0
0
0
0
0
0
0
0
0
0
0
0
0
0
0
0
0
0
0
0
0
0
0
0
0
0
0
0
0
0
0
0
0
0
0
0
0
0
0
0
0
0
0
0
0
0
0
0
0
0
0
0
0
0
0
0
0
0
0
0
0
0
0
0
0
0
0
0
0
0
0
0
0
0
0
0
0
0
0
0
0
0
0
0
0
0
0
0
0
0
0
0
0
0
0
0
0
0
0
0
0
0
0
0
0
0
0
0
0
0
0
0
0
0
0
0
0
0
0
0
0
0
0
0
0
0
0
0
0
0
0
0
0
0
0
0
0
0
0
0
0
0
0
0
0
0
0
0
0
0
0
0
0
0
0
0
0
0
0
0
0
0
0
0
0
0
0
0
0
0
0
0
0
0
0
0
0
0
0
0
0
0
0
0
0
0
0
0
0
0
0
0
0
0
0
0
0
0
0
0
0
0
0
0
0
0
0
0
0
0
0
0
0
0
0
0
0
0
0
0
0
0
0
0
0
0
0
0
0
0
0
0
0
0
0
0
0
0
0
0
0
0
0
0
0
0
0
0
0
0
0
0
0
0
0
0
Angle Data
0
0
0
0
0
0
0
0
0
0
0
0
0
0
0
0
0
0
0
0
0
0
0
0
0
0
0
0
0
0
0
0
0
0
0
0
0
0
0
0
0
0
0
0
0
0
0
0
0
0
0
0
0
0
0
0
0
0
0
0
0
0
0
0
0
0
0
0
0
0
0
0
0
0
0
0
0
0
0
0
0
0
0
0
0
0
0
0
0
0
0
0
0
0
0
0
0
0
0
0
0
0
0
0
0
0
0
0
0
0
0
0
0
0
0
0
0
0
0
0
0
0
0
0
0
0
0
0
0
0
0
0
0
0
0
0
0
0
0
0
0
0
0
0
0
0
0
0
0
0
0
0
0
0
0
0
0
0
0
0
0
0
0
0
0
0
0
0
0
0
0
0
0
0
0
0
0
0
0
0
0
0
0
0
0
0
0
0
0
0
0
0
0
0
0
0
0
0
0
0
0
0
0
0
0
0
0
0
0
0
0
0
0
0
0
0
0
0
0
0
0
0
0
0
0
0
0
0
0
0
0
0
0
0
0
0
0
0
0
0
0
0
0
0
0
0
0
0
0
0
0
0
0
0
0
0
0
0
0
0
0
0
0
0
0
0
0
0
0
0
0
0
0
0
0
0
0
0
0
0
0
0
0
0
0
0
0
0
0
0
0
0
0
0
0
0
0
0
0
0
0
0
0
0
0
0
0
0
0
0
0
0
0
0
0
0
0
0
0
0
0
0
0
0
0
0
0
0
0
0
0
0
0
0
0
0
0
0
0
0
0
0
0
0
0
0
0
0
0
0
0
0
0
0
0
0
0
0
0
0
0
0
0
0
0
0
0
0
0
0
0
0
0
0
0
0
0
0
0
0
0
0
0
0
0
0
0
0
0
0
0
0
0
0
0
0
0
0
0
0
0
0
0
0
0
0
0
0
0
0
0
0
0
0
0
0
0
0
0
0
0
Bx Data
0
0
0
0
0
0
0
0
0
0
0
0
0
0
0
0
0
0
0
0
0
0
0
0
0
0
0
0
0
0
0
0
0
0
0
0
0
0
0
0
0
0
0
0
0
0
0
0
0
0
0
0
0
0
0
0
0
0
0
0
0
0
0
0
0
0
0
0
0
0
0
0
0
0
0
0
0
0
0
0
0
0
0
0
0
0
0
0
0
0
0
0
0
0
0
0
0
0
0
0
0
0
0
0
0
0
0
0
0
0
0
0
0
0
0
0
0
0
0
0
0
0
0
0
0
0
0
0
0
0
0
0
0
0
0
0
0
0
0
0
0
0
0
0
0
0
0
0
0
0
0
0
0
0
0
0
0
0
0
0
0
0
0
0
0
0
0
0
0
0
0
0
0
0
0
0
0
0
0
0
0
0
0
0
0
0
0
0
0
0
0
0
0
0
0
0
0
0
0
0
0
0
0
0
0
0
0
0
0
0
0
0
0
0
0
0
0
0
0
0
0
0
0
0
0
0
0
0
0
0
0
0
0
0
0
0
0
0
0
0
0
0
0
0
0
0
0
0
0
0
0
0
0
0
0
0
0
0
0
0
0
0
0
0
0
0
0
0
0
0
0
0
0
0
0
0
0
0
0
0
0
0
0
0
0
0
0
0
0
0
0
0
0
0
0
0
0
0
0
0
0
0
0
0
0
0
0
0
0
0
0
0
0
0
0
0
0
0
0
0
0
0
0
0
0
0
0
0
0
0
0
0
0
0
0
0
0
0
0
0
0
0
0
0
0
0
0
0
0
0
0
0
0
0
0
0
0
0
0
0
0
0
0
0
0
0
0
0
0
0
0
0
0
0
0
0
0
0
0
0
0
0
0
0
0
0
0
0
0
0
0
0
0
0
0
0
0
0
0
0
0
0
0
0
0
0
0
0
0
0
0
0
0
0
0
0
0
0
0
0
0
Hint Data
0
0
0
0
0
0
0
0
0
0
0
0
0
0
0
0
0
0
0
0
0
0
0
0
0
0
0
0
0
0
0
0
0
0
0
0
0
0
0
0
0
0
0
0
0
0
0
0
0
0
0
0
0
0
0
0
0
0
0
0
0
0
0
0
0
0
0
0
0
0
0
0
0
0
0
0
0
0
0
0
0
0
0
0
0
0
0
0
0
0
0
0
0
0
0
0
0
0
0
0
0
0
0
0
0
0
0
0
0
0
0
0
0
0
0
0
0
0
0
0
0
0
0
0
0
0
0
0
0
0
0
0
0
0
0
0
0
0
0
0
0
0
0
0
0
0
0
0
0
0
0
0
0
0
0
0
0
0
0
0
0
0
0
0
0
0
0
0
0
0
0
0
0
0
0
0
0
0
0
0
0
0
0
0
0
0
0
0
0
0
0
0
0
0
0
0
0
0
0
0
0
0
0
0
0
0
0
0
0
0
0
0
0
0
0
0
0
0
0
0
0
0
0
0
0
0
0
0
0
0
0
0
0
0
0
0
0
0
0
0
0
0
0
0
0
0
0
0
0
0
0
0
0
0
0
0
0
0
0
0
0
0
0
0
0
0
0
0
0
0
0
0
0
0
0
0
0
0
0
0
0
0
0
0
0
0
0
0
0
0
0
0
0
0
0
0
0
0
0
0
0
0
0
0
0
0
0
0
0
0
0
0
0
0
0
0
0
0
0
0
0
0
0
0
0
0
0
0
0
0
0
0
0
0
0
0
0
0
0
0
0
0
0
0
0
0
0
0
0
0
0
0
0
0
0
0
0
0
0
0
0
0
0
0
0
0
0
0
0
0
0
0
0
0
0
0
0
0
0
0
0
0
0
0
0
0
0
0
0
0
0
0
0
0
0
0
0
0
0
0
0
0
0
0
0
0
0
0
0
0
0
0
0
0
0
0
0
0
0
0
0
Torque Data
-5.88273754304449E-06
3.66341119487736E-06
-1.03049042326849E-05
-9.68360392504395E-06
-6.57424820513607E-06
-7.51490403446328E-08
2.8921429569851E-06
5.42823912526115E-06
4.2863543992689E-06
1.01730548415562E-05
1.8265963162834E-05
9.05723179702425E-06
3.37314280050165E-05
-1.7995238227506E-05
1.43861619883752E-04
1.41003557769457E-04
8.3788245040845E-05
9.94446321071541E-05
1.84361412543046E-04
2.24806269121628E-04
1.49116049075826E-04
1.4365401785669E-04
2.75738510164568E-04
4.0460488034337E-04
8.66363230815819E-05
2.60624639958881E-04
1.4804456840628E-04
-1.08221647293048E-04
3.97705856741147E-04
5.9892066454035E-05
7.62526651074602E-04
3.49188930698608E-04
-7.81651086300425E-05
3.2508373706364E-04
2.62052642674944E-04
6.15163186893974E-04
8.85326905315614E-04
7.78231791851972E-04
1.74364925570321E-04
3.51768318258672E-04
9.80441012498502E-04
1.5930520118817E-03
1.62966820704074E-03
-1.8174234351115E-04
1.40236692230528E-03
4.8338132703498E-04
1.25125377955394E-03
1.12423574523249E-03
1.57236685204842E-03
8.43892758877539E-04
1.19284882511845E-03
2.91955917024218E-03
9.0928038093853E-04
6.71659802090775E-04
3.00287440701419E-03
5.08394046639824E-04
2.15049603695453E-03
2.55330494567856E-03
1.13814429482551E-03
1.78568054818499E-03
1.39893984816628E-03
3.59616739832986E-04
-1.53854495096858E-03
0.002214367590988
1.68312678744898E-03
2.4916231732637E-03
3.42627151417931E-03
2.69562791608142E-03
2.24682050647376E-03
4.81960205170846E-04
3.39692284396426E-03
6.3563030510117E-03
5.03697166510893E-04
3.40048250195522E-03
0.00252082756849
1.51747689160382E-02
4.87526640158306E-03
3.90542786712398E-03
6.53578699136119E-03
5.38593988917504E-03
5.29496049997115E-03
8.52962123383357E-03
0.012759559265358
5.50203350322756E-03
0.035041621198025
3.03929645906374E-02
5.00261868439636E-03
1.31307755471862E-02
9.07010637011039E-03
2.70324300599051E-02
2.05154766277353E-02
2.90640719109735E-02
0.047276900563567
2.79948299803394E-02
4.76127364245623E-02
6.17152501979477E-03
1.57363629709267E-02
6.13554411477476E-03
0.026959539947586
0.023119079996441
1.55700163164459E-03
1.46633935917311E-02
1.73814199732871E-02
6.95640087206057E-03
-1.51952877455927E-02
5.97653639993952E-02
0.016981675036054
3.81511591327776E-02
2.86329701232395E-02
1.65228764637624E-02
5.50431124504004E-02
4.20111264545145E-02
0.05056326556128
0.05392184795449
-4.63399652183716E-02
7.22628552527154E-02
0.032173548892744
5.04086736618657E-02
0.023522421827955
1.42092743823076E-02
7.76361695922751E-03
1.93576608171342E-02
4.71276688199654E-02
1.04740983064668E-02
-3.49846064680563E-03
0.011683850516789
1.82740927444992E-02
1.6629199412699E-03
2.24225410564991E-02
1.48317750982055E-02
1.90456427300342E-02
2.81150756876253E-02
0.022256912825049
1.27203210731059E-02
3.27159967018944E-02
1.66375335113418E-02
-4.73784671874717E-04
2.05133660147815E-02
3.12902414947733E-04
1.04197231344043E-02
1.18454324443612E-03
3.80243918160935E-03
3.4405950121845E-03
1.94162305375641E-02
1.09694466063437E-02
9.79412924026446E-04
9.89505898972222E-03
4.4661641720497E-03
5.96719109594782E-03
4.32146678539269E-04
4.42670593879885E-03
5.60289413307333E-03
1.72371765024281E-03
2.67023664574397E-03
2.72931360474583E-03
6.39348236230767E-04
2.21516083513677E-03
1.75847039452864E-03
2.82983046311603E-03
1.02601901413806E-03
2.27024271513594E-03
1.67049698145293E-03
-1.96370402786628E-04
1.83852515611657E-03
1.11381535797103E-03
2.42552816699791E-03
9.71928678193008E-04
1.2728681891671E-03
4.51191181239642E-04
1.02346681568812E-03
3.34948754161395E-04
1.35933330034445E-03
1.02181195827717E-03
-2.16952002867446E-04
6.96330179441232E-04
5.76892910403284E-04
7.24982000906604E-05
3.0593973515343E-04
5.65538730597857E-04
2.80055864893018E-04
6.13271959113397E-04
4.79657813577309E-05
2.38669616903269E-04
3.13435568566825E-04
2.37099792035583E-04
1.64733082350696E-04
2.11006575426179E-04
1.18080956856688E-04
1.75099206607571E-04
5.25801187031612E-05
1.5440683585968E-05
-1.18388149799434E-05
-2.09472399121617E-05
-2.08527854219017E-05
-8.69688623905256E-05
8.07005474878E-05
-8.58815137014633E-05
-4.74847819471086E-04
-1.28605343959178E-04
-3.63961057009641E-04
-8.69437822423366E-05
-9.24160889524427E-05
-5.603943281598E-05
-3.01105294120626E-04
4.13901567923373E-04
-5.9259953652969E-04
-8.45911620106875E-04
-3.514798084347E-04
-1.52321660837957E-03
-6.88683298828316E-04
-1.67285551303276E-03
-1.70860821209272E-03
-3.85836875398755E-04
-1.87406413690862E-03
-1.44331132763641E-03
-7.41212006101131E-04
-3.98855090012418E-04
-1.61216154394487E-03
-1.6719164791389E-05
-1.29748234160394E-03
-5.50072438901831E-04
9.993600263453E-04
-1.22867469867015E-03
-3.05770980744959E-03
-1.57777955874528E-03
7.91719018319448E-04
-1.50966591146752E-03
-9.75840849883216E-04
-2.58098931283085E-03
-2.6260952882379E-03
-3.68413895598434E-03
-0.005245660555389
-3.62731291661109E-03
-1.63064184643453E-03
-3.5939999510568E-03
-8.57967275134674E-03
-6.00303812479197E-03
-1.36777974297446E-02
-1.72849017869705E-02
-1.42137881611274E-02
-2.11575116602243E-02
-0.018654229926668
-0.012488005299059
-0.018638195269933
-1.69951782326242E-02
-1.69062978786901E-02
-1.74168887835851E-02
-2.88425178108512E-02
-2.17639395001374E-02
-0.014868791101512
-1.27832676920458E-02
-1.31589169766608E-02
4.6289934701205E-03
-3.10167612836641E-02
-3.03123542517928E-02
-1.17459542528428E-02
-4.01667254765357E-02
4.20277110997623E-04
-1.89456789406993E-02
-2.28616249113692E-02
-1.62839047250162E-02
-3.51778553068877E-02
-0.027707463127458
-3.21918273495773E-02
-3.35360190222557E-02
-6.46148565017696E-03
-2.73894358914201E-02
1.12903351170687E-02
-3.16219038378768E-02
-8.10824261271902E-02
-2.66130328814406E-02
-3.39027472199986E-02
-1.98435453245548E-02
-0.051557177128056
-2.22107639961258E-02
-5.70042082659807E-02
-4.74669221280736E-02
-4.41112056615912E-03
-1.11207513286088E-02
2.44886506819031E-02
1.18167720017661E-02
-3.96744830982973E-02
-0.003593916747735
-1.98745443308103E-02
-2.91279376753699E-02
-3.13077198752314E-02
-3.68980414921171E-03
5.93720058430444E-03
-1.17095685405213E-02
3.21919135678812E-03
-2.23751361439394E-02
-1.64457027304055E-02
-3.33142228162744E-03
4.59424280458503E-03
-7.0336290109125E-03
-1.11145195300971E-02
-0.019991305814643
-3.43028721481058E-02
-1.33871342849215E-02
-2.45617231483467E-02
-9.29374612432464E-03
-0.012712975702413
-7.95515517563611E-03
-1.06736919813771E-02
-8.64014254023072E-03
6.7275971512541E-04
-6.23159380942966E-03
-1.19384888740185E-02
-6.33967679997952E-03
-2.99263031177916E-03
-5.44043167582362E-04
-3.55971955298758E-03
-2.90398570184455E-03
-2.36452903807468E-03
-1.85236528968946E-03
-2.69610296922237E-03
-3.52762744578253E-03
-2.42016672723077E-03
-2.83614542468962E-03
-2.33597464303433E-03
-3.11764202077382E-03
-4.36124683084977E-04
-1.27689062711706E-03
-2.18078696551331E-03
-1.37481550595277E-04
-1.86017566718309E-03
-2.54630487512819E-04
-7.64538106701558E-04
-2.6257557975432E-04
-7.3602140626077E-04
-1.7831895984693E-04
-7.03670145857973E-04
-2.62059179995886E-04
-6.27314289522976E-04
-1.08001670047168E-03
-8.5153341636691E-04
-8.18227695147566E-04
-2.41822893353759E-04
-8.30198176618936E-05
4.64475338526744E-04
-4.16317517966721E-04
-4.66107445782091E-04
-4.23554232146709E-04
-3.92577699385573E-04
-1.6866400331896E-04
-1.01552875279442E-04
-4.83121443918753E-05
-8.81004849134388E-05
-1.11798998520498E-04
-3.4547066374788E-05
-3.5865146469793E-05
3.44727119656062E-06
-1.39070082482184E-05
2.89162273235304E-05
7.09118907268406E-05
1.9487404841553E-04
2.27746673561256E-04
1.31528463434524E-04
6.49570116114287E-05
2.45933106450029E-04
2.43075134465983E-04
6.9612032110848E-04
9.81228203144838E-04
5.94937139936909E-04
1.55949955536868E-04
9.17024216881503E-05
1.04516259107717E-03
-8.26285427661981E-04
2.31887341954265E-03
1.47314147551402E-03
8.14750822367112E-04
1.79121498582927E-04
3.3193125805378E-03
2.58448813461907E-03
2.25829931309586E-03
1.54785806983898E-03
3.66622246593862E-03
1.62856367938229E-03
3.10310270492281E-03
5.46382373457287E-03
4.29319956037524E-03
0.001832177055744
3.0311932833042E-03
-1.16493923049894E-05
5.59393457778852E-03
7.78853940906392E-03
3.64621862370768E-03
0.012129229787399
2.63636709471483E-03
5.27268014710272E-03
5.0384647662939E-03
4.7783378968479E-03
1.66038993801216E-02
1.12038573633504E-02
9.3122296395648E-03
1.24593565098803E-02
-1.87809941069213E-02
1.78326264639288E-02
7.28268890088948E-03
2.11748100128294E-02
1.61350914044672E-02
1.37523431236587E-02
2.62957052142512E-02
3.63089867473842E-02
5.00518311927193E-02
-2.01287109935399E-03
-1.15423127230263E-02
2.34647737436802E-02
4.63705542448642E-03
0.023936264050714
1.89592978814388E-02
3.37382153308014E-02
2.56267570835261E-02
4.67506969853602E-02
2.15635445991768E-03
2.53760175827535E-02
8.49151112589408E-03
4.43175101380497E-02
3.12102017736312E-02
4.42429306197501E-02
6.90751625793078E-03
dMdH Data
-4.85323714647245E-07
1.894039602174E-06
4.22457934964568E-06
-3.66135916986878E-06
-1.02129386177255E-06
-5.41064757603341E-06
-1.38468663324341E-06
4.87646096354081E-06
1.10728439013524E-06
-2.19416048342368E-06
1.30620353523011E-06
-4.98934723086597E-07
6.55941694352511E-07
9.61596377446314E-07
3.36596501170989E-07
-9.14895370934845E-07
3.53114818809968E-07
7.6063060969453E-07
2.39818025256513E-06
-3.59386660310263E-07
3.14415865510924E-07
9.03957633577999E-07
-6.76896774012724E-07
1.38242679799202E-07
9.714729953754E-07
1.02213272560979E-06
-4.56157675322211E-07
2.57777446573276E-07
4.80924615157419E-07
1.86421050765665E-06
-5.91711460453287E-07
5.18961572814085E-07
5.32824807906146E-07
3.15848059100551E-07
4.34937241324841E-07
5.26613802792809E-07
-5.7706538594827E-08
4.63843198370186E-07
3.75858931411042E-07
4.82957796110753E-07
1.26658818043361E-07
3.62382797105711E-07
5.41822851579202E-07
4.08201277578163E-07
2.23433978864438E-07
3.15299054732315E-07
4.11821124439521E-07
3.84698678456004E-07
1.2766634956992E-07
3.10369352283094E-07
3.76777444956138E-07
4.39470422539685E-07
4.3455141183463E-07
2.58349792117458E-07
1.94599134305833E-07
2.45456381461996E-07
5.35523629737691E-07
1.74858515931579E-08
5.50752524884805E-07
2.30956526606388E-07
2.47183033235568E-07
3.0656124616474E-07
2.92336670201264E-07
3.60447562383448E-07
3.52126636597381E-07
4.26311666655998E-07
2.94421746618687E-07
9.14170230622726E-08
3.00076076774344E-07
3.29139773547772E-07
2.90801742554989E-07
2.97797086974736E-07
2.5728215285563E-07
2.71445228903415E-07
2.73460585602375E-07
2.63847371504397E-07
2.75268837539497E-07
2.2995586479653E-07
3.47200932446709E-07
1.97280502168551E-07
2.9739002066511E-07
2.13618671241111E-07
3.48086741281102E-07
2.62136716763998E-07
2.34189823215775E-07
2.7559329159369E-07
3.16426961944481E-07
2.25595757634876E-07
2.22607094170646E-07
3.46449132786104E-07
2.23517770462616E-07
2.71908801488457E-07
2.71624021024469E-07
2.51759766906345E-07
3.28651353367407E-07
2.37832439723622E-07
2.1045814820311E-07
2.18945480866107E-07
3.33746769198762E-07
2.78993313271572E-07
2.19454813536421E-07
2.32842902773691E-07
2.92556659738838E-07
2.63427483096155E-07
2.83748803801637E-07
2.84276903484035E-07
2.26579818783888E-07
2.89906778057547E-07
1.94347307045576E-07
3.26006223500083E-07
1.11567960781188E-07
2.4289562534035E-07
2.62766996105532E-07
2.74466740745582E-07
2.60986460769645E-07
2.73645570723841E-07
2.64456030082289E-07
2.11587776685365E-07
2.78312869044907E-07
2.46596436598136E-07
2.88696573212345E-07
2.26708871216701E-07
2.21405900768016E-07
2.9538737518965E-07
2.45836247434119E-07
2.68788420490831E-07
2.73269989986555E-07
2.5951129938367E-07
2.63488526912335E-07
2.52992128618261E-07
2.80838183782416E-07
2.67319029062534E-07
2.53064280255018E-07
2.26797384195076E-07
3.09596854513237E-07
2.04537744667963E-07
2.88966872145397E-07
3.16313042921749E-07
2.97840461684619E-07
2.53964185260488E-07
2.28554379667151E-07
3.62804316469858E-07
1.60946502431708E-07
2.26356234835023E-07
3.66953721851126E-07
2.10585772704614E-07
3.89713810278626E-07
2.15652081266709E-07
2.50546186330526E-07
2.75115546646636E-07
4.21442942993773E-07
8.82677835799571E-08
3.40403341654872E-07
7.86035616217316E-08
7.8568502047172E-07
1.10022054006318E-07
2.83527968580958E-07
2.50948344967818E-07
5.29609808632922E-07
1.33308594686607E-07
3.35018040551569E-07
3.28267979419475E-07
7.63077412519622E-07
2.96953719595815E-08
5.53303137091107E-07
7.54468069991475E-07
-5.99157153942147E-07
4.27061668633568E-07
5.12287550987763E-07
5.8612467404359E-07
2.45813667104472E-07
3.9013549679824E-07
3.13213761620742E-07
7.09154781061658E-07
1.67831699153534E-07
5.74999499719843E-07
-1.0539394233322E-07
5.08595817748758E-07
2.0541651617912E-07
-3.35602712054242E-09
8.39792939167211E-07
8.4390850791426E-07
1.07316319339454E-06
9.89973984542792E-08
7.30448953691573E-07
4.12155955566015E-07
-7.15083011170362E-07
1.13607425298536E-06
-2.14725888244724E-07
2.74640721458538E-07
7.69778859624123E-08
1.49120209161593E-06
-2.22375685642294E-07
2.56406321574439E-07
1.18260149678986E-06
4.74936770646268E-07
4.390708458987E-07
3.42898300409077E-07
1.72256172588796E-07
1.03581902312391E-06
3.21152280516658E-07
5.55554999957496E-07
-4.50331771467654E-07
7.29561045496504E-07
4.84306955385734E-07
2.23301111607069E-07
1.1063111363525E-06
-3.4909923534367E-07
5.59173215015412E-07
6.54545309010576E-07
3.36776733413702E-07
-6.20344441332955E-08
8.31581405863031E-07
-2.94997553461127E-07
7.41144468648125E-07
6.16382826445429E-07
-1.7392147978785E-08
7.68640609467404E-07
-2.3589977420524E-07
8.26418142218066E-07
1.61317427050655E-07
4.08080402500898E-07
2.37606708371984E-07
4.83502263963777E-07
1.76728699228244E-07
2.58485939973967E-07
4.34605395036912E-07
4.07992880886667E-08
5.61481667210524E-07
3.65780428040713E-07
2.22092152302702E-07
4.67093886389036E-07
1.49226126209012E-08
3.68696218542097E-07
3.2129654478241E-07
3.63515037354749E-07
1.55965354690377E-07
3.89435711620688E-07
2.4558688172614E-07
1.92189827924714E-07
2.77522652194088E-07
2.69389889442711E-07
2.61314034250031E-07
2.84548540136959E-07
2.80611478679517E-07
3.27564649482083E-07
1.9401362592745E-07
3.60639987665132E-07
2.66104803464863E-07
3.40195013099307E-07
2.10269898328064E-07
2.1414547233217E-07
2.78425518821505E-07
3.05580627119618E-07
2.49128193713391E-07
3.0868243210071E-07
2.48160858708483E-07
3.63242165080513E-07
2.07623364379927E-07
2.3148682998657E-07
3.00802103534617E-07
3.09090346861079E-07
2.7169156914731E-07
2.15674687931862E-07
2.54675884653871E-07
2.81113799690713E-07
3.47246481230806E-07
2.16254526265989E-07
2.29817218311654E-07
3.55632762109984E-07
-6.29465249758507E-07
2.41498881431767E-07
2.49997277805404E-07
2.4206210873386E-07
2.65384070577893E-07
2.76857552806989E-07
2.44887379205115E-07
2.76301298837199E-07
2.51135209068881E-07
2.41102140923537E-07
2.20751480948024E-07
2.75333953978021E-07
2.55696107735451E-07
2.87421747191623E-07
3.08816337957501E-07
2.01492634986468E-07
2.99363986017292E-07
2.68581577301746E-07
2.74394700195252E-07
2.74995000236352E-07
2.13561958478488E-07
2.41358809619822E-07
2.87161432522112E-07
2.83373815532074E-07
3.01626482719303E-07
2.65438389879224E-07
2.81069604043887E-07
2.92431261044411E-07
1.48014070259669E-07
2.7677261862603E-07
3.18744513783993E-07
2.87298956283296E-07
3.22924957956457E-07
2.33080122902387E-07
2.31478780725743E-07
3.01371942627854E-07
2.56468115961001E-07
2.38630465728918E-07
3.85094974131022E-07
2.87734920193408E-07
1.76826122728073E-07
3.83064736772164E-07
4.77409017596803E-07
1.2101923949656E-07
5.19021284693589E-07
1.96449275434239E-07
2.22022783436563E-07
5.70812724635804E-07
2.5437032479557E-07
-7.95330682957717E-08
9.43789044418563E-07
-7.34762689682437E-09
3.60665658093798E-07
7.363610449881E-07
6.59762847431514E-07
-4.09494102836604E-07
5.25509143183902E-07
2.01901318698467E-07
5.38874647686547E-07
2.22502151959858E-07
5.80020095737336E-07
3.0081063678739E-07
2.33070465199568E-07
5.14023411521748E-07
3.34934401534312E-08
4.24189211161557E-07
5.16740891143824E-07
8.70917962839293E-08
8.08725097330549E-07
4.828100141589E-07
-1.41941859751065E-07
8.88530369124777E-07
2.56321467280568E-07
8.21493231778319E-07
-3.53585384210288E-07
8.76191396535421E-07
6.35537441357644E-07
-2.57807772553349E-07
9.38644697806782E-07
4.84673753196622E-07
6.57364004578982E-07
2.22336170185707E-07
1.7372648039653E-07
1.05998237417271E-06
-9.85034633247917E-07
2.14527479810734E-06
-1.65980884241397E-07
3.50450640371028E-07
1.40297456261941E-07
1.47780165101207E-07
8.92234857938862E-09
2.59984682706236E-07
1.01542076353207E-06
1.74783028399147E-07
4.87997388193274E-07
4.15349042843186E-07
2.28620310857777E-08
4.56790302722308E-07
6.50134451806476E-07
-8.26066444200928E-08
5.91732748674663E-07
6.93958943670966E-08
4.27423614138149E-07
1.75843600814185E-07
5.05314121129658E-07
3.06868166388093E-07
2.18596960447755E-07
4.33361996548894E-07
3.43887602949884E-07
1.60039846716936E-07
3.39549557772104E-07
2.58909183501368E-07
2.22933498886914E-07
4.17610122358378E-07
2.48336564740379E-07
2.8540302618282E-07
2.75779044812011E-07
2.48602011724148E-07
2.64929026449497E-07
3.93493665067204E-07
2.00358290504793E-07
2.20498685468885E-07
1.88690120966349E-07
3.57073422284418E-07
2.68710085405686E-07
2.87188752653963E-07
3.80522235863657E-07
2.20593342723302E-07
2.93288686530785E-07
2.53032052923105E-07
2.33866635924154E-07
2.61614838073605E-07
2.20725500906639E-07
3.83455980494774E-07
2.80450456511816E-07
2.21196909708408E-07
2.56188275443719E-07
3.07632127670949E-07
3.41458277632578E-07
1.79088739239776E-07
2.77254633636015E-07
3.04585168725071E-07
3.10194740064634E-07
2.05893386632376E-07
3.35756001178949E-07
1.99544440684503E-07
2.31665435544381E-07
3.66921653881103E-07
3.13029902378064E-07
1.8391416715201E-07
1.8391416715201E-07
dMdT Data
0
0
0
0
0
0
0
0
0
0
0
0
0
0
0
0
0
0
0
0
0
0
0
0
0
0
0
0
0
0
0
0
0
0
0
0
0
0
0
0
0
0
0
0
0
0
0
0
0
0
0
0
0
0
0
0
0
0
0
0
0
0
0
0
0
0
0
0
0
0
0
0
0
0
0
0
0
0
0
0
0
0
0
0
0
0
0
0
0
0
0
0
0
0
0
0
0
0
0
0
0
0
0
0
0
0
0
0
0
0
0
0
0
0
0
0
0
0
0
0
0
0
0
0
0
0
0
0
0
0
0
0
0
0
0
0
0
0
0
0
0
0
0
0
0
0
0
0
0
0
0
0
0
0
0
0
0
0
0
0
0
0
0
0
0
0
0
0
0
0
0
0
0
0
0
0
0
0
0
0
0
0
0
0
0
0
0
0
0
0
0
0
0
0
0
0
0
0
0
0
0
0
0
0
0
0
0
0
0
0
0
0
0
0
0
0
0
0
0
0
0
0
0
0
0
0
0
0
0
0
0
0
0
0
0
0
0
0
0
0
0
0
0
0
0
0
0
0
0
0
0
0
0
0
0
0
0
0
0
0
0
0
0
0
0
0
0
0
0
0
0
0
0
0
0
0
0
0
0
0
0
0
0
0
0
0
0
0
0
0
0
0
0
0
0
0
0
0
0
0
0
0
0
0
0
0
0
0
0
0
0
0
0
0
0
0
0
0
0
0
0
0
0
0
0
0
0
0
0
0
0
0
0
0
0
0
0
0
0
0
0
0
0
0
0
0
0
0
0
0
0
0
0
0
0
0
0
0
0
0
0
0
0
0
0
0
0
0
0
0
0
0
0
0
0
0
0
0
0
0
0
0
0
0
0
0
0
0
0
0
0
0
0
0
0
0
0
0
0
0
0
0
0
0
0
0
0
0
0
0
0
0
0
0
0
0
0
0
0
0
0
 
*********************************************** Results ***************************************
 
TotalArea 1.36830005206848
AreaFirstQuad 0.622209519789605
AreaSecondQuad 0
AreaThirdQuad 0.720343309363517
AreaFourthQuad 2.57472229153359E-02
Coercivity 130.96564157216
PositiveCoercivity 400.629920210874
NegativeCoercivity 138.698637066554
Retentivity 4.8919628548013E-05
PositiveRetentivity -5.09988520646438E-05
NegativeRetentivity -1.4883810916067E-04
Magnetization 0.00328626285
PositiveMagnetization 0.0031713764
NegativeMagnetization -0.0034011493
Flatness 3.13476027763756
Squareness 1.48860973029023E-02
SStar -0.818404161139305
SFD1 0.595165879829385
SFD2 45.0985540493511
Slope 0
Intercept 0
SlopeAtHc 2.0541651617912E-07
dH1 53.0193602784455
dH2 5906.36106505
InitialSlope -4.85323714647245E-07
FieldAtHalfMs 5886.35557114146
FieldAtMs 11843.961
MomentMean 9.16231984001806E-05
MomentRMS 1.39666552753412E-03
SFD3 -7.33146376141067E-02
dH3 140.567340123922
UserField1 0
UserField2 0
CenterField 0
ExchangeField 0
ExchangeMoment 0
ExRegionOneIntercept 0
ExRegionOneSlope 0
ExRegionTwoIntercept 0
ExRegionTwoSlope 0
NegativeIntercept 0
NegativeSlope 0
AutoCenterOffset 0
PinningField 0
PinningMoment 0
PinRegionOneIntercept 0
PinRegionOneSlope 0
PinRegionTwoIntercept 0
PinRegionTwoSlope 0
PositiveIntercept 0
PositiveSlope 0
TotalOffset 0
BHMax 0
BCoercivity 0
BRetentivity 0
BNegativeCoercivity 0
BPositiveCoercivity 0
BNegativeRetentivity 0
BPositiveRetentivity 0
MomentYMean 2.66251336167268E-06
MomentYRMS 1.98581867406073E-06
YOffCorrection 0
Mrt 0
Ms1 0
Ms2 0
Ms3 0
Hc2 0
Hex2 0
HsatValue 0
HsatIntercept 0
HsatSlope 0
CenterH 0
Span .0065725257
SpanAsPercentOfRange -102.6957140625
RMSAsPercentOfRange -21.8228988677207
SpanAsPercentOfMean 7173.42967148268
RMSAsPercentOfMean 1524.35797038425
