Start Time:  11/10/2018 3:44:02 AM        Time Completed:  11/10/2018 4:56:13 AM    Elapsed Time:  01:12:11
Sample ID:     BFO630_AfterEstaSi_Recal600C_300K_91118_SETd15 

Experiment:    C:\IDEASVSM\Default UserID\Experiments\HysCoFe2O4_Completa\HysCoFe2O4_Completa.exp
Data File:     C:\IDEASVSM\Default UserID\BFO630_AfterEstaSi_Recal600C_300K_91118_SETd15  (ProfileData)\BFO630_AfterEstaSi_Recal600C_300K_91118_SETd15 #11.txt
Plot File:     C:\IDEASVSM\Default UserID\BFO630_AfterEstaSi_Recal600C_300K_91118_SETd15  (ProfileData)\BFO630_AfterEstaSi_Recal600C_300K_91118_SETd15 #11.oc2
VSM Exp File:  C:\IDEASVSM\Default UserID\Experiments\HysCoFe2O4_Completa\HysCoFe2O4_Completa.stp
VSM Data File: C:\IDEASVSM\Default UserID\BFO630_AfterEstaSi_Recal600C_300K_91118_SETd15  (ProfileData)\BFO630_AfterEstaSi_Recal600C_300K_91118_SETd15 #11.dat

***DATA***

Field(Oe)	 Moment(emu)	
-4.7010253 	-0.000062303022 	
-3.7856404 	-0.00006274728 	
-2.8788922 	-0.000061029863 	
-1.9661805 	-0.00005717404 	
-1.0591239 	-0.0000604951 	
-0.14802472 	-0.0000614256 	
 0.76481666 	-0.000066364663 	
 1.6711553 	-0.000067619658 	
 2.5835754 	-0.000063170277 	
 3.4832142 	-0.000062174121 	
 4.4025403 	-0.00006419127 	
 6.9501425 	-0.000060863583 	
 11.686235 	-0.000063226584 	
 16.432945 	-0.000060113019 	
 21.17656 	-0.000055551576 	
 25.937067 	-0.000053949206 	
 30.69239 	-0.000058299829 	
 35.439809 	-0.000056623445 	
 40.181823 	-0.000053016524 	
 44.937428 	-0.000041611726 	
 49.686444 	-0.000043318459 	
 54.425327 	-0.000041828479 	
 59.144536 	-0.000037562514 	
 63.925522 	-0.000040798748 	
 68.671191 	-0.000040142694 	
 73.431172 	-0.000035518501 	
 78.1807 	-0.000030663853 	
 82.927061 	-0.000032828942 	
 87.677399 	-0.000031604412 	
 92.410698 	-0.000029328052 	
 97.149452 	-0.000020494017 	
 108.67486 	-0.000027313733 	
 128.63755 	-0.000016953864 	
 148.6473 	-0.0000062921728 	
 168.64576 	 0.000000024301976 	
 188.65058 	 0.0000087251432 	
 208.64407 	 0.000019253991 	
 228.64118 	 0.000018100027 	
 248.64837 	 0.000027380226 	
 268.63978 	 0.000034894176 	
 288.64623 	 0.000044556447 	
 308.63275 	 0.000047087916 	
 328.62799 	 0.000054333847 	
 348.62512 	 0.000065168749 	
 368.6192 	 0.000073330358 	
 388.6234 	 0.000077799976 	
 408.62091 	 0.000084105172 	
 428.62163 	 0.000092341891 	
 448.59448 	 0.00010002542 	
 468.59889 	 0.00010257931 	
 488.59281 	 0.00010878481 	
 510.48308 	 0.00011703257 	
 535.66391 	 0.0001280988 	
 560.66613 	 0.00013896355 	
 585.67304 	 0.00014542408 	
 610.6657 	 0.00015028763 	
 635.67055 	 0.00015642523 	
 660.66321 	 0.00016980939 	
 685.67486 	 0.00017024674 	
 710.67204 	 0.000184014 	
 735.68389 	 0.00018979065 	
 760.68241 	 0.00019596986 	
 785.68071 	 0.00020363337 	
 810.6812 	 0.00021094193 	
 835.68062 	 0.00021995291 	
 860.68066 	 0.00022875609 	
 885.67634 	 0.00023941204 	
 910.68363 	 0.00024677473 	
 935.6816 	 0.00024905997 	
 960.68266 	 0.00025656219 	
 985.68131 	 0.00026479024 	
 1123.3114 	 0.00030481331 	
 1398.0567 	 0.00038663166 	
 1673.0626 	 0.00045738577 	
 1948.1 	 0.00053204336 	
 2223.1023 	 0.00060724565 	
 2498.0942 	 0.00067980154 	
 2773.0558 	 0.0007554899 	
 3048.0517 	 0.00081872682 	
 3323.0272 	 0.00091419857 	
 3598.0265 	 0.00096845057 	
 3872.9827 	 0.0010502198 	
 4147.9596 	 0.00110896 	
 4422.9198 	 0.00120467 	
 4697.8912 	 0.0012767501 	
 4972.8818 	 0.0013411501 	
 5247.8562 	 0.0014169312 	
 5522.8334 	 0.0015039414 	
 5798.6041 	 0.0015661541 	
 6075.5216 	 0.0016277979 	
 6350.4826 	 0.0017230579 	
 6625.467 	 0.0017845218 	
 6900.4364 	 0.0018592884 	
 7175.3922 	 0.001933973 	
 7450.3718 	 0.0020032018 	
 7725.3267 	 0.0020935661 	
 8000.2976 	 0.0021589631 	
 8275.2392 	 0.0022168268 	
 8550.1702 	 0.0022770217 	
 8825.102 	 0.0023687793 	
 9100.0197 	 0.0024454795 	
 9374.9018 	 0.0025058037 	
 9649.8099 	 0.0025698141 	
 9924.6435 	 0.0026502185 	
 10199.507 	 0.0027226251 	
 10474.336 	 0.0028006075 	
 10749.161 	 0.0028787339 	
 11023.971 	 0.0029410003 	
 11298.799 	 0.0030206748 	
 11573.553 	 0.0030740725 	
 11848.318 	 0.0031636476 	
 11860.965 	 0.0031650586 	
 11585.515 	 0.003098153 	
 11309.996 	 0.0030257557 	
 11034.614 	 0.0029501725 	
 10759.266 	 0.0028783104 	
 10483.984 	 0.0028029807 	
 10208.739 	 0.0027301905 	
 9933.5076 	 0.0026719549 	
 9658.3209 	 0.0025953669 	
 9383.1681 	 0.0025275152 	
 9108.0533 	 0.0024480905 	
 8832.0641 	 0.0023855213 	
 8555.1171 	 0.0023242036 	
 8280.0698 	 0.0022429581 	
 8002.8259 	 0.0021748015 	
 7727.208 	 0.0021007186 	
 7452.1778 	 0.0020255611 	
 7177.1628 	 0.0019541916 	
 6902.1235 	 0.0018817219 	
 6627.1019 	 0.0018121436 	
 6352.093 	 0.0017349106 	
 6077.0516 	 0.0016613868 	
 5802.0278 	 0.0015917881 	
 5526.992 	 0.0015294107 	
 5251.9821 	 0.0014442685 	
 4976.9512 	 0.0013880143 	
 4701.9349 	 0.0013085437 	
 4426.9298 	 0.001221556 	
 4151.8849 	 0.0011396365 	
 3876.8473 	 0.0010697868 	
 3601.8401 	 0.0010069327 	
 3326.8098 	 0.00090715052 	
 3051.7973 	 0.00086288822 	
 2776.7804 	 0.00080063643 	
 2501.7694 	 0.00069972012 	
 2226.7361 	 0.00064180202 	
 1951.7402 	 0.00053463232 	
 1676.7346 	 0.00047532679 	
 1401.6911 	 0.00040641569 	
 1126.9103 	 0.00033081922 	
 977.43856 	 0.00026782541 	
 927.51287 	 0.00026341858 	
 877.5101 	 0.00024639747 	
 827.18808 	 0.00024244198 	
 777.00666 	 0.00020301519 	
 727.00214 	 0.00019751359 	
 677.01462 	 0.00018334073 	
 627.00381 	 0.0001707906 	
 577.01193 	 0.00014431441 	
 526.67234 	 0.00013760371 	
 491.25768 	 0.00012573916 	
 471.2854 	 0.0001191829 	
 451.29406 	 0.00010392796 	
 431.29229 	 0.000103334 	
 411.30084 	 0.000092272668 	
 391.31212 	 0.000077191817 	
 371.31084 	 0.000089175727 	
 351.33018 	 0.000080642753 	
 331.32538 	 0.000070394543 	
 311.33421 	 0.000058677225 	
 291.32529 	 0.000053758759 	
 271.34253 	 0.000045962775 	
 251.35564 	 0.000039702606 	
 231.34544 	 0.000025512277 	
 211.35172 	 0.000022156697 	
 191.36292 	 0.000010663147 	
 171.36215 	 0.000012771107 	
 151.36909 	 0.0000026027203 	
 131.37851 	-0.000001503675 	
 111.37891 	-0.0000014365558 	
 96.239591 	-0.000014150449 	
 86.287998 	-0.000022548683 	
 76.287054 	-0.000033281328 	
 66.291458 	-0.000034270866 	
 56.28762 	-0.000041578159 	
 46.297159 	-0.000045695787 	
 36.304287 	-0.000038550054 	
 26.296016 	-0.000049920193 	
 16.289258 	-0.000047771483 	
 6.3053052 	-0.000050513483 	
-3.7044137 	-0.00005128401 	
-13.686667 	-0.000066169567 	
-23.700635 	-0.000063942704 	
-33.703333 	-0.000066507459 	
-43.69525 	-0.000078323915 	
-53.701283 	-0.000083076148 	
-63.694028 	-0.000087463671 	
-73.695317 	-0.000090893096 	
-83.691609 	-0.000092615019 	
-93.695539 	-0.00010297728 	
-108.18583 	-0.00010763087 	
-128.1843 	-0.00011874112 	
-148.18602 	-0.00010973371 	
-168.26031 	-0.00012437913 	
-188.3689 	-0.00013411786 	
-208.37507 	-0.00013858526 	
-228.37749 	-0.00016071416 	
-248.37994 	-0.00015373132 	
-268.37353 	-0.0001649112 	
-288.36249 	-0.00017799488 	
-308.35339 	-0.00018472735 	
-328.35099 	-0.00018348681 	
-348.34611 	-0.00020011438 	
-368.33353 	-0.00019421814 	
-388.33967 	-0.00020904558 	
-408.3339 	-0.00022136968 	
-428.33028 	-0.0002210219 	
-448.42914 	-0.0002364707 	
-468.51818 	-0.0002317317 	
-488.51353 	-0.00024825622 	
-521.93261 	-0.0002536473 	
-571.89225 	-0.00027403485 	
-621.89067 	-0.00028591481 	
-671.89147 	-0.00031009031 	
-721.89048 	-0.00031892657 	
-771.88612 	-0.00033184974 	
-821.89208 	-0.0003535826 	
-871.88707 	-0.00035562236 	
-921.90019 	-0.00038370381 	
-971.88936 	-0.00040198887 	
-1129.215 	-0.00043692966 	
-1404.1867 	-0.00056536726 	
-1679.1734 	-0.00056947078 	
-1954.152 	-0.00067085435 	
-2229.1506 	-0.00075921045 	
-2504.1491 	-0.00085917654 	
-2779.1185 	-0.00090206224 	
-3054.1091 	-0.0010091534 	
-3329.0904 	-0.0010766852 	
-3604.0805 	-0.0011295355 	
-3879.0649 	-0.0012058499 	
-4154.0626 	-0.0012799315 	
-4429.0463 	-0.0013517886 	
-4703.9899 	-0.0014300234 	
-4978.9954 	-0.0015071931 	
-5253.9628 	-0.0015972627 	
-5528.9239 	-0.0016506089 	
-5803.9167 	-0.0017497823 	
-6078.8828 	-0.0018229521 	
-6353.8592 	-0.0019164977 	
-6628.822 	-0.0019743141 	
-6906.2507 	-0.0020337242 	
-7181.5236 	-0.0021103672 	
-7456.5142 	-0.002194399 	
-7731.4606 	-0.0022628959 	
-8006.4377 	-0.0023477765 	
-8281.3622 	-0.002416002 	
-8556.3044 	-0.0025158726 	
-8831.246 	-0.0025729569 	
-9106.1584 	-0.0026365955 	
-9381.0481 	-0.0027192829 	
-9655.9276 	-0.0028042455 	
-9930.8132 	-0.0028789296 	
-10205.641 	-0.002938203 	
-10480.466 	-0.0030081943 	
-10755.291 	-0.0030854514 	
-11030.103 	-0.0031808789 	
-11304.888 	-0.0032403024 	
-11579.642 	-0.0033034456 	
-11854.374 	-0.0034011493 	
-11871.971 	-0.0033900726 	
-11596.619 	-0.0033235754 	
-11321.106 	-0.0032546979 	
-11045.718 	-0.0031880369 	
-10770.391 	-0.0031149695 	
-10495.096 	-0.003038752 	
-10219.836 	-0.0029713443 	
-9944.6129 	-0.0028952998 	
-9669.4213 	-0.0028261895 	
-9394.2877 	-0.0027598542 	
-9119.143 	-0.0026991156 	
-8844.0527 	-0.0026233739 	
-8568.9789 	-0.0025530386 	
-8293.9089 	-0.0024739775 	
-8018.8684 	-0.0023890405 	
-7743.8112 	-0.0023336185 	
-7468.7858 	-0.0022512858 	
-7193.7338 	-0.0021774119 	
-6918.7048 	-0.0021019454 	
-6643.6918 	-0.0020263182 	
-6368.6681 	-0.0019675836 	
-6093.6568 	-0.0019012072 	
-5818.623 	-0.0018222281 	
-5543.605 	-0.0017442952 	
-5268.5698 	-0.0016613373 	
-4993.5395 	-0.0015883337 	
-4718.5368 	-0.0015110388 	
-4443.5108 	-0.0014306126 	
-4168.491 	-0.0013899058 	
-3893.4544 	-0.0013137832 	
-3618.447 	-0.0012261261 	
-3343.4011 	-0.0011471057 	
-3068.3886 	-0.0010582973 	
-2793.3736 	-0.00099419677 	
-2518.3477 	-0.00093053411 	
-2243.3362 	-0.00084765336 	
-1968.3334 	-0.00077712391 	
-1693.3129 	-0.00071149564 	
-1418.3117 	-0.00060559406 	
-1142.5638 	-0.00052625176 	
-978.06582 	-0.00049716422 	
-928.17501 	-0.00047805281 	
-878.16479 	-0.00045417748 	
-828.16712 	-0.0004481268 	
-777.87793 	-0.00042202564 	
-727.49948 	-0.00041212883 	
-677.16379 	-0.00040095316 	
-627.16063 	-0.00037241072 	
-577.16549 	-0.00035969344 	
-527.16503 	-0.00036367013 	
-491.79986 	-0.00033029287 	
-471.83423 	-0.00033043957 	
-451.83898 	-0.00032322797 	
-431.84258 	-0.0003085034 	
-411.85123 	-0.00029531385 	
-391.86535 	-0.00030349795 	
-371.85919 	-0.00029298453 	
-351.86675 	-0.00028894803 	
-331.8739 	-0.00027817439 	
-311.86888 	-0.00027372323 	
-291.87459 	-0.00026212614 	
-271.8866 	-0.00025611354 	
-251.89432 	-0.00025145393 	
-231.89562 	-0.00024117413 	
-211.89439 	-0.00024050422 	
-191.90614 	-0.00023202542 	
-171.91049 	-0.00022169285 	
-151.91894 	-0.00021995175 	
-131.92008 	-0.00020377817 	
-111.92559 	-0.00019412463 	
-96.911344 	-0.00019625578 	
-86.927701 	-0.00018738501 	
-76.93283 	-0.00018482311 	
-66.939954 	-0.00017661403 	
-56.930943 	-0.00018015307 	
-46.934691 	-0.00017139444 	
-36.945964 	-0.00016504623 	
-26.932961 	-0.00016762766 	
-16.937965 	-0.00015824591 	
-6.9396724 	-0.0001534 	
 3.0581826 	-0.00014682777 	
 13.060019 	-0.000144604 	
 23.072252 	-0.00014286461 	
 33.061003 	-0.00013227671 	
 43.051403 	-0.0001421176 	
 53.060806 	-0.00012064468 	
 63.074429 	-0.00012230675 	
 73.054893 	-0.00011880909 	
 83.064768 	-0.00011740473 	
 93.041073 	-0.00011593043 	
 116.94061 	-0.00011571719 	
 156.93462 	-0.00010531936 	
 196.91539 	-0.000064722056 	
 236.92293 	-0.000057729417 	
 276.92589 	-0.000038208077 	
 316.91568 	-0.000021598356 	
 356.92433 	-0.000020683677 	
 396.90916 	-0.0000024189944 	
 436.90416 	 0.000023583133 	
 476.90133 	 0.000020279101 	
 520.63739 	 0.00004615916 	
 570.58925 	 0.000049625614 	
 620.57854 	 0.000070992217 	
 670.57701 	 0.000079784128 	
 720.59036 	 0.00010505658 	
 770.64899 	 0.00012041798 	
 821.08734 	 0.00013144365 	
 871.43061 	 0.00015326051 	
 921.58851 	 0.00017050919 	
 971.59012 	 0.00017851144 	
 1119.2832 	 0.00022866056 	
 1393.8005 	 0.00029973561 	
 1668.7568 	 0.00036103258 	
 1943.7441 	 0.00047587006 	
 2218.7533 	 0.0005441649 	
 2493.7466 	 0.00062264882 	
 2768.7019 	 0.00069847573 	
 3043.6899 	 0.0007668383 	
 3318.7008 	 0.00083969667 	
 3593.6682 	 0.0009478946 	
 3868.6406 	 0.0010029876 	
 4143.6436 	 0.0010636254 	
 4418.6209 	 0.0011155109 	
 4693.596 	 0.0012136972 	
 4968.5894 	 0.0012875907 	
 5243.5556 	 0.0013665579 	
 5518.5348 	 0.0014711936 	
 5793.5091 	 0.0015318511 	
 6068.4672 	 0.0016124932 	
 6343.4624 	 0.0016820758 	
 6618.4345 	 0.0017463826 	
 6893.4082 	 0.0018183198 	
 7168.3796 	 0.001879013 	
 7443.3418 	 0.0019844489 	
 7718.3073 	 0.0020615631 	
 7993.2587 	 0.0021223815 	
 8268.2303 	 0.002192826 	
 8543.1746 	 0.0022774077 	
 8818.0811 	 0.0023712768 	
 9093.0057 	 0.0024205127 	
 9367.914 	 0.0024967323 	
 9642.7872 	 0.0025804546 	
 9917.6613 	 0.0026657191 	
 10192.488 	 0.0027223041 	
 10467.309 	 0.0028145769 	
 10742.136 	 0.0028694171 	
 11016.953 	 0.0029330827 	
 11293.176 	 0.0030344349 	
 11569.241 	 0.0031208515 	
 11843.961 	 0.0031713764 	

	
	
