Version 1.25
******************************************** Units *******************************************
System CGS
TemperatureUnit C
MomentUnit emu
AppliedFieldUnit Oe
 
******************************************** Setup ********************************************
 
Experiment CustomField
Minor False
Acquisition Continuous
EditedPoint No
MaxField 12000
FieldIncrement 114.285714285714
Points 421
MinField 0
RampRate 11.4285714285714
AverageTime 10
TimeInterval 0
TimeConstant 0.1
TimeConstantIndex 0
Sensitivity -0.0064
SensitivityIndex 5
SensitivityY -0.004
SensitivityIndexY 5
SaturationField 8000
ExperimentTime 4210
Use735Domains False
AutoRangeEnabled False
NumberOfVertices 20
VertexPts
0
10
30
50
70
110
150
160
180
200
220
230
270
310
320
340
360
370
380
420
VertexField
-5
5
100
500
1000
12000
1000
500
100
-100
-500
-1000
-12000
-1000
-500
-100
100
500
1000
12000
StartAngle 0
EndAngle 0
AngleIncrement 0
StartTemp 0
FinishTemp 0
TempIncrement 0
TempPoints 0
LengthofSetPointsArray 421
SetPointArray
-5
-4
-3
-2
-1
0
1
2
3
4
5
9.75
14.5
19.25
24
28.75
33.5
38.25
43
47.75
52.5
57.25
62
66.75
71.5
76.25
81
85.75
90.5
95.25
100
120
140
160
180
200
220
240
260
280
300
320
340
360
380
400
420
440
460
480
500
525
550
575
600
625
650
675
700
725
750
775
800
825
850
875
900
925
950
975
1000
1275
1550
1825
2100
2375
2650
2925
3200
3475
3750
4025
4300
4575
4850
5125
5400
5675
5950
6225
6500
6775
7050
7325
7600
7875
8150
8425
8700
8975
9250
9525
9800
10075
10350
10625
10900
11175
11450
11725
12000
11725
11450
11175
10900
10625
10350
10075
9800
9525
9250
8975
8700
8425
8150
7875
7600
7325
7050
6775
6500
6225
5950
5675
5400
5125
4850
4575
4300
4025
3750
3475
3200
2925
2650
2375
2100
1825
1550
1275
1000
950
900
850
800
750
700
650
600
550
500
480
460
440
420
400
380
360
340
320
300
280
260
240
220
200
180
160
140
120
100
90
80
70
60
50
40
30
20
10
0
-10
-20
-30
-40
-50
-60
-70
-80
-90
-100
-120
-140
-160
-180
-200
-220
-240
-260
-280
-300
-320
-340
-360
-380
-400
-420
-440
-460
-480
-500
-550
-600
-650
-700
-750
-800
-850
-900
-950
-1000
-1275
-1550
-1825
-2100
-2375
-2650
-2925
-3200
-3475
-3750
-4025
-4300
-4575
-4850
-5125
-5400
-5675
-5950
-6225
-6500
-6775
-7050
-7325
-7600
-7875
-8150
-8425
-8700
-8975
-9250
-9525
-9800
-10075
-10350
-10625
-10900
-11175
-11450
-11725
-12000
-11725
-11450
-11175
-10900
-10625
-10350
-10075
-9800
-9525
-9250
-8975
-8700
-8425
-8150
-7875
-7600
-7325
-7050
-6775
-6500
-6225
-5950
-5675
-5400
-5125
-4850
-4575
-4300
-4025
-3750
-3475
-3200
-2925
-2650
-2375
-2100
-1825
-1550
-1275
-1000
-950
-900
-850
-800
-750
-700
-650
-600
-550
-500
-480
-460
-440
-420
-400
-380
-360
-340
-320
-300
-280
-260
-240
-220
-200
-180
-160
-140
-120
-100
-90
-80
-70
-60
-50
-40
-30
-20
-10
0
10
20
30
40
50
60
70
80
90
100
140
180
220
260
300
340
380
420
460
500
550
600
650
700
750
800
850
900
950
1000
1275
1550
1825
2100
2375
2650
2925
3200
3475
3750
4025
4300
4575
4850
5125
5400
5675
5950
6225
6500
6775
7050
7325
7600
7875
8150
8425
8700
8975
9250
9525
9800
10075
10350
10625
10900
11175
11450
11725
12000
FieldDomainFile C:\IDEASVSM\Default UserID\Experiments\HysCoFe2O4_Completa\fdomain.ini
TempDomainFile C:\IDEASVSM\Default UserID\Experiments\HysCoFe2O4_Completa\tdomain.ini
NumSelectedResults 0
ResultsSelected 
UserName1 
UserValue1 
UserName2 
UserValue2 
LinearBackgroundCorrection Off
MaxLinearFieldCorrection 
MinLinearFieldCorrection 
AutoLinearCorrection Off
FitOneRegion Off
BackgroundMode Off
BackgroundFilename 
AutoCenter Off
OffsetCorrection 
SmoothDeriv Off
DerivOrder 0
DerivPoints 0
MinExFieldOne 
MaxExFieldOne 
MinExFieldTwo 
MaxExFieldTwo 
MinPinFieldOne 
MaxPinFieldOne 
MinPinFieldTwo 
MaxPinFieldTwo 
HCenterStart 
Mass 
Volume 
Density 
MolarWeight 
NumberOfMoles 
Demagnetization 
SampleArea 
Thickness 
MomentScaling 0
XAxis 0
YAxis 0
SimpleSpinValve False
HsatMax 0
HsatMin 0
FieldAutoRange False
 
*************************************************** Experiment Data ********************************************
 
DataPoints 421
MomentX Data
0.00025230012
0.00024894101
0.00025475295
0.00025147875
0.00025002655
0.0002507388
0.00025170224
0.00025315254
0.00024691556
0.0002550791
0.00025143475
0.00025418317
0.00025084532
0.00025764669
0.00025609769
0.00026025543
0.00026267632
0.00026399961
0.00025910767
0.00026354623
0.00026470678
0.0002690051
0.00027094632
0.00026964862
0.00027355698
0.00027087938
0.00027996815
0.00028134174
0.00028264724
0.00028082098
0.00027972935
0.00028151875
0.00029211109
0.00030245705
0.00031082471
0.00032293579
0.00032588185
0.00033155334
0.00034459076
0.00034861759
0.00035835826
0.00036403685
0.00037106086
0.00037370527
0.00038444516
0.00039593603
0.00039712441
0.00040836752
0.00041429918
0.00041763584
0.00042853937
0.00043317156
0.00043842839
0.00045330075
0.0004607479
0.0004686665
0.00047249786
0.00048603313
0.00049229435
0.00050116521
0.00050540507
0.00051422936
0.00052396315
0.00052746599
0.00053447208
0.00054636588
0.0005595259
0.00055745511
0.00056737174
0.00057391746
0.00058250164
0.00062102186
0.00071007265
0.0007948372
0.00087062014
0.00094346909
0.0010181045
0.0011018377
0.0011814517
0.0012463676
0.0013341113
0.0014043732
0.001474046
0.0015522743
0.0016198416
0.0017084473
0.0017855163
0.0018708558
0.0019212368
0.0020251052
0.0020969816
0.0021710868
0.0022207775
0.0023023235
0.0023890687
0.0024530872
0.0025345138
0.0026135534
0.0026950185
0.0027548298
0.0028330024
0.0028964787
0.0029804355
0.0030326135
0.0031213055
0.0031902649
0.0032492489
0.0033377306
0.0033846259
0.0034654228
0.0035516626
0.0035423761
0.0034744413
0.0033936333
0.0033208518
0.0032651147
0.0031935722
0.0031117421
0.0030628359
0.0029830971
0.0029000832
0.0028416994
0.0027711068
0.0026871294
0.0026016359
0.0025323123
0.0024557749
0.0024061696
0.0023245046
0.0022356628
0.0021703398
0.002092246
0.0020253269
0.0019425425
0.0018699707
0.0017964338
0.0017221279
0.0016485052
0.0015670664
0.0014942014
0.0014118021
0.0013478895
0.0012851517
0.0011742027
0.0011115745
0.0010122774
0.00094308089
0.00087376433
0.00078986553
0.00074139751
0.00066940147
0.00058560667
0.00056773303
0.00055281131
0.00053117155
0.0005158011
0.00051567593
0.00048083734
0.00046478787
0.00044508745
0.00044039192
0.00041467039
0.00042108476
0.00039936561
0.0003916934
0.00039079614
0.00038239527
0.00037326392
0.00037869596
0.00036160699
0.0003546799
0.0003442316
0.00032984552
0.00033710831
0.00032621093
0.00031310496
0.000310441
0.00029842428
0.00030072528
0.00028326943
0.00027622539
0.00026522544
0.00026009238
0.00025591358
0.00025426236
0.0002449541
0.00025035894
0.00024054144
0.00023290794
0.00023479728
0.00022791856
0.00022547352
0.00021588463
0.00021616908
0.00021367089
0.00020435748
0.00019953601
0.00018953882
0.00019131117
0.00018226628
0.00017880458
0.00017812715
0.00016594381
0.0001522275
0.00014506923
0.00013972602
0.00012807955
0.00012459729
0.00012420108
0.00010792985
0.000097513689
0.000089934009
0.000084174579
0.000075281661
0.000065473713
0.000060483431
0.000054226762
0.000037859265
0.000039360895
0.000040126306
0.000023968073
0.000037282996
0.00000037163998
-0.000018462374
-0.00004437485
-0.000063091349
-0.000071266806
-0.00009402805
-0.00011261737
-0.00012766628
-0.00014609777
-0.00018231405
-0.00028079715
-0.00033448732
-0.00041904589
-0.00050187733
-0.00058719014
-0.00067322218
-0.00075519182
-0.00082852777
-0.00090040321
-0.0010013594
-0.0010770833
-0.0011489459
-0.0012306237
-0.0012921507
-0.0013821833
-0.0014646855
-0.0015612741
-0.0016189822
-0.0016993494
-0.0017765898
-0.0018422973
-0.001918781
-0.0020031395
-0.0020829229
-0.0021717915
-0.0022552961
-0.0023411433
-0.0023967748
-0.0024658414
-0.0025608597
-0.0026312273
-0.002700518
-0.0027700903
-0.0028348551
-0.0029157293
-0.003001367
-0.0030843459
-0.0031596884
-0.0032142189
-0.0032286604
-0.0031653813
-0.0030882849
-0.0030110224
-0.0029515649
-0.0028585515
-0.0027755552
-0.0027235197
-0.002667842
-0.0025824126
-0.0025218155
-0.0024364223
-0.0023484272
-0.002279069
-0.0022136405
-0.0021517125
-0.0020755518
-0.0020024129
-0.001941183
-0.0018340168
-0.0017704798
-0.0017135307
-0.001636908
-0.0015535976
-0.0014563672
-0.0013873654
-0.0013239073
-0.001242583
-0.0011771614
-0.0010816782
-0.0010316493
-0.00093932975
-0.00086451282
-0.00078166055
-0.00071460126
-0.00064611984
-0.00054677786
-0.00047449651
-0.00039321283
-0.00030242447
-0.00024989943
-0.00023627262
-0.00022264469
-0.00019940489
-0.00018871719
-0.00017890329
-0.00015344311
-0.00014747756
-0.00012446224
-0.00010532183
-0.000090078188
-0.000090903093
-0.000073293242
-0.000074656928
-0.000056458188
-0.000051857611
-0.000058667132
-0.000051669804
-0.000038988471
-0.000027159356
-0.000023370445
-0.000021866024
-0.000017322737
-0.0000017686132
0.0000027149971
0.0000088632167
0.000017885211
0.000033649598
0.000031859131
0.000041115088
0.000053311177
0.000054945155
0.000052901241
0.000069651208
0.000064977633
0.000065714212
0.000079196848
0.000072103403
0.00008887543
0.000084772398
0.000096154639
0.00010247924
0.00010709361
0.000099857657
0.00011141812
0.00011054286
0.00012207433
0.00011789654
0.00012679151
0.00013829507
0.00014182109
0.00016709296
0.00016481581
0.00019328892
0.00021468547
0.00021679767
0.00022118823
0.00024628348
0.00026459413
0.00028058325
0.00029477085
0.00030604497
0.00034733018
0.00034694915
0.00036487117
0.00038377683
0.00039041104
0.00040843557
0.00043131221
0.00045393243
0.00050130213
0.00060433747
0.00064951585
0.00076737126
0.0008213303
0.00090134966
0.00098573608
0.0010720999
0.0011674417
0.0012170533
0.0013055639
0.0013533721
0.0014236908
0.0015265456
0.0015836458
0.001665329
0.0017590019
0.001849479
0.0019318815
0.0019968578
0.002062762
0.0021551378
0.0022225785
0.0023045042
0.0023556941
0.002450789
0.0025341989
0.0026082836
0.0026845942
0.0027581774
0.0028373607
0.0028984143
0.0029672757
0.0030587647
0.0031271085
0.003199776
0.0032956042
0.0033499999
0.0034507035
0.0035159543
MomentY Data
0.0000077550742
0.0000072424123
0.0000020470952
0.0000038008068
-0.0000025354433
0.0000015700435
-0.0000019096469
0.0000045310925
-0.00000045168871
0.0000019827174
0.0000036795329
-0.0000027183054
0.00000051233769
0.0000038129662
0.0000022714041
0.0000026235198
0.0000016521358
-0.0000018747138
0.0000041496942
0.0000017466306
0.0000010269498
0.00000009536746
0.0000048761509
0.0000030862998
0.00000094549173
0.0000070519683
0.0000018018912
0.0000053636787
0.0000013635301
0.0000036688278
0.0000061189983
0.00000049143783
0.0000021349286
0.0000012438773
0.0000047630499
0.0000012937927
0.0000040039299
0.0000043696926
0.000003006401
0.0000030884551
0.0000021883249
0.0000012398146
0.0000026463126
0.000001979022
0.0000038996647
0.0000038580035
-0.00000023491383
0.0000016103314
-0.00000017841341
0.0000020762776
-0.0000019663762
0.0000030724667
0.0000005674887
0.0000036349486
0.0000041671847
0.0000028508424
0.0000024047088
0.0000039245366
0.0000027966164
0.0000034044455
0.0000028407239
0.000001742711
0.00000093618386
0.0000049411438
-0.0000017810343
0.00000045385361
0.0000080372664
-0.00000044035913
0.0000043266867
0.0000026826285
0.0000012750005
0.0000036819122
-0.00000082258695
0.00000052456373
-0.00000033100125
0.0000024005793
0.0000028043126
0.0000025484847
0.0000011054372
0.0000033987139
-0.00000024178977
0.00000098156925
0.0000012295532
0.0000045292137
0.0000057870672
0.00000039433953
0.0000033835029
0.0000023407506
0.0000035565803
0.0000070484588
0.0000014798402
0.0000030489253
0.0000029344749
0.0000056767461
-0.00000035586356
0.0000032613848
0.0000025721262
0.0000035367201
0.0000032440995
0.0000034977388
0.0000051462887
0.0000021826553
0.0000037968872
0.0000021938561
0.0000021583938
0.00000084396836
-0.0000032034825
-0.0000027792882
0.0000029678201
0.000002803521
0.00000034674642
0.0000039625739
-0.00000052710055
0.0000042455528
0.0000028204011
0.0000030402897
0.0000012920379
0.00000062133782
0.00000025429241
-0.00000077861305
0.0000005949688
0.0000028103875
0.00000044570921
0.0000020485448
0.0000039637659
0.0000043725775
0.0000029582118
0.0000026959562
-0.0000034681605
0.000002533388
0.000000093235998
0.0000045388363
0.0000018922042
0.0000039802073
0.0000024891996
0.0000032964991
0.0000047732017
0.0000055990264
-0.0000003471374
0.0000028185271
0.0000045156811
0.00000028415681
0.0000025851726
0.0000048933218
0.0000085117718
0.0000029316472
0.0000020901631
0.0000050212381
0.000002404518
0.0000012733459
0.0000039638994
0.0000037971399
0.00000081936831
0.0000020840978
0.0000038064812
0.0000029343509
0.00000365005
0.00000011156082
0.0000033600806
0.0000031159638
0.0000017302942
0.0000027360962
0.0000048081206
0.0000015470457
-0.00000076714033
-0.00000081099033
0.00000038644786
0.0000017590188
0.0000019811963
0.0000023072003
0.0000012666844
0.0000022853946
0.0000076580378
0.0000020566224
0.0000012585687
0.0000024996518
0.0000043749139
0.0000034895133
0.0000015578364
0.0000011490964
0.0000026729487
0.00000031587598
0.0000020798062
0.0000031713151
0.0000060088012
-0.0000020229863
0.00000028453354
0.0000033953952
0.0000040185068
-0.000000032877958
0.0000028355693
0.0000048866556
0.0000059704253
0.0000025004577
0.0000038592432
0.0000028295802
0.0000027617357
0.0000068230626
0.0000055402944
0.0000024211597
0.00000083893291
0.0000031529902
0.0000012728643
0.0000026831483
0.000002405877
0.0000060535285
0.0000031260966
0.0000029061984
0.0000009441232
0.0000048916671
0.0000018083524
0.0000022663592
0.0000013822936
0.0000032372473
0.0000022159956
0.0000040942763
0.0000035676811
0.0000012521123
0.0000037154911
0.0000040159796
0.0000032225179
0.0000044554613
0.0000050950716
-0.0000010132265
0.00000097330563
0.00000096044058
0.0000011127472
0.0000039104222
0.0000012082099
0.00000016947268
0.0000027611112
0.0000030149697
0.0000040969036
0.0000015811777
0.0000020270824
0.0000007788133
0.000004612789
0.000001851282
0.0000057069299
0.0000034818695
0.0000028119229
-0.00000049356457
0.00000035127159
0.000003790674
0.0000035281085
0.0000022515009
0.0000034483812
0.00000030519005
0.0000011767435
-0.00000048421856
0.0000046534632
0.0000023267221
0.0000056715772
-0.000000025267617
0.00000063548559
0.0000019969033
0.0000020133733
0.0000031802033
0.0000039791964
0.0000055118034
0.0000027068327
0.00000064607142
0.000006602864
0.0000029283618
0.0000038438032
0.0000024124478
0.0000017433738
-0.0000013754653
0.00000096514698
0.0000050907752
0.0000011755752
-0.00000093582626
0.0000017295741
0.000001619625
0.0000063730953
0.00000060389519
0.00000068074225
0.0000045272539
0.0000015958023
0.0000047397421
0.0000040167759
0.0000033223437
0.0000013530444
0.0000022375249
0.0000026670694
0.0000019175099
0.0000043091009
0.0000039914082
0.0000023375891
0.0000044240759
-0.0000011364603
-0.00000074117177
0.0000012098503
0.0000018060779
0.0000031326293
0.0000033880042
0.0000033376167
-0.00000070176116
-0.0000009237861
0.0000010091925
0.0000014417123
0.000001718769
0.0000010027408
0.0000018079042
0.0000045058439
0.0000022704553
0.0000029626177
-0.0000010068845
-0.0000023295306
0.0000029675435
0.0000021226356
0.000005622711
0.0000048286675
0.0000029470156
0.00000028017996
0.0000015325736
0.00000099637979
0.0000011612558
0.0000036916302
0.0000046175906
0.000004306731
0.00000089745521
0.0000015992021
0.000003239188
-0.0000040322683
0.0000048344849
0.0000019654845
-0.0000012998771
0.00000016516684
0.000001228118
0.0000062986085
-0.00000039809219
-0.00000046617506
0.0000028249073
0.0000044059609
0.0000011695241
0.0000034562062
0.0000053942917
0.0000050934599
0.0000052462909
0.0000022734117
0.0000034557007
0.0000020494651
0.0000040822552
0.0000032371567
0.0000010789775
0.0000031011152
0.00000059314722
0.0000045676134
0.0000044227312
0.00000087149144
0.0000036814402
0.000002946906
0.0000038545035
0.00000076472757
0.00000081949711
0.0000013528633
0.0000014897537
0.0000030065821
0.000003962345
0.0000036445473
0.0000040743779
0.0000024253987
0.0000054529712
0.00000046851156
0.0000033432387
0.0000051211307
0.0000029655265
0.0000057315824
0.0000016916227
0.0000036938761
0.0000040873716
0.0000028993986
0.0000026339625
0.000000034179659
0.0000014294576
0.0000055685089
0.0000019816683
0.0000022133349
0.0000030440043
0.0000015316009
0.0000022228526
0.0000033205031
0.0000046038815
0.00000042470934
0.000000028300338
0.0000036150502
0.0000042521761
0.0000017112923
0.000001584072
0.0000014564037
0.00000009431841
0.0000077863117
0.0000029791259
0.0000011500453
0.0000046304844
0.0000042823694
0.00000018432138
0.0000027204751
0.0000037869928
0.0000028630733
0.0000012080478
0.00000059406274
-0.00000081666938
0.0000034635018
-0.00000087117669
0.0000022170257
0.0000035759638
0.0000017405652
0.000004891939
0.0000028419683
0.0000031721018
0.0000022768591
0.0000047720478
0.00000068200582
-0.00000084550376
0.0000031661032
0.0000045252464
0.0000045704792
0.0000021505355
-0.000000028920176
Field Data
-4.5463876
-3.6232914
-2.7100657
-1.8061964
-0.89862563
0.014087002
0.91922304
1.8359723
2.7381879
3.6543187
4.5563282
7.2763749
12.02731
16.789687
21.536189
26.28007
31.037419
35.778867
40.539465
45.274478
50.028951
54.788788
59.484623
64.274516
69.035886
73.76364
78.532884
83.264668
88.024272
92.787892
97.55033
108.91913
128.88569
149.05148
169.18025
189.28242
209.28697
229.28035
249.28066
269.27636
289.42152
309.47255
329.47
349.4726
369.46169
389.45278
409.45205
429.43985
449.43832
469.43728
489.42534
511.0468
536.20339
561.20767
586.21217
611.21362
636.22784
661.22338
686.22566
711.21513
736.38865
761.46569
786.47982
811.46761
836.47804
861.47462
886.47514
911.47651
936.47103
961.48665
986.46971
1128.9074
1403.8561
1678.8732
1953.8902
2228.9098
2503.8867
2778.8731
3053.8371
3328.8267
3603.8101
3878.7806
4153.7419
4428.7242
4703.7073
4978.6689
5253.6458
5528.6271
5803.5889
6078.5658
6353.5288
6628.4915
6903.4803
7178.4573
7453.4111
7728.3747
8003.3299
8281.0363
8555.9565
8830.8945
9105.8223
9380.7077
9655.573
9930.4565
10205.291
10480.13
10754.963
11029.781
11304.57
11579.338
11854.08
11866.224
11591.035
11315.525
11040.128
10764.778
10489.527
10214.251
9939.043
9663.8507
9388.7204
9113.5919
8838.269
8560.6438
8285.6096
8010.5399
7735.4873
7460.449
7185.4293
6910.4028
6635.3744
6360.3376
6085.323
5810.2934
5535.2686
5260.2482
4985.2302
4710.1915
4435.1777
4160.1575
3885.1183
3610.1095
3335.0857
3060.0684
2785.0445
2510.018
2235.0016
1960.0115
1684.9994
1409.9911
1134.9994
976.36367
926.42647
876.41598
826.41717
776.42065
726.11511
675.92318
625.90909
575.92097
525.91807
490.96712
470.99983
450.99742
431.00723
411.00914
391.0198
371.02446
351.03161
331.0369
311.04382
291.03572
270.89323
250.85292
230.85821
210.86265
190.86283
170.8762
150.8742
130.88264
110.89
95.710735
85.64254
75.589482
65.582609
55.575372
45.585478
35.591422
25.599138
15.581338
5.5880062
-4.4016834
-14.40783
-24.409112
-34.41457
-44.404119
-54.408712
-64.412782
-74.409749
-84.408852
-94.404338
-108.6379
-128.60764
-148.60976
-168.59996
-188.59237
-208.59216
-228.58667
-248.60217
-268.59673
-288.58701
-308.5778
-328.57427
-348.56475
-368.56472
-388.56196
-408.74954
-428.74057
-448.73935
-468.74129
-488.73767
-522.61392
-572.58562
-622.59374
-672.60029
-722.60056
-772.58966
-822.60326
-872.58722
-922.5823
-972.58961
-1125.609
-1400.4427
-1675.4243
-1950.3912
-2225.3789
-2500.3721
-2775.3499
-3050.3429
-3325.327
-3600.3148
-3876.4989
-4153.0276
-4428.0183
-4703.0013
-4977.9831
-5252.9613
-5527.9208
-5802.8978
-6077.8891
-6352.8399
-6627.8291
-6902.7922
-7177.7754
-7452.7501
-7727.7013
-8002.6813
-8277.6155
-8552.5475
-8827.4783
-9102.3903
-9377.2913
-9652.1743
-9927.0366
-10201.885
-10476.724
-10753.537
-11029.083
-11303.863
-11580.859
-11856.108
-11871.071
-11595.661
-11320.141
-11044.747
-10769.395
-10494.121
-10218.861
-9943.6454
-9666.4249
-9390.5604
-9115.4403
-8840.3449
-8564.5745
-8287.4487
-8012.3878
-7737.3427
-7462.314
-7187.2695
-6912.2703
-6637.2352
-6362.2209
-6087.1884
-5812.1597
-5537.1363
-5262.1172
-4987.084
-4712.0509
-4437.0521
-4162.0224
-3886.9878
-3611.9616
-3334.5292
-3059.1819
-2784.1509
-2509.1297
-2234.1195
-1959.1293
-1684.098
-1409.1005
-1134.1255
-976.86331
-926.90845
-876.90719
-826.91849
-776.91167
-726.91611
-676.41859
-626.40956
-576.41071
-526.41294
-491.32346
-471.35064
-451.36002
-431.36938
-411.36373
-391.37126
-371.37963
-351.3826
-331.39645
-311.39194
-291.39178
-271.40793
-251.40824
-231.40589
-211.42634
-191.41563
-171.43517
-151.43039
-131.44796
-111.43449
-96.304287
-86.311787
-76.31323
-66.32438
-56.321752
-46.322102
-36.31762
-26.327873
-16.326509
-6.328936
3.6852521
13.681046
23.676188
33.678679
43.684265
53.687852
63.701938
73.749585
83.879187
93.907948
117.03137
156.97287
197.31234
237.3714
277.37102
317.36691
357.36463
397.35952
437.3537
477.35349
521.3331
571.29876
621.29027
671.28523
721.28515
771.29196
821.29386
871.29
921.29119
971.28627
1122.2255
1396.9348
1671.9007
1946.9075
2221.8916
2496.8736
2771.8522
3046.8354
3321.836
3596.8058
3871.7854
4146.7655
4421.78
4696.7358
4971.7226
5246.6975
5521.6854
5796.6348
6071.6147
6346.6341
6621.567
6896.5561
7171.5159
7446.4765
7721.4643
7996.3949
8271.3589
8546.2897
8821.2445
9096.1432
9371.0453
9645.9377
9920.7907
10195.631
10470.461
10745.279
11020.059
11294.845
11569.602
11844.346
Time Data
0
10
20
30
40
50
60
70
80
90
100
110
120
130
140
150
160
170
180
190
200
210
220
230
240
250
260
270
280
290
300
310
320
330
340
350
360
370
380
390
400
410
420
430
440
450
460
470
480
490
500
510
520
530
540
550
560
570
580
590
600
610
620
630
640
650
660
670
680
690
700
710
720
730
740
750
760
770
780
790
800
810
820
830
840
850
860
870
880
890
900
910
920
930
940
950
960
970
980
990
1000
1010
1020
1030
1040
1050
1060
1070
1080
1090
1100
1110
1120
1130
1140
1150
1160
1170
1180
1190
1200
1210
1220
1230
1240
1250
1260
1270
1280
1290
1300
1310
1320
1330
1340
1350
1360
1370
1380
1390
1400
1410
1420
1430
1440
1450
1460
1470
1480
1490
1500
1510
1520
1530
1540
1550
1560
1570
1580
1590
1600
1610
1620
1630
1640
1650
1660
1670
1680
1690
1700
1710
1720
1730
1740
1750
1760
1770
1780
1790
1800
1810
1820
1830
1840
1850
1860
1870
1880
1890
1900
1910
1920
1930
1940
1950
1960
1970
1980
1990
2000
2010
2020
2030
2040
2050
2060
2070
2080
2090
2100
2110
2120
2130
2140
2150
2160
2170
2180
2190
2200
2210
2220
2230
2240
2250
2260
2270
2280
2290
2300
2310
2320
2330
2340
2350
2360
2370
2380
2390
2400
2410
2420
2430
2440
2450
2460
2470
2480
2490
2500
2510
2520
2530
2540
2550
2560
2570
2580
2590
2600
2610
2620
2630
2640
2650
2660
2670
2680
2690
2700
2710
2720
2730
2740
2750
2760
2770
2780
2790
2800
2810
2820
2830
2840
2850
2860
2870
2880
2890
2900
2910
2920
2930
2940
2950
2960
2970
2980
2990
3000
3010
3020
3030
3040
3050
3060
3070
3080
3090
3100
3110
3120
3130
3140
3150
3160
3170
3180
3190
3200
3210
3220
3230
3240
3250
3260
3270
3280
3290
3300
3310
3320
3330
3340
3350
3360
3370
3380
3390
3400
3410
3420
3430
3440
3450
3460
3470
3480
3490
3500
3510
3520
3530
3540
3550
3560
3570
3580
3590
3600
3610
3620
3630
3640
3650
3660
3670
3680
3690
3700
3710
3720
3730
3740
3750
3760
3770
3780
3790
3800
3810
3820
3830
3840
3850
3860
3870
3880
3890
3900
3910
3920
3930
3940
3950
3960
3970
3980
3990
4000
4010
4020
4030
4040
4050
4060
4070
4080
4090
4100
4110
4120
4130
4140
4150
4160
4170
4180
4190
4200
Temperature Data
0
0
0
0
0
0
0
0
0
0
0
0
0
0
0
0
0
0
0
0
0
0
0
0
0
0
0
0
0
0
0
0
0
0
0
0
0
0
0
0
0
0
0
0
0
0
0
0
0
0
0
0
0
0
0
0
0
0
0
0
0
0
0
0
0
0
0
0
0
0
0
0
0
0
0
0
0
0
0
0
0
0
0
0
0
0
0
0
0
0
0
0
0
0
0
0
0
0
0
0
0
0
0
0
0
0
0
0
0
0
0
0
0
0
0
0
0
0
0
0
0
0
0
0
0
0
0
0
0
0
0
0
0
0
0
0
0
0
0
0
0
0
0
0
0
0
0
0
0
0
0
0
0
0
0
0
0
0
0
0
0
0
0
0
0
0
0
0
0
0
0
0
0
0
0
0
0
0
0
0
0
0
0
0
0
0
0
0
0
0
0
0
0
0
0
0
0
0
0
0
0
0
0
0
0
0
0
0
0
0
0
0
0
0
0
0
0
0
0
0
0
0
0
0
0
0
0
0
0
0
0
0
0
0
0
0
0
0
0
0
0
0
0
0
0
0
0
0
0
0
0
0
0
0
0
0
0
0
0
0
0
0
0
0
0
0
0
0
0
0
0
0
0
0
0
0
0
0
0
0
0
0
0
0
0
0
0
0
0
0
0
0
0
0
0
0
0
0
0
0
0
0
0
0
0
0
0
0
0
0
0
0
0
0
0
0
0
0
0
0
0
0
0
0
0
0
0
0
0
0
0
0
0
0
0
0
0
0
0
0
0
0
0
0
0
0
0
0
0
0
0
0
0
0
0
0
0
0
0
0
0
0
0
0
0
0
0
0
0
0
0
0
0
0
0
0
0
0
0
0
0
0
0
0
0
0
0
0
0
0
0
0
0
0
0
0
0
0
0
0
0
0
0
0
0
0
0
0
0
0
0
0
0
0
0
0
0
0
0
0
0
Angle Data
0
0
0
0
0
0
0
0
0
0
0
0
0
0
0
0
0
0
0
0
0
0
0
0
0
0
0
0
0
0
0
0
0
0
0
0
0
0
0
0
0
0
0
0
0
0
0
0
0
0
0
0
0
0
0
0
0
0
0
0
0
0
0
0
0
0
0
0
0
0
0
0
0
0
0
0
0
0
0
0
0
0
0
0
0
0
0
0
0
0
0
0
0
0
0
0
0
0
0
0
0
0
0
0
0
0
0
0
0
0
0
0
0
0
0
0
0
0
0
0
0
0
0
0
0
0
0
0
0
0
0
0
0
0
0
0
0
0
0
0
0
0
0
0
0
0
0
0
0
0
0
0
0
0
0
0
0
0
0
0
0
0
0
0
0
0
0
0
0
0
0
0
0
0
0
0
0
0
0
0
0
0
0
0
0
0
0
0
0
0
0
0
0
0
0
0
0
0
0
0
0
0
0
0
0
0
0
0
0
0
0
0
0
0
0
0
0
0
0
0
0
0
0
0
0
0
0
0
0
0
0
0
0
0
0
0
0
0
0
0
0
0
0
0
0
0
0
0
0
0
0
0
0
0
0
0
0
0
0
0
0
0
0
0
0
0
0
0
0
0
0
0
0
0
0
0
0
0
0
0
0
0
0
0
0
0
0
0
0
0
0
0
0
0
0
0
0
0
0
0
0
0
0
0
0
0
0
0
0
0
0
0
0
0
0
0
0
0
0
0
0
0
0
0
0
0
0
0
0
0
0
0
0
0
0
0
0
0
0
0
0
0
0
0
0
0
0
0
0
0
0
0
0
0
0
0
0
0
0
0
0
0
0
0
0
0
0
0
0
0
0
0
0
0
0
0
0
0
0
0
0
0
0
0
0
0
0
0
0
0
0
0
0
0
0
0
0
0
0
0
0
0
0
0
0
0
0
0
0
0
0
0
0
0
0
0
0
0
0
0
0
Bx Data
0
0
0
0
0
0
0
0
0
0
0
0
0
0
0
0
0
0
0
0
0
0
0
0
0
0
0
0
0
0
0
0
0
0
0
0
0
0
0
0
0
0
0
0
0
0
0
0
0
0
0
0
0
0
0
0
0
0
0
0
0
0
0
0
0
0
0
0
0
0
0
0
0
0
0
0
0
0
0
0
0
0
0
0
0
0
0
0
0
0
0
0
0
0
0
0
0
0
0
0
0
0
0
0
0
0
0
0
0
0
0
0
0
0
0
0
0
0
0
0
0
0
0
0
0
0
0
0
0
0
0
0
0
0
0
0
0
0
0
0
0
0
0
0
0
0
0
0
0
0
0
0
0
0
0
0
0
0
0
0
0
0
0
0
0
0
0
0
0
0
0
0
0
0
0
0
0
0
0
0
0
0
0
0
0
0
0
0
0
0
0
0
0
0
0
0
0
0
0
0
0
0
0
0
0
0
0
0
0
0
0
0
0
0
0
0
0
0
0
0
0
0
0
0
0
0
0
0
0
0
0
0
0
0
0
0
0
0
0
0
0
0
0
0
0
0
0
0
0
0
0
0
0
0
0
0
0
0
0
0
0
0
0
0
0
0
0
0
0
0
0
0
0
0
0
0
0
0
0
0
0
0
0
0
0
0
0
0
0
0
0
0
0
0
0
0
0
0
0
0
0
0
0
0
0
0
0
0
0
0
0
0
0
0
0
0
0
0
0
0
0
0
0
0
0
0
0
0
0
0
0
0
0
0
0
0
0
0
0
0
0
0
0
0
0
0
0
0
0
0
0
0
0
0
0
0
0
0
0
0
0
0
0
0
0
0
0
0
0
0
0
0
0
0
0
0
0
0
0
0
0
0
0
0
0
0
0
0
0
0
0
0
0
0
0
0
0
0
0
0
0
0
0
0
0
0
0
0
0
0
0
0
0
0
0
0
0
0
0
0
0
Hint Data
0
0
0
0
0
0
0
0
0
0
0
0
0
0
0
0
0
0
0
0
0
0
0
0
0
0
0
0
0
0
0
0
0
0
0
0
0
0
0
0
0
0
0
0
0
0
0
0
0
0
0
0
0
0
0
0
0
0
0
0
0
0
0
0
0
0
0
0
0
0
0
0
0
0
0
0
0
0
0
0
0
0
0
0
0
0
0
0
0
0
0
0
0
0
0
0
0
0
0
0
0
0
0
0
0
0
0
0
0
0
0
0
0
0
0
0
0
0
0
0
0
0
0
0
0
0
0
0
0
0
0
0
0
0
0
0
0
0
0
0
0
0
0
0
0
0
0
0
0
0
0
0
0
0
0
0
0
0
0
0
0
0
0
0
0
0
0
0
0
0
0
0
0
0
0
0
0
0
0
0
0
0
0
0
0
0
0
0
0
0
0
0
0
0
0
0
0
0
0
0
0
0
0
0
0
0
0
0
0
0
0
0
0
0
0
0
0
0
0
0
0
0
0
0
0
0
0
0
0
0
0
0
0
0
0
0
0
0
0
0
0
0
0
0
0
0
0
0
0
0
0
0
0
0
0
0
0
0
0
0
0
0
0
0
0
0
0
0
0
0
0
0
0
0
0
0
0
0
0
0
0
0
0
0
0
0
0
0
0
0
0
0
0
0
0
0
0
0
0
0
0
0
0
0
0
0
0
0
0
0
0
0
0
0
0
0
0
0
0
0
0
0
0
0
0
0
0
0
0
0
0
0
0
0
0
0
0
0
0
0
0
0
0
0
0
0
0
0
0
0
0
0
0
0
0
0
0
0
0
0
0
0
0
0
0
0
0
0
0
0
0
0
0
0
0
0
0
0
0
0
0
0
0
0
0
0
0
0
0
0
0
0
0
0
0
0
0
0
0
0
0
0
0
0
0
0
0
0
0
0
0
0
0
0
0
0
0
0
0
0
0
Torque Data
-3.52575731799599E-05
-2.62413702018442E-05
-5.54776248615464E-06
-6.86500355925552E-06
2.27841433279178E-06
2.2117205924587E-08
-1.75539142874458E-06
8.31896031873775E-06
-1.23680856028861E-06
7.24548127163538E-06
1.67651595150978E-05
-1.97794091830945E-05
6.1620442223139E-06
6.40185090395794E-05
4.89173879929749E-05
6.8946283990386E-05
5.12780310695002E-05
-6.70751357132646E-05
1.68226382781603E-04
7.90777886738268E-05
5.13772212236598E-05
5.22506754803848E-06
2.90055997977611E-04
1.98370425875897E-04
6.52728592862228E-05
5.20178850972612E-04
1.41507712590221E-04
4.46604926214172E-04
1.20023744402587E-04
3.40422797672998E-04
5.96910303434439E-04
5.35269808926879E-05
2.75161745711734E-04
1.85401752503404E-04
8.05813972844475E-04
2.44892213234334E-04
8.37970356863403E-04
1.00188464872041E-03
7.4943762550466E-04
8.31647947351436E-04
6.33348318811848E-04
3.8368858578923E-04
0.000871880612322
6.916139637972E-04
1.44077671049534E-03
1.50251018832473E-03
-9.61859492668515E-05
6.9154047486629E-04
-8.01858232558712E-05
9.74682109068928E-04
-9.62394340252908E-04
1.57017427514156E-03
3.04289364726693E-04
2.03996103437576E-03
2.4428543857778E-03
1.74247370335349E-03
1.52994268565299E-03
2.59499535558571E-03
1.91910993485682E-03
2.42129314886042E-03
2.09187683774374E-03
1.32701463408559E-03
7.36289713699705E-04
4.00957815005232E-03
-1.48979608043677E-03
3.90983366210378E-04
7.1248368571573E-03
-4.01377002959036E-04
4.0518167504363E-03
2.57931148965953E-03
1.25774937348485E-03
4.15653792873028E-03
-1.15479370753789E-03
8.80675987989036E-04
-6.4674009856275E-04
5.35067472744714E-03
7.02168102178242E-03
7.08191557859157E-03
3.37582513308012E-03
1.13137295759811E-02
-8.71364415202677E-04
3.80729176445655E-03
5.10724664511908E-03
2.00586383201615E-02
2.72206702342306E-02
1.96328595405162E-03
1.77757257998728E-02
1.29411372015013E-02
2.06409299510387E-02
0.042844520604389
9.40220733009776E-03
0.020209775435185
2.02580896629945E-02
4.07502794817915E-02
-2.65239740818952E-03
2.52052037752846E-02
2.05855745230334E-02
2.92877075310396E-02
2.77563742036718E-02
3.08881623313566E-02
0.046861190406698
2.04748513791558E-02
3.66611215323656E-02
2.17859925683097E-02
2.20270368215958E-02
8.8448981286868E-03
-3.44533357586475E-02
-3.06549401818842E-02
0.033549930067857
0.032462917249098
4.1103598023936E-03
4.70207895139536E-02
-6.10964092356925E-03
0.04804065884722
3.11375891553408E-02
3.27280436761866E-02
1.35528664370733E-02
6.34650044927282E-03
2.52742319756363E-03
-7.52440026827164E-03
5.58599570992352E-03
2.56127247558613E-02
3.93929789375749E-03
1.75368623411422E-02
3.28422167931926E-02
3.50267065295923E-02
2.28832098096101E-02
2.01130437363338E-02
-2.49202220738027E-02
1.75067315286864E-02
6.18655754287651E-04
2.88685311791349E-02
1.15146737389566E-02
2.31261722058218E-02
1.37783883850126E-02
1.73404034570766E-02
2.37955092655313E-02
2.63724865575556E-02
-1.53961605531598E-03
1.17255166540182E-02
1.75439552785741E-02
1.02583719927069E-03
8.62177217029182E-03
1.49738994112111E-02
2.37056632368451E-02
7.3584872416496E-03
4.67151787276096E-03
9.84168442023815E-03
4.0516113872892E-03
1.79540638622149E-03
4.49902344066036E-03
3.70738944826743E-03
7.59084491063166E-04
1.82653661580284E-03
3.1457414209622E-03
2.27829063310609E-03
2.6503564572555E-03
7.54065442178076E-05
2.10310499067265E-03
1.79454889418089E-03
9.09992986196194E-04
1.34333327135694E-03
2.2646239852195E-03
6.97713619322094E-04
-3.30643028654586E-04
-3.33324438081616E-04
1.51108764927628E-04
6.52639000399848E-04
6.95462526915043E-04
7.6376843499107E-04
3.93994354510408E-04
6.65131462895112E-04
2.07451059510409E-03
5.15909734377408E-04
2.90550917244027E-04
5.2708320262527E-04
8.35008447960337E-04
5.9627477255346E-04
2.3503732058088E-04
1.50396770446496E-04
0.000296403281343
3.02327222146453E-05
1.78119885675748E-04
2.39718065667778E-04
3.94072859658331E-04
-1.12428216173404E-04
1.29705974279321E-05
1.20846943419974E-04
1.02870310127138E-04
-5.12282576347804E-07
1.58451788289297E-05
-2.1509510836037E-05
-8.6020872750099E-05
-6.10339520505624E-05
-1.32814195253424E-04
-1.25645015920844E-04
-1.50262482321418E-04
-4.39492443826153E-04
-4.12251915690106E-04
-2.04367310785664E-04
-7.91989059949636E-05
-3.4253423404858E-04
-1.63700073663252E-04
-3.98742024907408E-04
-4.0563076596492E-04
-1.14164928667754E-03
-6.52079242162656E-04
-6.64318214615328E-04
-2.34711076267344E-04
-1.31388578730858E-03
-5.21867012142324E-04
-6.9934813594576E-04
-4.54186110545672E-04
-1.12839029581268E-03
-8.16737797835232E-04
-1.59088002390955E-03
-1.45828800849169E-03
-5.36831341206011E-04
-1.66728706114479E-03
-1.88245545831768E-03
-1.57496588997929E-03
-2.3284860954013E-03
-2.91736473103039E-03
6.3082847610211E-04
-6.54645648996633E-04
-6.94014900954725E-04
-8.59696980913952E-04
-3.21672604969637E-03
-1.05426851781748E-03
-1.56352494901564E-04
-2.68542806517463E-03
-3.3936770290473E-03
-5.73747873922372E-03
-2.64914354119811E-03
-3.95360367463488E-03
-1.73315468485937E-03
-1.15336889187869E-02
-5.1379553135718E-03
-1.74080931012627E-02
-1.15783546588265E-02
-1.01238076333289E-02
1.91330251268397E-03
-1.45884060836588E-03
-1.67851738413342E-02
-0.016592698862041
-1.12079334298348E-02
-1.81142129912476E-02
-1.68706642534804E-03
-6.8285222673143E-03
2.9430267078417E-03
-2.95627066901417E-02
-1.54211164419931E-02
-3.91497188578578E-02
1.81365279719222E-04
-4.73611529442106E-03
-1.54314722273843E-02
-1.61123848578293E-02
-2.63245001292312E-02
-0.034032266222829
-4.86553249073662E-02
-2.46386477122028E-02
-6.05839990594465E-03
-6.37319942071952E-02
-2.90699547666419E-02
-0.039214038209032
-2.52745497650072E-02
-1.87474346631306E-02
1.51701209573199E-02
-1.09098892367837E-02
-5.89555497918968E-02
-1.39377465333216E-02
1.11092599761245E-02
-2.00555549379801E-02
-0.018334383367125
-7.03892251953891E-02
-6.50358583971005E-03
-7.14379154131225E-03
-4.62633783158079E-02
-1.58680921997044E-02
-4.58163610550183E-02
-3.77197767022144E-02
-3.02846256534311E-02
-1.19613791610136E-02
-1.91634487016551E-02
-2.21032008318398E-02
-1.53638329291392E-02
-3.33409903921784E-02
-2.97851412905748E-02
-1.68008828419625E-02
-3.05804084485158E-02
7.54295430656256E-03
4.71549852558399E-03
-7.36458671189652E-03
-1.04972131854406E-02
-1.73457954114736E-02
-1.78280751744922E-02
-1.66449748427028E-02
3.30673430556304E-03
4.09888705495581E-03
-0.004200281790912
-5.60391812120994E-03
-6.2081276272704E-03
-3.34366847763136E-03
-5.53070780557398E-03
-1.25449493494445E-02
-5.69686682575241E-03
-6.61884197461515E-03
1.97261692566585E-03
3.9231578243988E-03
-4.18156702962175E-03
-2.4073351611678E-03
-5.49262007863341E-03
-4.47573270799038E-03
-2.58425916868216E-03
-2.3168598945146E-04
-1.19067431497391E-03
-7.24284521029417E-04
-7.85495010865322E-04
-2.31247244926471E-03
-2.66162867623533E-03
-2.26711892749914E-03
-4.40940798972227E-04
-7.53784933324344E-04
-1.46203996046376E-03
1.73939707656465E-03
-1.98873174109268E-03
-7.6923414527547E-04
4.82747876443473E-04
-5.8036753672984E-05
-4.069939453811E-04
-1.96133592011549E-03
1.16000791848198E-04
1.26523608052226E-04
-7.10204972456152E-04
-1.0195653033697E-03
-2.47268200004794E-04
-6.61571887182906E-04
-9.24771314619089E-04
-7.71304619106361E-04
-6.89614236371564E-04
-2.53336473349533E-04
-3.32798791998901E-04
-1.76892995175134E-04
-3.11530079996296E-04
-2.14702411090346E-04
-6.076990316858E-05
-1.4365017460815E-04
-2.15416953400164E-05
-1.20255545508298E-04
-7.22077607413808E-05
-5.51561354830784E-06
1.35670352280744E-05
4.0316756543676E-05
9.1259949512658E-05
2.575501435248E-05
3.57991289199742E-05
7.26323246266316E-05
9.49001978326706E-05
2.21734182143429E-04
3.32358277213515E-04
3.4225195833194E-04
4.76830027534723E-04
3.80721794833269E-04
1.07593850742461E-03
1.11211244913384E-04
9.27317528322474E-04
1.62527742596514E-03
1.05977428042769E-03
2.27749883130445E-03
7.3983744684899E-04
1.76328464796259E-03
2.13088210707996E-03
1.65642282492574E-03
1.63645527279488E-03
2.29443002531366E-05
1.03104653943464E-03
4.29494614375844E-03
1.62753200734664E-03
0.001928456565021
2.80441434391212E-03
1.48762292528964E-03
2.4945418704613E-03
4.63852633389788E-03
7.69723270256705E-03
8.2686979936605E-04
6.28802832793608E-05
9.02632340705472E-03
1.17864036775724E-02
5.21402595938742E-03
0.005262027396192
5.23840127530146E-03
3.65180642789214E-04
3.22880087298064E-02
0.013173039322102
5.40145893213174E-03
2.30214839404274E-02
2.24682968250565E-02
1.01776467285385E-03
1.57696006371935E-02
2.29931611532742E-02
1.81708786365795E-02
7.9991694469026E-03
4.09698701332971E-03
-5.85675744371314E-03
2.57908847614077E-02
-6.72675971082717E-03
1.77282130006489E-02
2.95780800032078E-02
1.48753744409384E-02
4.31529899980855E-02
2.58509506266606E-02
2.97259096640115E-02
2.19624410302781E-02
4.73424874341955E-02
6.95347968057242E-03
-8.85281414443336E-03
3.40206622267928E-02
4.98684823175376E-02
0.051622854139724
0.024880839821871
-3.42540570924896E-04
dMdH Data
-3.63895983972204E-06
6.36418795485062E-06
-3.62242638399159E-06
-1.60009560466563E-06
7.80366103227133E-07
1.06441458471678E-06
1.58200291320661E-06
-6.91295960743751E-06
8.91088914377729E-06
-4.0402567822179E-06
1.01043118119992E-06
-7.0256695360877E-07
1.42814607075416E-06
-3.26345590921482E-07
8.76442726957104E-07
5.088737446002E-07
2.79089847658351E-07
-1.0275893910807E-06
9.37391301776782E-07
2.44096454012889E-07
9.0303932676686E-07
4.13391867474055E-07
-2.7092463234565E-07
8.20847781205824E-07
-5.66357725042371E-07
1.9057045519164E-06
2.9029008931938E-07
2.74287524760454E-07
-3.83376507781888E-07
-2.29216632321518E-07
1.5739567940328E-07
5.305040026925E-07
5.13045112539606E-07
4.15706473868E-07
6.02476250076483E-07
1.47269496189618E-07
2.83668394238493E-07
6.51860896156108E-07
2.01384797731513E-07
4.83524082211313E-07
2.8320689760077E-07
3.51245283773682E-07
1.32203313569235E-07
5.37287590380552E-07
5.74799573209864E-07
5.94211688726641E-08
5.62498624160739E-07
2.96605690335311E-07
1.66841675767141E-07
5.4550216479238E-07
2.14240388946906E-07
2.08964331016248E-07
5.94792571511757E-07
2.97832390169769E-07
3.16725629913467E-07
1.53167278452015E-07
5.41507404921039E-07
2.50425961152344E-07
3.54983919226775E-07
1.68425393032048E-07
3.51887224329505E-07
3.89131662784191E-07
1.4018206492051E-07
2.80126731127775E-07
4.75817091778154E-07
5.26389851091098E-07
-8.28270610770553E-08
3.9675216807524E-07
2.61665311513366E-07
3.43600023375841E-07
2.70435584851172E-07
3.23881473162085E-07
3.08215561868699E-07
2.75557292821898E-07
2.64886393551587E-07
2.71424290549497E-07
3.04499422516896E-07
2.89543358403281E-07
2.36066745796932E-07
3.19087261267407E-07
2.55525229070028E-07
2.53391295429575E-07
2.84484855934365E-07
2.45714372992376E-07
3.22247542929631E-07
2.80274452144888E-07
3.10346558111407E-07
1.83229088549755E-07
3.7773500246748E-07
2.61403897979001E-07
2.6951000990316E-07
1.80700813996788E-07
2.96555711932271E-07
3.15490093244756E-07
2.32825363066239E-07
2.96144971980889E-07
2.84615694848949E-07
2.96322714736858E-07
2.17544682801213E-07
2.84338651820587E-07
2.30919139394088E-07
3.05447068072982E-07
1.8981859587789E-07
3.22710576728905E-07
2.50908349979441E-07
2.14617604145063E-07
3.21964718468221E-07
1.70659305867412E-07
2.940549845688E-07
3.1389376214776E-07
-7.64698616600777E-07
2.4686597211371E-07
2.93303328372835E-07
2.64278477979065E-07
2.02422734701288E-07
2.5991731183538E-07
2.97265653380608E-07
1.77706316676839E-07
2.89756653801725E-07
3.01725764119764E-07
2.12205569397571E-07
2.56399304235138E-07
3.02484788844816E-07
3.10846796507489E-07
2.52021942075044E-07
2.78264593754069E-07
1.80357790169587E-07
2.96942364492434E-07
3.23029962567243E-07
2.37513653135458E-07
2.83939458283402E-07
2.43329263246388E-07
3.01001783080802E-07
2.63873657939212E-07
2.67387073831614E-07
2.70185587852431E-07
2.67681239040179E-07
2.96126230756421E-07
2.6494417500969E-07
2.99591112830462E-07
2.32402017680888E-07
2.2811771199438E-07
4.0342552995757E-07
2.27719118229362E-07
3.61045571972155E-07
2.51608667701271E-07
2.52069292676355E-07
3.05073122237167E-07
1.76242026149756E-07
2.61811683770819E-07
5.28221479486368E-07
3.57922350472193E-07
2.98371801596026E-07
4.3280550077092E-07
3.07430397155641E-07
2.48819513715562E-09
6.94107399336906E-07
3.20898970670066E-07
3.94102038644382E-07
9.39051535010964E-08
7.35932213573595E-07
-3.21243894389272E-07
1.08582665788773E-06
3.83798753288488E-07
4.48672848257019E-08
4.20267502578873E-07
4.5667390501987E-07
-2.71699132439847E-07
8.54674561421495E-07
3.46474380135527E-07
5.2220350757943E-07
7.14215571163248E-07
-3.62409064530439E-07
5.45013155979757E-07
6.55444008569902E-07
1.33199198792788E-07
6.0123792755457E-07
-1.15038496150386E-07
8.73160973931E-07
3.52331658050162E-07
7.24669475103046E-07
5.09829219636684E-07
4.15674514162758E-07
1.65008589596367E-07
9.30152848383626E-07
-5.41030765691806E-07
9.82333899269726E-07
7.63939455684004E-07
-1.88598295034836E-07
6.88330992872665E-07
2.44756353590807E-07
9.58299971339615E-07
-2.84413538184395E-08
2.49682723169694E-07
9.32315362785648E-07
4.81925651548242E-07
9.9931227990208E-07
-1.77288771684451E-07
9.04570139941552E-07
3.46326331706133E-07
4.75938489606464E-08
6.10090066270267E-07
6.85742811262006E-07
3.5808896359216E-07
2.67261925900879E-07
5.82329614460952E-07
1.7416080714156E-07
1.97951587519673E-08
8.13782848934912E-07
5.2106128578489E-07
3.79158602536468E-07
2.88022335942294E-07
4.44857652242468E-07
4.90398135597203E-07
2.49548537698202E-07
3.09926647968701E-07
8.18742055812033E-07
-7.5086080250895E-08
-3.82668381167028E-08
8.08057908481435E-07
-3.93045954023836E-07
7.38645193579567E-07
3.76619116655455E-07
5.18181638205396E-07
3.74327958629023E-07
1.63544792764823E-07
4.55101092502839E-07
3.71905707350918E-07
3.01007819169406E-07
3.68575914201344E-07
2.36677717771585E-07
3.58337059829271E-07
1.95250045821248E-07
3.07522723644191E-07
3.01218709054986E-07
3.10236071291945E-07
3.12869038882412E-07
2.98079005647416E-07
2.66691601441683E-07
2.61376831990365E-07
3.65539471678493E-07
2.73837399156037E-07
2.61327383071501E-07
2.97028543582694E-07
2.23749353593583E-07
3.27417227983892E-07
3.00052189504272E-07
3.51260650890801E-07
2.09854275389803E-07
2.92296658165753E-07
2.80885212946544E-07
2.38968428854636E-07
2.7813953725173E-07
3.06786406167549E-07
2.90172947053878E-07
3.23182049603607E-07
3.03725764201035E-07
3.12248846987618E-07
2.02347281570489E-07
2.5123166686067E-07
3.45645523297477E-07
2.55991094392886E-07
2.520924113638E-07
2.53129725332219E-07
2.3564632384778E-07
2.92161856560205E-07
3.10792753297091E-07
3.01983040978238E-07
2.719985126139E-07
1.98113344644303E-07
9.65147363496655E-07
2.29763262045677E-07
2.79821428571429E-07
2.80552590107264E-07
2.15932697056859E-07
3.37893880279284E-07
3.01519654145174E-07
1.89071767734095E-07
2.00842650525484E-07
3.09678845955171E-07
2.20256898714416E-07
3.10413042166463E-07
3.19088270532299E-07
2.50276950034966E-07
2.37869140979324E-07
2.25155801721245E-07
2.76919099715775E-07
2.65916606221902E-07
2.22654829541323E-07
3.89645539787467E-07
2.31031622719255E-07
2.07063165262287E-07
2.78598924403162E-07
3.02921133256297E-07
3.53540535911869E-07
2.50885347659846E-07
2.30728955896581E-07
2.95726017713531E-07
2.37871037200709E-07
3.47167956322586E-07
1.81905942052066E-07
3.3276412560321E-07
2.71718407988747E-07
3.01247023062855E-07
2.43833166315906E-07
2.49014109294855E-07
3.61256437502137E-07
2.62811360016114E-07
2.95579705270048E-07
3.30169506318756E-07
3.33996620548143E-07
2.72782468012122E-07
2.72551731696361E-07
4.64901067641287E-07
2.13724847930742E-07
1.96295431034276E-07
5.0418674025972E-07
1.19289456324188E-07
4.60316987290707E-07
3.82825274007221E-07
4.34421997704155E-07
-4.13013785734817E-08
8.80905694770849E-07
-6.82162251933905E-08
9.09680015395651E-07
2.30115488481414E-07
-3.40618598883633E-07
3.49918362876887E-07
6.34506045436464E-07
5.91322406797266E-07
1.89444034447724E-07
7.52818400858695E-08
2.27167871102002E-07
7.77614820258619E-07
2.24409974198618E-07
3.07246449526278E-07
4.51540870430411E-07
7.88031010588469E-07
-8.96020654144666E-08
4.62486365432881E-07
8.06075701694155E-07
1.63520440330247E-07
-2.04420897935572E-07
1.67686640604274E-06
-4.67234710718022E-07
7.36604781167333E-08
1.3476595789767E-06
-7.10072537372569E-07
1.67697396075175E-06
-4.10402804760715E-07
1.13661146428835E-06
6.32726230980012E-07
4.61661275047419E-07
-7.23415097299263E-07
1.15540089306114E-06
-8.7494615681355E-08
1.15152496193861E-06
-4.15797847993665E-07
8.78116435374263E-07
1.14705694950752E-06
1.52486945920029E-07
6.32722106080142E-07
-5.64496757146286E-08
7.10778285860926E-07
5.34918831728901E-07
5.28104262712996E-08
1.09770256904644E-07
6.27461408194897E-07
4.57832864681811E-07
3.99730098583018E-07
3.22594947977028E-07
2.25637367744167E-07
8.2584442838394E-07
-7.62136823391847E-09
3.58440973505557E-07
3.78061707995372E-07
1.32679158191989E-07
3.60518432022952E-07
4.57521910978518E-07
4.52448920973824E-07
3.13832924681012E-07
3.75070447196363E-07
1.64305392050432E-07
4.28554530287978E-07
1.96226036341738E-07
2.90998538086129E-07
3.06883590213929E-07
3.14069441333143E-07
3.46696698116295E-07
1.80425632196699E-07
3.21880604961241E-07
1.73860581183875E-07
2.55690881753508E-07
3.74077579014517E-07
2.07647057967873E-07
2.970569313781E-07
3.40643715596214E-07
3.29068184909661E-07
2.99667357505039E-07
2.36260787420815E-07
2.39710125634291E-07
3.35925314857934E-07
2.45274763801835E-07
2.97954325092395E-07
1.86153349348589E-07
3.45886925645963E-07
3.0334843834102E-07
2.69466716715625E-07
2.77538708180397E-07
2.67673874048877E-07
2.88041815613632E-07
2.22099992578914E-07
2.50539015400961E-07
3.32880585561871E-07
2.48676636466179E-07
2.64420452808767E-07
3.48745177960551E-07
1.97956591674977E-07
3.66518778411467E-07
2.37496724223278E-07
2.37496724223278E-07
dMdT Data
0
0
0
0
0
0
0
0
0
0
0
0
0
0
0
0
0
0
0
0
0
0
0
0
0
0
0
0
0
0
0
0
0
0
0
0
0
0
0
0
0
0
0
0
0
0
0
0
0
0
0
0
0
0
0
0
0
0
0
0
0
0
0
0
0
0
0
0
0
0
0
0
0
0
0
0
0
0
0
0
0
0
0
0
0
0
0
0
0
0
0
0
0
0
0
0
0
0
0
0
0
0
0
0
0
0
0
0
0
0
0
0
0
0
0
0
0
0
0
0
0
0
0
0
0
0
0
0
0
0
0
0
0
0
0
0
0
0
0
0
0
0
0
0
0
0
0
0
0
0
0
0
0
0
0
0
0
0
0
0
0
0
0
0
0
0
0
0
0
0
0
0
0
0
0
0
0
0
0
0
0
0
0
0
0
0
0
0
0
0
0
0
0
0
0
0
0
0
0
0
0
0
0
0
0
0
0
0
0
0
0
0
0
0
0
0
0
0
0
0
0
0
0
0
0
0
0
0
0
0
0
0
0
0
0
0
0
0
0
0
0
0
0
0
0
0
0
0
0
0
0
0
0
0
0
0
0
0
0
0
0
0
0
0
0
0
0
0
0
0
0
0
0
0
0
0
0
0
0
0
0
0
0
0
0
0
0
0
0
0
0
0
0
0
0
0
0
0
0
0
0
0
0
0
0
0
0
0
0
0
0
0
0
0
0
0
0
0
0
0
0
0
0
0
0
0
0
0
0
0
0
0
0
0
0
0
0
0
0
0
0
0
0
0
0
0
0
0
0
0
0
0
0
0
0
0
0
0
0
0
0
0
0
0
0
0
0
0
0
0
0
0
0
0
0
0
0
0
0
0
0
0
0
0
0
0
0
0
0
0
0
0
0
0
0
0
0
0
0
0
0
0
0
0
0
0
0
0
0
0
0
0
0
0
0
0
0
0
0
0
0
 
*********************************************** Results ***************************************
 
TotalArea 2.01014429338165
AreaFirstQuad 1.14862857713256
AreaSecondQuad 5.06074584961515E-02
AreaThirdQuad 0.810908257752928
AreaFourthQuad 0
Coercivity 175.023839789329
PositiveCoercivity -223.524719805512
NegativeCoercivity -573.57239938417
Retentivity 6.7292460382149E-05
PositiveRetentivity 2.26550859978645E-04
NegativeRetentivity 9.19659392143473E-05
Magnetization 0.0033901615
PositiveMagnetization 0.0035516626
NegativeMagnetization -0.0032286604
Flatness -1.43889982206171
Squareness 1.98493376737801E-02
SStar -2.08615332806874E-02
SFD1 0.217396188274126
SFD2 32.4742182118811
Slope 0
Intercept 0
SlopeAtHc 3.76619116655455E-07
dH1 136.974324162028
dH2 5683.7623656
InitialSlope -3.63895983972204E-06
FieldAtHalfMs 5219.0903850277
FieldAtMs 11854.08
MomentMean 3.75000588861235E-04
MomentRMS 1.44976206839348E-03
SFD3 -6.36930005516156E-04
dH3 175.135317724572
UserField1 0
UserField2 0
CenterField 0
ExchangeField 0
ExchangeMoment 0
ExRegionOneIntercept 0
ExRegionOneSlope 0
ExRegionTwoIntercept 0
ExRegionTwoSlope 0
NegativeIntercept 0
NegativeSlope 0
AutoCenterOffset 0
PinningField 0
PinningMoment 0
PinRegionOneIntercept 0
PinRegionOneSlope 0
PinRegionTwoIntercept 0
PinRegionTwoSlope 0
PositiveIntercept 0
PositiveSlope 0
TotalOffset 0
BHMax 0
BCoercivity 0
BRetentivity 0
BNegativeCoercivity 0
BPositiveCoercivity 0
BNegativeRetentivity 0
BPositiveRetentivity 0
MomentYMean 2.44626715525891E-06
MomentYRMS 2.01499201139133E-06
YOffCorrection 0
Mrt 0
Ms1 0
Ms2 0
Ms3 0
Hc2 0
Hex2 0
HsatValue 0
HsatIntercept 0
HsatSlope 0
CenterH 0
Span .006780323
SpanAsPercentOfRange -105.942546875
RMSAsPercentOfRange -22.6525323186481
SpanAsPercentOfMean 1808.08329410624
RMSAsPercentOfMean 386.602611157486
