Start Time:  11/10/2018 2:31:50 AM        Time Completed:  11/10/2018 3:44:02 AM    Elapsed Time:  01:12:12
Sample ID:     BFO630_AfterEstaSi_Recal600C_300K_91118_SETd15 

Experiment:    C:\IDEASVSM\Default UserID\Experiments\HysCoFe2O4_Completa\HysCoFe2O4_Completa.exp
Data File:     C:\IDEASVSM\Default UserID\BFO630_AfterEstaSi_Recal600C_300K_91118_SETd15  (ProfileData)\BFO630_AfterEstaSi_Recal600C_300K_91118_SETd15 #10.txt
Plot File:     C:\IDEASVSM\Default UserID\BFO630_AfterEstaSi_Recal600C_300K_91118_SETd15  (ProfileData)\BFO630_AfterEstaSi_Recal600C_300K_91118_SETd15 #10.oc2
VSM Exp File:  C:\IDEASVSM\Default UserID\Experiments\HysCoFe2O4_Completa\HysCoFe2O4_Completa.stp
VSM Data File: C:\IDEASVSM\Default UserID\BFO630_AfterEstaSi_Recal600C_300K_91118_SETd15  (ProfileData)\BFO630_AfterEstaSi_Recal600C_300K_91118_SETd15 #10.dat

***DATA***

Field(Oe)	 Moment(emu)	
-4.6069472 	-0.000060597784 	
-3.693413 	-0.000060003838 	
-2.7776168 	-0.00006288857 	
-1.870663 	-0.000063232744 	
-0.96196127 	-0.000059798211 	
-0.054256728 	-0.000061737191 	
 0.8607795 	-0.00005945104 	
 1.7796933 	-0.000066244051 	
 2.6785075 	-0.000063536786 	
 3.5950506 	-0.000063028528 	
 4.5012861 	-0.000063309289 	
 7.1032089 	-0.000061255103 	
 11.857339 	-0.000057333763 	
 16.600545 	-0.000060519348 	
 21.353746 	-0.000054950029 	
 26.101704 	-0.000059414011 	
 30.850232 	-0.000053852058 	
 35.600277 	-0.000053662017 	
 40.353978 	-0.000046794795 	
 45.091358 	-0.000051192878 	
 49.840889 	-0.000047658253 	
 54.603969 	-0.000043971302 	
 59.297745 	-0.000043684052 	
 64.098654 	-0.000042944347 	
 68.849729 	-0.000046617831 	
 73.593751 	-0.000038994693 	
 78.343484 	-0.000028752248 	
 83.090819 	-0.000029948084 	
 87.844553 	-0.000035043383 	
 92.57044 	-0.00003161797 	
 97.297354 	-0.000026619574 	
 108.44489 	-0.000020451178 	
 128.39955 	-0.000014226887 	
 148.39154 	-0.000012093969 	
 168.40744 	-0.0000041760462 	
 188.39583 	 0.000007966077 	
 208.39024 	 0.000012736754 	
 228.38773 	 0.000018136865 	
 248.39152 	 0.000032386567 	
 268.39745 	 0.000043655479 	
 288.38828 	 0.000041543226 	
 308.385 	 0.000052107563 	
 328.37766 	 0.00005640374 	
 348.37057 	 0.000065112733 	
 368.38012 	 0.000067146924 	
 388.37081 	 0.000074896881 	
 408.3618 	 0.000081076304 	
 428.35093 	 0.000092177777 	
 448.35048 	 0.000099385368 	
 468.35593 	 0.000099070208 	
 488.34856 	 0.00011490875 	
 510.01069 	 0.00011810372 	
 534.96907 	 0.00012124029 	
 559.96491 	 0.00013681818 	
 584.9549 	 0.00014098315 	
 609.96361 	 0.00014693364 	
 634.9667 	 0.00015798297 	
 659.95833 	 0.00015844152 	
 684.96853 	 0.00017052798 	
 709.96362 	 0.00017974923 	
 734.96028 	 0.00019067064 	
 759.96802 	 0.00019548628 	
 784.97026 	 0.00020023369 	
 809.96797 	 0.00021303833 	
 834.97182 	 0.00021948701 	
 859.96572 	 0.00022711758 	
 884.95949 	 0.00022796105 	
 909.96514 	 0.00023314633 	
 934.9769 	 0.00025677637 	
 959.96443 	 0.00026278906 	
 984.97475 	 0.00026163905 	
 1120.0495 	 0.00030564379 	
 1394.6525 	 0.00038511088 	
 1671.3692 	 0.00045150561 	
 1947.4294 	 0.00052343966 	
 2222.4295 	 0.00060317194 	
 2497.4235 	 0.00067387329 	
 2772.4159 	 0.00075352177 	
 3047.3846 	 0.00082778396 	
 3322.3818 	 0.00091009488 	
 3597.3384 	 0.00097187967 	
 3872.3141 	 0.0010448616 	
 4147.2923 	 0.0011087751 	
 4422.2554 	 0.0011785725 	
 4697.2277 	 0.0012516735 	
 4972.212 	 0.0013368051 	
 5247.2045 	 0.0014053056 	
 5522.142 	 0.0014911823 	
 5797.1415 	 0.0015611278 	
 6072.0891 	 0.0016379427 	
 6347.0904 	 0.0017073168 	
 6622.0578 	 0.0017911632 	
 6897.0267 	 0.0018643412 	
 7171.9976 	 0.0019311769 	
 7446.9583 	 0.0020076358 	
 7721.9371 	 0.0020671164 	
 7996.8802 	 0.0021406599 	
 8271.8244 	 0.0022087293 	
 8546.7596 	 0.0022776495 	
 8821.6835 	 0.0023611647 	
 9096.5858 	 0.002433558 	
 9371.4893 	 0.0024916877 	
 9646.3638 	 0.0025777999 	
 9921.2301 	 0.0026418187 	
 10196.105 	 0.0027185759 	
 10470.918 	 0.0028040485 	
 10745.759 	 0.0028660878 	
 11020.555 	 0.002932035 	
 11295.367 	 0.0030018809 	
 11570.141 	 0.0030821872 	
 11844.918 	 0.0031690234 	
 11852.478 	 0.0031604078 	
 11576.844 	 0.0030959811 	
 11301.32 	 0.0030113849 	
 11025.948 	 0.0029477602 	
 10750.601 	 0.0028762998 	
 10475.31 	 0.002811883 	
 10200.047 	 0.0027261456 	
 9924.8469 	 0.0026620521 	
 9649.648 	 0.002589815 	
 9374.5103 	 0.0025212608 	
 9099.3888 	 0.0024494482 	
 8824.3206 	 0.0023821846 	
 8549.2119 	 0.002329428 	
 8274.1467 	 0.0022426427 	
 7999.098 	 0.0021771747 	
 7724.0681 	 0.0021027998 	
 7449.0276 	 0.0020286594 	
 7173.9788 	 0.0019629423 	
 6898.9585 	 0.0018846554 	
 6623.9472 	 0.0018192559 	
 6348.9041 	 0.0017337592 	
 6073.8836 	 0.0016541528 	
 5798.8584 	 0.0016147912 	
 5523.8427 	 0.0015216725 	
 5248.8085 	 0.0014433843 	
 4973.7631 	 0.0013702291 	
 4698.7701 	 0.0012906857 	
 4423.7475 	 0.0012236834 	
 4148.6996 	 0.0011545072 	
 3873.6901 	 0.0010868826 	
 3598.6594 	 0.0010124379 	
 3323.6408 	 0.00092823022 	
 3048.6235 	 0.00085686372 	
 2773.6169 	 0.00079626465 	
 2498.57 	 0.00072527479 	
 2223.5786 	 0.00063157949 	
 1948.5711 	 0.00054888948 	
 1673.5553 	 0.00048358404 	
 1398.5315 	 0.00039567121 	
 1123.8898 	 0.00031898104 	
 977.76075 	 0.00027938197 	
 927.84389 	 0.00025698221 	
 877.84365 	 0.0002551667 	
 827.84988 	 0.00023046146 	
 777.85166 	 0.00022450177 	
 727.63769 	 0.00020121713 	
 677.3404 	 0.00019411268 	
 627.35856 	 0.00017331492 	
 577.34646 	 0.00014041012 	
 527.35184 	 0.00013800009 	
 492.75987 	 0.00010988338 	
 472.74007 	 0.00012155362 	
 452.59953 	 0.0001068621 	
 432.60477 	 0.00011203593 	
 412.60729 	 0.000096752412 	
 392.61251 	 0.000084782159 	
 372.61931 	 0.000082201132 	
 352.62219 	 0.000075619041 	
 332.6386 	 0.000074288875 	
 312.63378 	 0.000058420202 	
 292.62661 	 0.000057702626 	
 272.64443 	 0.000046533745 	
 252.6519 	 0.000041937606 	
 232.65558 	 0.000044249149 	
 212.66507 	 0.00002662543 	
 192.65893 	 0.000025530364 	
 172.66807 	 0.000005856165 	
 152.67337 	 0.0000094188897 	
 132.6812 	-0.0000041868973 	
 112.68465 	-0.000014785907 	
 97.769274 	-0.000024921482 	
 87.771041 	-0.0000195013 	
 77.693315 	-0.000027112284 	
 67.695976 	-0.000033671614 	
 57.662898 	-0.000031942081 	
 47.70281 	-0.000047955592 	
 37.701907 	-0.000055710353 	
 27.709471 	-0.000054375399 	
 17.720094 	-0.000049522497 	
 7.7033118 	-0.00005924504 	
-2.2956157 	-0.000057266704 	
-12.302433 	-0.000069494753 	
-22.303358 	-0.000068562863 	
-32.293627 	-0.00007177584 	
-42.288531 	-0.000078490226 	
-52.299917 	-0.000082024623 	
-62.298224 	-0.00008822787 	
-72.303425 	-0.000094050347 	
-82.300169 	-0.000098855736 	
-92.300594 	-0.000095837497 	
-106.69151 	-0.0001033643 	
-126.65923 	-0.00011075401 	
-146.66256 	-0.00013051691 	
-166.66307 	-0.00012373907 	
-186.65883 	-0.0001407378 	
-206.66134 	-0.00014683793 	
-226.65582 	-0.00015306995 	
-246.66177 	-0.00016351987 	
-266.65175 	-0.00016901161 	
-286.6393 	-0.00016850116 	
-306.64667 	-0.00017882434 	
-326.62944 	-0.00018401257 	
-346.63455 	-0.0001891541 	
-366.61981 	-0.00020909748 	
-386.6204 	-0.0002072841 	
-406.61441 	-0.00021202469 	
-426.60852 	-0.00022733362 	
-446.60617 	-0.00023206592 	
-466.59895 	-0.00023786903 	
-486.59678 	-0.0002519021 	
-520.52088 	-0.00025421937 	
-570.49909 	-0.0002619216 	
-620.49824 	-0.00030384885 	
-670.50409 	-0.00030435529 	
-720.49867 	-0.00030812627 	
-770.49871 	-0.00032985969 	
-820.49942 	-0.00034958509 	
-870.50882 	-0.00036749363 	
-920.50443 	-0.00037929108 	
-970.50484 	-0.00038448786 	
-1118.2653 	-0.00042326802 	
-1392.7562 	-0.00051266026 	
-1667.7564 	-0.00059029382 	
-1942.7323 	-0.00068757921 	
-2217.7306 	-0.00075481788 	
-2492.7273 	-0.00081473508 	
-2767.7044 	-0.00093750448 	
-3042.6863 	-0.00098076821 	
-3317.6668 	-0.0010743217 	
-3592.6617 	-0.0011507487 	
-3867.6428 	-0.0012105834 	
-4144.4196 	-0.0012601383 	
-4420.3604 	-0.0013764815 	
-4695.3422 	-0.0014450547 	
-4970.3195 	-0.0014975238 	
-5245.2784 	-0.0015933261 	
-5520.4444 	-0.0016479647 	
-5798.0054 	-0.0017317212 	
-6072.9686 	-0.0018303091 	
-6347.9358 	-0.0018912432 	
-6622.9302 	-0.0019477591 	
-6897.9052 	-0.0020637486 	
-7175.2881 	-0.0021126566 	
-7450.5855 	-0.0021826465 	
-7725.5458 	-0.0022534007 	
-8000.5059 	-0.0023378151 	
-8275.4495 	-0.0024084664 	
-8550.4011 	-0.0025016501 	
-8825.3242 	-0.0025624238 	
-9100.2473 	-0.0026281875 	
-9375.1465 	-0.002705349 	
-9650.0226 	-0.0027802733 	
-9925.7939 	-0.0028491324 	
-10202.477 	-0.0029397574 	
-10477.304 	-0.0030165394 	
-10753.497 	-0.0030793495 	
-11029.694 	-0.0031611007 	
-11304.459 	-0.003222629 	
-11579.222 	-0.0032989802 	
-11853.947 	-0.003374999 	
-11869.378 	-0.0033661761 	
-11593.914 	-0.0033156084 	
-11318.414 	-0.0032465038 	
-11043.011 	-0.0031728695 	
-10767.691 	-0.0030940829 	
-10492.398 	-0.00302996 	
-10217.137 	-0.0029687895 	
-9941.9186 	-0.0028893475 	
-9666.7392 	-0.0028246073 	
-9391.5833 	-0.0027380099 	
-9116.4639 	-0.002678643 	
-8841.3518 	-0.0026186527 	
-8566.2882 	-0.0025394051 	
-8291.1792 	-0.002434957 	
-8013.4237 	-0.0023798781 	
-7738.3746 	-0.0023217694 	
-7463.3293 	-0.0022408465 	
-7188.3063 	-0.0022043361 	
-6913.272 	-0.002097749 	
-6638.2438 	-0.0020155938 	
-6363.2235 	-0.0019585407 	
-6088.198 	-0.0018696541 	
-5813.1751 	-0.0017934522 	
-5538.1617 	-0.0017041894 	
-5263.1289 	-0.0016541054 	
-4988.1045 	-0.0015724567 	
-4713.0873 	-0.0015084204 	
-4438.0561 	-0.0014372362 	
-4163.0328 	-0.0013609756 	
-3888.0139 	-0.001290585 	
-3612.9922 	-0.0012211683 	
-3337.9107 	-0.0011418008 	
-3060.1901 	-0.0010734667 	
-2785.1662 	-0.00098016079 	
-2510.1481 	-0.00094008352 	
-2235.1447 	-0.00085543356 	
-1960.134 	-0.00076687216 	
-1685.1324 	-0.00070396604 	
-1410.1111 	-0.0006202508 	
-1135.1466 	-0.00052571767 	
-977.39831 	-0.00049333011 	
-927.47662 	-0.00047333241 	
-877.4799 	-0.00046248075 	
-826.98111 	-0.00043987004 	
-776.98122 	-0.00043027491 	
-726.98101 	-0.00041391579 	
-676.97207 	-0.00039567255 	
-626.9683 	-0.0003844887 	
-576.97821 	-0.00036304794 	
-526.97178 	-0.00033567315 	
-492.29388 	-0.00033743088 	
-472.33769 	-0.0003258861 	
-452.3409 	-0.00030939962 	
-432.33697 	-0.00031011592 	
-412.33719 	-0.00031829276 	
-392.35018 	-0.00030035561 	
-372.35965 	-0.00029305171 	
-352.36294 	-0.00028438933 	
-332.28513 	-0.00027716527 	
-312.17094 	-0.00027436893 	
-292.17851 	-0.00026538433 	
-272.17972 	-0.00026388319 	
-252.19085 	-0.00025169161 	
-232.19232 	-0.00024383314 	
-212.19685 	-0.00023971149 	
-192.202 	-0.00022902804 	
-172.21712 	-0.00022729182 	
-152.08949 	-0.00021403971 	
-132.00664 	-0.00021028038 	
-111.81159 	-0.00020323711 	
-96.70889 	-0.00019611792 	
-86.720303 	-0.00018207491 	
-76.716377 	-0.00018400286 	
-66.717841 	-0.00018238352 	
-56.722524 	-0.00018278414 	
-46.715254 	-0.00017638491 	
-36.721276 	-0.00016314735 	
-26.627432 	-0.00016133955 	
-16.624474 	-0.00015968066 	
-6.6243309 	-0.00015873394 	
 3.38778 	-0.00015555658 	
 13.387076 	-0.00014884503 	
 23.391407 	-0.00014137654 	
 33.38477 	-0.00013444666 	
 43.373523 	-0.00013696188 	
 53.374689 	-0.00013218357 	
 63.374722 	-0.00012475384 	
 73.371093 	-0.00012495602 	
 83.380806 	-0.00011415219 	
 93.35639 	-0.00011941944 	
 117.56481 	-0.00010411437 	
 157.88678 	-0.000087131835 	
 197.94495 	-0.000074563372 	
 237.94662 	-0.000061016889 	
 277.94847 	-0.000045674208 	
 317.93074 	-0.000022995648 	
 357.93843 	-0.0000072089561 	
 397.94059 	-0.0000054560136 	
 438.17944 	 0.000023020803 	
 478.31077 	 0.000021097356 	
 521.97514 	 0.000040465272 	
 571.90945 	 0.00005203702 	
 621.91682 	 0.000070358216 	
 671.914 	 0.000082176479 	
 721.91443 	 0.00011863329 	
 771.91781 	 0.00014241384 	
 821.9165 	 0.00014174558 	
 871.92164 	 0.00016240924 	
 921.90672 	 0.00017638155 	
 971.92712 	 0.00017680641 	
 1129.3692 	 0.00023073129 	
 1404.3169 	 0.00030567817 	
 1679.2889 	 0.0003781867 	
 1954.2777 	 0.00048833276 	
 2229.2912 	 0.00052427261 	
 2504.265 	 0.00061423338 	
 2779.2414 	 0.00069695465 	
 3054.2265 	 0.00075381007 	
 3329.2179 	 0.00085035125 	
 3604.2001 	 0.00094574592 	
 3879.8603 	 0.00098334508 	
 4156.9233 	 0.0010674405 	
 4434.0724 	 0.0011256334 	
 4709.6286 	 0.0011984577 	
 4984.6209 	 0.0012893067 	
 5259.5729 	 0.0013786885 	
 5534.5592 	 0.0014561364 	
 5809.5291 	 0.0015320841 	
 6084.5222 	 0.001600838 	
 6359.48 	 0.0016648229 	
 6634.4714 	 0.0017361327 	
 6909.4411 	 0.0018044587 	
 7184.42 	 0.0019030202 	
 7459.3536 	 0.0019648852 	
 7734.3286 	 0.0020341038 	
 8009.3011 	 0.0021129609 	
 8284.2459 	 0.0021945704 	
 8559.1903 	 0.002269735 	
 8834.1156 	 0.0023218682 	
 9109.0132 	 0.0024095913 	
 9383.9265 	 0.0024932596 	
 9658.8034 	 0.0025635507 	
 9933.6556 	 0.0026394151 	
 10208.509 	 0.002719314 	
 10483.333 	 0.0027691149 	
 10758.156 	 0.002865604 	
 11032.951 	 0.0029265914 	
 11312.119 	 0.0030125072 	
 11587.993 	 0.0030824276 	
 11862.643 	 0.0031529327 	

	
	
