Start Time:  11/9/2018 9:43:00 PM         Time Completed:  11/9/2018 10:55:12 PM    Elapsed Time:  01:12:12
Sample ID:     BFO630_AfterEstaSi_Recal600C_300K_91118_SETd15 

Experiment:    C:\IDEASVSM\Default UserID\Experiments\HysCoFe2O4_Completa\HysCoFe2O4_Completa.exp
Data File:     C:\IDEASVSM\Default UserID\BFO630_AfterEstaSi_Recal600C_300K_91118_SETd15  (ProfileData)\BFO630_AfterEstaSi_Recal600C_300K_91118_SETd15 #6.txt
Plot File:     C:\IDEASVSM\Default UserID\BFO630_AfterEstaSi_Recal600C_300K_91118_SETd15  (ProfileData)\BFO630_AfterEstaSi_Recal600C_300K_91118_SETd15 #6.oc2
VSM Exp File:  C:\IDEASVSM\Default UserID\Experiments\HysCoFe2O4_Completa\HysCoFe2O4_Completa.stp
VSM Data File: C:\IDEASVSM\Default UserID\BFO630_AfterEstaSi_Recal600C_300K_91118_SETd15  (ProfileData)\BFO630_AfterEstaSi_Recal600C_300K_91118_SETd15 #6.dat

***DATA***

Field(Oe)	 Moment(emu)	
-4.6661701 	-0.000030598411 	
-3.7570571 	-0.000027844364 	
-2.8409525 	-0.000034051513 	
-1.9406818 	-0.000037817615 	
-1.0295124 	-0.000029785692 	
-0.12002358 	-0.000035580222 	
 0.78965774 	-0.000036832036 	
 1.7044486 	-0.000035009527 	
 2.6102718 	-0.000037309884 	
 3.5178474 	-0.000033808833 	
 4.4253199 	-0.000035771506 	
 7.1325853 	-0.000029682467 	
 11.876099 	-0.00002710128 	
 16.624561 	-0.000027706702 	
 21.376732 	-0.000025217958 	
 26.126567 	-0.000031921676 	
 30.87968 	-0.000025706627 	
 35.632865 	-0.000022025121 	
 40.389706 	-0.000023525158 	
 45.131823 	-0.000015449907 	
 49.872653 	-0.000019489527 	
 54.613852 	-0.000014683932 	
 59.430053 	-0.000012887723 	
 64.113121 	-0.0000089606401 	
 68.866872 	-0.000013196706 	
 73.635193 	-0.0000057240017 	
 78.365826 	-0.0000070290414 	
 83.115582 	-0.0000059302164 	
 87.866022 	-0.0000032689322 	
 92.643284 	-0.0000039068609 	
 97.400058 	-0.00000011768372 	
 109.18364 	 0.000010169728 	
 129.18155 	 0.0000089517939 	
 149.18848 	 0.000022871009 	
 169.18349 	 0.000027537111 	
 189.17286 	 0.000035484994 	
 209.17993 	 0.000043109383 	
 229.16631 	 0.000050588325 	
 249.1724 	 0.000057684112 	
 269.17041 	 0.000061364939 	
 289.16902 	 0.000076070146 	
 309.16626 	 0.000082394528 	
 329.15444 	 0.000087301556 	
 349.16362 	 0.000094122567 	
 369.15862 	 0.000098428406 	
 389.14843 	 0.00010262406 	
 409.14533 	 0.00011483418 	
 429.13694 	 0.00011847621 	
 449.23649 	 0.00012815515 	
 469.3287 	 0.00013098832 	
 489.33445 	 0.00014165278 	
 511.04989 	 0.00014760858 	
 536.01598 	 0.00015254965 	
 561.01682 	 0.00016366884 	
 586.02085 	 0.0001710543 	
 611.00985 	 0.00018271789 	
 636.02005 	 0.00019159 	
 661.0197 	 0.00019358081 	
 686.02908 	 0.00020009659 	
 711.01202 	 0.00021505375 	
 736.01574 	 0.00021804788 	
 761.21255 	 0.00022695556 	
 786.28031 	 0.000240534 	
 811.28327 	 0.0002447631 	
 836.27044 	 0.00025011915 	
 861.27253 	 0.00026143823 	
 886.28539 	 0.00026987931 	
 911.27447 	 0.00027984708 	
 936.27908 	 0.00028082762 	
 961.27319 	 0.00028882674 	
 986.2798 	 0.00029989266 	
 1121.6004 	 0.00034263658 	
 1396.1927 	 0.00041184794 	
 1671.2414 	 0.0004913951 	
 1946.2425 	 0.00057336477 	
 2221.2622 	 0.00065864498 	
 2496.2458 	 0.00072233961 	
 2772.9195 	 0.00080338363 	
 3048.9598 	 0.00086745467 	
 3323.9344 	 0.00095708123 	
 3598.9056 	 0.0010205576 	
 3873.8645 	 0.0010980465 	
 4148.8425 	 0.0011684617 	
 4423.8254 	 0.0012364989 	
 4698.8143 	 0.0013110827 	
 4973.7712 	 0.0013784236 	
 5248.7616 	 0.0014614769 	
 5523.7175 	 0.0015519653 	
 5798.6907 	 0.0016293046 	
 6073.6756 	 0.0017013949 	
 6348.6415 	 0.0017723061 	
 6623.6024 	 0.0018331553 	
 6898.5998 	 0.0018977868 	
 7176.2306 	 0.001984531 	
 7451.2594 	 0.0020541514 	
 7726.2388 	 0.0021219614 	
 8001.1857 	 0.0022078497 	
 8276.1347 	 0.0022687486 	
 8551.0561 	 0.0023408464 	
 8826.0011 	 0.0023959369 	
 9100.9107 	 0.0024800913 	
 9375.809 	 0.0025667818 	
 9650.6723 	 0.0026135383 	
 9925.5453 	 0.0027033225 	
 10200.393 	 0.0027744268 	
 10475.248 	 0.0028441054 	
 10750.073 	 0.0029149095 	
 11024.882 	 0.0029883464 	
 11299.701 	 0.0030504283 	
 11574.441 	 0.0031290041 	
 11849.213 	 0.0031990727 	
 11861.132 	 0.003207562 	
 11585.71 	 0.0031302234 	
 11310.177 	 0.0030731712 	
 11034.774 	 0.0029921678 	
 10759.449 	 0.0029226774 	
 10482.301 	 0.0028526142 	
 10206.16 	 0.0027787957 	
 9930.9527 	 0.002714581 	
 9655.7639 	 0.0026501882 	
 9380.6045 	 0.0025725314 	
 9105.4811 	 0.0024973327 	
 8830.3791 	 0.0024086155 	
 8555.3091 	 0.0023525473 	
 8280.2532 	 0.0022795014 	
 8005.196 	 0.0022018461 	
 7730.1629 	 0.0021431849 	
 7455.134 	 0.0020781087 	
 7180.0848 	 0.001999854 	
 6905.0349 	 0.0019258645 	
 6630.0154 	 0.0018593948 	
 6354.9931 	 0.0017750662 	
 6079.9778 	 0.001706421 	
 5804.9566 	 0.0016072016 	
 5529.9272 	 0.0015490528 	
 5254.9071 	 0.0014943804 	
 4979.4661 	 0.0014111356 	
 4702.1174 	 0.0013353606 	
 4427.0687 	 0.0012392949 	
 4152.0636 	 0.0012054144 	
 3877.0358 	 0.0011136288 	
 3602.0104 	 0.0010502539 	
 3326.9937 	 0.00097339079 	
 3051.9715 	 0.0008991687 	
 2776.9503 	 0.00081427802 	
 2501.9384 	 0.00074210548 	
 2226.9028 	 0.00066040732 	
 1951.9085 	 0.0005771004 	
 1676.8992 	 0.00050761678 	
 1401.8929 	 0.00042093848 	
 1127.1101 	 0.00038034496 	
 975.86332 	 0.00029874563 	
 925.88781 	 0.00029799064 	
 875.88478 	 0.00027137275 	
 825.88996 	 0.00025921382 	
 775.87616 	 0.00024589306 	
 725.8905 	 0.00022009622 	
 675.88753 	 0.00020762788 	
 625.88058 	 0.00018133186 	
 575.88599 	 0.00017817699 	
 525.8839 	 0.00016012843 	
 491.09403 	 0.00015389677 	
 471.11887 	 0.00014566179 	
 451.11733 	 0.0001247385 	
 431.13733 	 0.00012565863 	
 411.13744 	 0.00012011705 	
 391.141 	 0.00010464509 	
 371.13375 	 0.00010057306 	
 351.14684 	 0.00009404244 	
 331.14219 	 0.000095665087 	
 311.15843 	 0.000074917958 	
 291.16573 	 0.000076184855 	
 271.16738 	 0.000068951376 	
 251.17144 	 0.000060413117 	
 231.18714 	 0.000053227129 	
 211.18393 	 0.000033205302 	
 191.18674 	 0.00003812922 	
 171.19333 	 0.000023562064 	
 151.18942 	 0.000007202405 	
 131.20548 	 0.000021476012 	
 111.21046 	 0.00000044751361 	
 96.11645 	 0.0000034414268 	
 86.054691 	-0.0000072015668 	
 76.058992 	-0.000017248465 	
 66.071992 	-0.000015015959 	
 56.066043 	-0.00001328041 	
 46.069147 	-0.000032762525 	
 36.070355 	-0.000030139139 	
 26.071524 	-0.000039272259 	
 16.08218 	-0.000037798369 	
 6.0722526 	-0.000047925586 	
-3.9354071 	-0.000046607041 	
-13.925615 	-0.00004829667 	
-23.936476 	-0.000061111105 	
-33.920195 	-0.000058799036 	
-43.930339 	-0.00006594422 	
-53.92731 	-0.000058484273 	
-63.935912 	-0.000072456167 	
-73.965005 	-0.000081578558 	
-84.026904 	-0.000084116189 	
-94.027642 	-0.000089038544 	
-108.18006 	-0.000087989796 	
-128.14917 	-0.000098334797 	
-148.14037 	-0.00011154348 	
-168.13521 	-0.00011836134 	
-188.13091 	-0.00012207265 	
-208.14058 	-0.00012776744 	
-228.12999 	-0.00014468912 	
-248.13825 	-0.00015351096 	
-268.12696 	-0.00015427264 	
-288.12449 	-0.00015589056 	
-308.13104 	-0.00018139126 	
-328.11133 	-0.00018373011 	
-348.11511 	-0.00019014363 	
-368.19337 	-0.00019730556 	
-388.30045 	-0.00019265211 	
-408.29045 	-0.00020613755 	
-428.29733 	-0.00021410293 	
-448.28911 	-0.00021196908 	
-468.28168 	-0.00023118963 	
-488.27024 	-0.00022799341 	
-522.07043 	-0.00023974593 	
-572.04234 	-0.00026511416 	
-622.05035 	-0.00028843248 	
-672.05042 	-0.00030206506 	
-722.04449 	-0.00032578773 	
-772.03611 	-0.00031994431 	
-822.03961 	-0.00034643732 	
-872.03881 	-0.0003544317 	
-922.04854 	-0.00037425462 	
-972.04895 	-0.00038109466 	
-1122.9314 	-0.00045598145 	
-1397.6438 	-0.00054609561 	
-1672.6237 	-0.00061431597 	
-1947.5821 	-0.00067413728 	
-2222.5897 	-0.00076467423 	
-2498.5559 	-0.00085925554 	
-2775.3309 	-0.00091274971 	
-3050.3068 	-0.00097452043 	
-3325.2791 	-0.0010754432 	
-3600.2654 	-0.0011559794 	
-3875.2437 	-0.0012074634 	
-4150.2317 	-0.0012800499 	
-4425.2129 	-0.0013782411 	
-4700.1924 	-0.0014504716 	
-4975.1674 	-0.0015087267 	
-5250.1687 	-0.0015851155 	
-5525.1186 	-0.001673094 	
-5800.0996 	-0.0017415432 	
-6075.0691 	-0.0018094905 	
-6350.0601 	-0.0018893148 	
-6625.0173 	-0.0019751098 	
-6902.4867 	-0.0020301595 	
-7177.7295 	-0.0021158172 	
-7452.6816 	-0.0021725766 	
-7727.6467 	-0.0022624548 	
-8002.5972 	-0.0023453424 	
-8277.5511 	-0.0024098591 	
-8552.4968 	-0.002497068 	
-8827.4275 	-0.0025577743 	
-9102.3423 	-0.0026361362 	
-9377.2369 	-0.0026959982 	
-9652.1308 	-0.0027745085 	
-9927.0028 	-0.0028617463 	
-10201.855 	-0.0029276239 	
-10476.658 	-0.0030011905 	
-10751.477 	-0.003075719 	
-11026.279 	-0.0031565411 	
-11301.082 	-0.0032274457 	
-11575.824 	-0.0032890556 	
-11850.571 	-0.0033607509 	
-11873.552 	-0.0033673892 	
-11598.388 	-0.0032990391 	
-11322.885 	-0.0032330832 	
-11047.472 	-0.0031595268 	
-10772.146 	-0.0030968733 	
-10496.444 	-0.0030349332 	
-10218.845 	-0.0029567831 	
-9943.6311 	-0.0028779694 	
-9668.4397 	-0.0028073069 	
-9393.3106 	-0.0027462541 	
-9118.1661 	-0.0026737146 	
-8843.089 	-0.0026088148 	
-8567.9999 	-0.0025362749 	
-8292.9464 	-0.0024674471 	
-8017.8844 	-0.0023980466 	
-7742.8473 	-0.0023312373 	
-7467.7997 	-0.0022528803 	
-7192.7524 	-0.0021734857 	
-6917.7287 	-0.0020834336 	
-6642.7302 	-0.002026181 	
-6367.6861 	-0.0019491804 	
-6092.6496 	-0.0018982075 	
-5817.6541 	-0.0018129315 	
-5542.6152 	-0.00174308 	
-5267.6055 	-0.0016581386 	
-4992.5702 	-0.0015850153 	
-4717.5445 	-0.0015083491 	
-4441.8782 	-0.001438337 	
-4164.7426 	-0.0013549711 	
-3889.7175 	-0.0012888211 	
-3614.7046 	-0.0012308637 	
-3339.6953 	-0.0011349186 	
-3064.6582 	-0.0010792761 	
-2789.6154 	-0.0010011621 	
-2514.6229 	-0.00092998194 	
-2239.6072 	-0.00087954221 	
-1964.6002 	-0.00075892549 	
-1689.5891 	-0.00071902599 	
-1414.0669 	-0.00062637473 	
-1136.8431 	-0.00054610536 	
-976.78739 	-0.00049743131 	
-926.84344 	-0.00047790648 	
-876.85463 	-0.00045831933 	
-826.84821 	-0.00044831632 	
-776.84729 	-0.00044240612 	
-726.8441 	-0.00040745074 	
-676.8461 	-0.00039155728 	
-626.85292 	-0.00037064681 	
-576.85078 	-0.00036679772 	
-526.57467 	-0.00034171706 	
-491.31151 	-0.00033758901 	
-471.33633 	-0.00033858718 	
-451.3384 	-0.00032518461 	
-431.35013 	-0.00031577505 	
-411.35375 	-0.00030518104 	
-391.35376 	-0.00029159269 	
-371.35657 	-0.00030260373 	
-351.35891 	-0.00029382502 	
-331.38038 	-0.00027785515 	
-311.38308 	-0.00027294516 	
-291.38509 	-0.00025886516 	
-271.38733 	-0.00025340938 	
-251.2455 	-0.000255527 	
-231.19618 	-0.00024564249 	
-211.20493 	-0.00024877122 	
-191.2039 	-0.00022430942 	
-171.21097 	-0.00022397155 	
-151.21255 	-0.00021214537 	
-131.2223 	-0.00021360583 	
-111.22286 	-0.00019969181 	
-96.17443 	-0.000190746 	
-86.192949 	-0.00018167232 	
-76.196662 	-0.00017885397 	
-66.198443 	-0.00018302109 	
-56.190358 	-0.00017835631 	
-46.190296 	-0.00017228479 	
-36.192714 	-0.00016433053 	
-26.183563 	-0.00016384108 	
-16.199529 	-0.0001579228 	
-6.1969182 	-0.00015178494 	
 3.8014834 	-0.00014741335 	
 13.808241 	-0.0001339002 	
 23.820847 	-0.0001373207 	
 33.796879 	-0.0001406402 	
 43.803805 	-0.0001256616 	
 53.801162 	-0.00012662446 	
 63.772673 	-0.00012075843 	
 73.819395 	-0.00012332885 	
 83.796819 	-0.00011303299 	
 93.822389 	-0.00011600847 	
 117.96188 	-0.000094998294 	
 157.94902 	-0.000085922831 	
 197.95345 	-0.000059365096 	
 237.94384 	-0.000051590957 	
 277.94503 	-0.0000484495 	
 317.94171 	-0.000018925367 	
 357.94707 	-0.0000085541437 	
 397.94013 	 0.0000203863 	
 437.93514 	 0.0000013577002 	
 477.9305 	 0.000035590736 	
 521.46206 	 0.00004859085 	
 571.38155 	 0.000077386425 	
 621.37697 	 0.000098620262 	
 671.37503 	 0.00010817867 	
 721.38899 	 0.00011667799 	
 771.37738 	 0.00011931926 	
 821.38421 	 0.00015688349 	
 871.38086 	 0.00017945103 	
 921.39414 	 0.00019404254 	
 971.387 	 0.00020229222 	
 1125.8731 	 0.00024527528 	
 1401.8445 	 0.00029482255 	
 1676.8148 	 0.00038655796 	
 1951.8216 	 0.0004678913 	
 2226.8178 	 0.00057699932 	
 2501.7847 	 0.00064032127 	
 2776.7716 	 0.00071299759 	
 3051.7565 	 0.00079432491 	
 3326.7562 	 0.00085281699 	
 3601.7221 	 0.00094069181 	
 3876.7002 	 0.0010140504 	
 4151.7058 	 0.0011143594 	
 4426.677 	 0.0011556029 	
 4701.6673 	 0.0012190504 	
 4979.359 	 0.001308076 	
 5254.3761 	 0.0013859767 	
 5529.3418 	 0.0014684331 	
 5804.3146 	 0.0015446833 	
 6079.2973 	 0.0016248408 	
 6354.2639 	 0.0017107081 	
 6629.2318 	 0.0017764659 	
 6904.2025 	 0.0018425007 	
 7179.1894 	 0.0019140748 	
 7454.152 	 0.0019811042 	
 7729.1273 	 0.0020645749 	
 8004.0753 	 0.0021221381 	
 8279.0298 	 0.0022138616 	
 8553.9709 	 0.0022950733 	
 8828.8937 	 0.0023771732 	
 9103.797 	 0.0024284711 	
 9378.7202 	 0.0025121916 	
 9653.5894 	 0.0025857836 	
 9928.4609 	 0.0026534534 	
 10203.298 	 0.0027385817 	
 10478.116 	 0.002807622 	
 10752.936 	 0.0028712236 	
 11027.751 	 0.0029447586 	
 11302.526 	 0.0030215301 	
 11577.278 	 0.0031024791 	
 11852.016 	 0.0031694328 	

	
	
