Version 1.25
******************************************** Units *******************************************
System CGS
TemperatureUnit C
MomentUnit emu
AppliedFieldUnit Oe
 
******************************************** Setup ********************************************
 
Experiment CustomField
Minor False
Acquisition Continuous
EditedPoint No
MaxField 12000
FieldIncrement 114.285714285714
Points 421
MinField 0
RampRate 11.4285714285714
AverageTime 10
TimeInterval 0
TimeConstant 0.1
TimeConstantIndex 0
Sensitivity -0.0064
SensitivityIndex 5
SensitivityY -0.004
SensitivityIndexY 5
SaturationField 8000
ExperimentTime 4210
Use735Domains False
AutoRangeEnabled False
NumberOfVertices 20
VertexPts
0
10
30
50
70
110
150
160
180
200
220
230
270
310
320
340
360
370
380
420
VertexField
-5
5
100
500
1000
12000
1000
500
100
-100
-500
-1000
-12000
-1000
-500
-100
100
500
1000
12000
StartAngle 0
EndAngle 0
AngleIncrement 0
StartTemp 0
FinishTemp 0
TempIncrement 0
TempPoints 0
LengthofSetPointsArray 421
SetPointArray
-5
-4
-3
-2
-1
0
1
2
3
4
5
9.75
14.5
19.25
24
28.75
33.5
38.25
43
47.75
52.5
57.25
62
66.75
71.5
76.25
81
85.75
90.5
95.25
100
120
140
160
180
200
220
240
260
280
300
320
340
360
380
400
420
440
460
480
500
525
550
575
600
625
650
675
700
725
750
775
800
825
850
875
900
925
950
975
1000
1275
1550
1825
2100
2375
2650
2925
3200
3475
3750
4025
4300
4575
4850
5125
5400
5675
5950
6225
6500
6775
7050
7325
7600
7875
8150
8425
8700
8975
9250
9525
9800
10075
10350
10625
10900
11175
11450
11725
12000
11725
11450
11175
10900
10625
10350
10075
9800
9525
9250
8975
8700
8425
8150
7875
7600
7325
7050
6775
6500
6225
5950
5675
5400
5125
4850
4575
4300
4025
3750
3475
3200
2925
2650
2375
2100
1825
1550
1275
1000
950
900
850
800
750
700
650
600
550
500
480
460
440
420
400
380
360
340
320
300
280
260
240
220
200
180
160
140
120
100
90
80
70
60
50
40
30
20
10
0
-10
-20
-30
-40
-50
-60
-70
-80
-90
-100
-120
-140
-160
-180
-200
-220
-240
-260
-280
-300
-320
-340
-360
-380
-400
-420
-440
-460
-480
-500
-550
-600
-650
-700
-750
-800
-850
-900
-950
-1000
-1275
-1550
-1825
-2100
-2375
-2650
-2925
-3200
-3475
-3750
-4025
-4300
-4575
-4850
-5125
-5400
-5675
-5950
-6225
-6500
-6775
-7050
-7325
-7600
-7875
-8150
-8425
-8700
-8975
-9250
-9525
-9800
-10075
-10350
-10625
-10900
-11175
-11450
-11725
-12000
-11725
-11450
-11175
-10900
-10625
-10350
-10075
-9800
-9525
-9250
-8975
-8700
-8425
-8150
-7875
-7600
-7325
-7050
-6775
-6500
-6225
-5950
-5675
-5400
-5125
-4850
-4575
-4300
-4025
-3750
-3475
-3200
-2925
-2650
-2375
-2100
-1825
-1550
-1275
-1000
-950
-900
-850
-800
-750
-700
-650
-600
-550
-500
-480
-460
-440
-420
-400
-380
-360
-340
-320
-300
-280
-260
-240
-220
-200
-180
-160
-140
-120
-100
-90
-80
-70
-60
-50
-40
-30
-20
-10
0
10
20
30
40
50
60
70
80
90
100
140
180
220
260
300
340
380
420
460
500
550
600
650
700
750
800
850
900
950
1000
1275
1550
1825
2100
2375
2650
2925
3200
3475
3750
4025
4300
4575
4850
5125
5400
5675
5950
6225
6500
6775
7050
7325
7600
7875
8150
8425
8700
8975
9250
9525
9800
10075
10350
10625
10900
11175
11450
11725
12000
FieldDomainFile C:\IDEASVSM\Default UserID\Experiments\HysCoFe2O4_Completa\fdomain.ini
TempDomainFile C:\IDEASVSM\Default UserID\Experiments\HysCoFe2O4_Completa\tdomain.ini
NumSelectedResults 0
ResultsSelected 
UserName1 
UserValue1 
UserName2 
UserValue2 
LinearBackgroundCorrection Off
MaxLinearFieldCorrection 
MinLinearFieldCorrection 
AutoLinearCorrection Off
FitOneRegion Off
BackgroundMode Off
BackgroundFilename 
AutoCenter Off
OffsetCorrection 
SmoothDeriv Off
DerivOrder 0
DerivPoints 0
MinExFieldOne 
MaxExFieldOne 
MinExFieldTwo 
MaxExFieldTwo 
MinPinFieldOne 
MaxPinFieldOne 
MinPinFieldTwo 
MaxPinFieldTwo 
HCenterStart 
Mass 
Volume 
Density 
MolarWeight 
NumberOfMoles 
Demagnetization 
SampleArea 
Thickness 
MomentScaling 0
XAxis 0
YAxis 0
SimpleSpinValve False
HsatMax 0
HsatMin 0
FieldAutoRange False
 
*************************************************** Experiment Data ********************************************
 
DataPoints 421
MomentX Data
-0.000063679405
-0.000068584755
-0.000070736187
-0.000073687422
-0.000069813869
-0.000073129835
-0.000070715949
-0.000068100158
-0.000068459103
-0.000065667958
-0.000067050014
-0.000062864604
-0.000064240507
-0.000063921146
-0.00006133861
-0.000056319488
-0.000066061926
-0.000054425597
-0.000052097826
-0.000055427023
-0.000053468979
-0.000044482138
-0.000042822881
-0.000043388239
-0.000041259606
-0.000044564683
-0.00003901705
-0.000038874386
-0.000038884673
-0.000032789618
-0.0000322014
-0.000029182513
-0.000019837803
-0.000014895172
-0.0000014291287
-0.0000031403827
0.000012735084
0.000020555394
0.0000219537
0.00002933027
0.000036853287
0.000043325412
0.000054419602
0.000053317392
0.000067092646
0.000068609986
0.000072631548
0.000083457026
0.00008734682
0.00010310977
0.00010376295
0.00011304138
0.00012143082
0.00012458624
0.00013843105
0.00014105542
0.00015435753
0.0001613702
0.00016767279
0.00017376595
0.00018101618
0.0001861083
0.00020059527
0.00020579702
0.00021459772
0.00021885851
0.00022566645
0.00023506171
0.00024912188
0.00024527983
0.00025829884
0.00029843157
0.00037995368
0.00045846775
0.00053072334
0.00058284902
0.0006615491
0.00074550877
0.00082326038
0.00088817105
0.00096921347
0.0010432781
0.0011041789
0.0011784016
0.0012463967
0.0013373059
0.0013976241
0.0014770829
0.0015646883
0.0016219498
0.0017060286
0.0017708923
0.0018428808
0.0019115934
0.0019851309
0.0020682495
0.0021310566
0.0022139563
0.0022846237
0.0023476908
0.002424268
0.0025025855
0.0025717611
0.0026585881
0.0027203153
0.0027974082
0.0028690416
0.0029278165
0.003005935
0.0030951354
0.0031687929
0.0031568921
0.0030826804
0.0030167887
0.0029556871
0.0028814256
0.0027985748
0.0027283595
0.0026516244
0.0025862841
0.002515237
0.0024411761
0.0023713453
0.002303437
0.0022332112
0.0021524244
0.0020853134
0.002027935
0.00194643
0.0018698277
0.00179134
0.0017147779
0.0016575096
0.0015700551
0.0015116952
0.0014187649
0.0013544963
0.0012953854
0.0012047957
0.0011319953
0.0010667572
0.0010032351
0.00090010015
0.00084068235
0.00076367795
0.00070264675
0.00063837102
0.00053321121
0.00046390568
0.00037286018
0.00031339148
0.00027192651
0.00024210647
0.00023759202
0.00023811688
0.00021451614
0.00019124505
0.00018138954
0.00015610122
0.00015248189
0.00013358645
0.00011555725
0.00010090039
0.00010026354
0.000099905911
0.00008442223
0.000075814007
0.000073832539
0.000062783163
0.000069311411
0.000054507699
0.000049742161
0.000042837399
0.000036264367
0.000026608303
0.000020716359
0.0000062973268
0.0000034118932
-0.0000091958772
-0.000011601244
-0.000019572392
-0.000028835861
-0.000031319785
-0.000031771706
-0.000032115873
-0.000047745893
-0.000048939784
-0.000051759044
-0.00005405523
-0.000066393763
-0.000066008709
-0.000072246711
-0.000064894815
-0.000077937795
-0.000078852146
-0.000082257885
-0.000084499709
-0.000088657571
-0.00010034128
-0.00010444885
-0.00010714959
-0.00011729356
-0.00011873846
-0.00011731267
-0.00012726572
-0.00013454038
-0.00014307822
-0.000158812
-0.00016150661
-0.00016251606
-0.00018406226
-0.00018470184
-0.00018638957
-0.00018980756
-0.0002104959
-0.00021675746
-0.00022630959
-0.00023064363
-0.00023313287
-0.0002472892
-0.00025203774
-0.00027982929
-0.00025783344
-0.0003033954
-0.00030886318
-0.00032747409
-0.00032875886
-0.00034261546
-0.00038054211
-0.00038631879
-0.00040375301
-0.00043679427
-0.00053197134
-0.00060944611
-0.00066240999
-0.00077043392
-0.00082452872
-0.00090790989
-0.0010014105
-0.0010400372
-0.0011221197
-0.0012130359
-0.0012683838
-0.0013492296
-0.0014209718
-0.0014997217
-0.0015760985
-0.0016575496
-0.0017350243
-0.0017998374
-0.0018819587
-0.001969603
-0.0020280045
-0.0020947008
-0.0021738268
-0.0022431114
-0.0023329006
-0.0024032314
-0.0024789611
-0.0025436846
-0.0026233772
-0.0027019661
-0.0027777692
-0.0028451657
-0.0029324148
-0.0029984739
-0.0030840191
-0.0031381735
-0.0032220599
-0.0033186709
-0.0033616161
-0.0033805793
-0.0033070072
-0.0032372803
-0.0031733458
-0.0031020144
-0.0030205729
-0.0029447919
-0.0028761482
-0.0028056539
-0.002738242
-0.0026768786
-0.0025930207
-0.0025199003
-0.0024529752
-0.0023800019
-0.0022953478
-0.0022544777
-0.0021616441
-0.0020690972
-0.0020087807
-0.001927385
-0.0018604088
-0.0017805198
-0.0017137112
-0.0016420936
-0.0015915134
-0.0015112588
-0.0014191574
-0.0013533495
-0.0012789493
-0.0012079119
-0.0011405953
-0.0010704652
-0.00096370046
-0.00092766779
-0.00083241194
-0.00077015341
-0.00066992546
-0.00061487634
-0.00055203684
-0.0004655141
-0.00046623127
-0.00044982377
-0.00042949157
-0.00041898476
-0.00040778623
-0.00038490685
-0.00037475638
-0.00035049473
-0.00032996779
-0.0003328891
-0.00032003349
-0.00031015413
-0.00031923259
-0.00030411529
-0.00029034093
-0.00028333462
-0.00028424617
-0.00026496884
-0.00026366791
-0.00026043381
-0.00025518841
-0.00025085341
-0.00023841918
-0.0002370455
-0.00022365145
-0.00021415978
-0.00020909633
-0.00019873411
-0.0002020536
-0.00019228888
-0.00017695195
-0.00017888688
-0.00017685476
-0.00016882469
-0.00016414293
-0.00015714418
-0.00016045291
-0.00015310177
-0.00015405569
-0.00015053464
-0.00014184491
-0.00013907451
-0.00013334684
-0.0001244552
-0.0001205109
-0.00011799303
-0.00011436502
-0.00010991258
-0.00011570309
-0.000097694649
-0.000083262202
-0.000074217697
-0.000057349435
-0.000044287782
-0.000022240974
-0.0000032674687
0.0000094794052
0.000031188779
0.000021658504
0.00005392475
0.00005680464
0.000082524595
0.000092317902
0.00011492143
0.00011353268
0.0001369208
0.00015739297
0.000180514
0.00017516613
0.00022137704
0.00029311045
0.00038450811
0.00048178212
0.00053834322
0.00062485137
0.00067776269
0.00076051038
0.0008268204
0.00092953443
0.0010000164
0.0010509757
0.0011277771
0.0011997147
0.0012807328
0.0013635822
0.0014352669
0.001508153
0.0015992721
0.0016591888
0.0017315617
0.001804878
0.0018781103
0.0019635837
0.0020329553
0.002102846
0.002181281
0.0022704764
0.00232836
0.0024072072
0.0024970133
0.002549563
0.0026115156
0.0027122151
0.002786869
0.0028455175
0.0029150667
0.0030131669
0.0030912341
0.0031512572
MomentY Data
0.0000061339853
0.0000029039191
0.0000028061341
0.0000055171345
0.000005253434
0.0000039332055
0.0000055456111
0.0000062910698
0.0000048341368
0.0000033300541
0.0000021632623
0.0000031486939
0.00000002691267
0.00000037328718
0.0000030558727
0.0000054984853
0.00000060105323
0.0000020141505
0.0000046437166
0.0000059300468
-0.00000021284107
0.0000050128553
0.0000035531615
0.0000037060307
0.0000020153379
0.0000014261913
0.0000041880558
-0.00000066359041
0.000003235917
0.000003151903
0.0000038449429
0.0000046798895
0.0000015229511
0.0000018237446
-0.00000063654894
0.0000041570566
0.0000047540615
0.0000036367034
0.0000043310354
0.0000020594405
-0.00000094027989
0.0000060183618
0.0000066967913
0.0000019338225
0.0000024871874
0.0000014212941
0.0000023356198
0.0000052290581
0.0000051349589
0.00000137043
0.0000024705982
0.0000041397713
0.00000065510742
0.0000036743926
0.0000013063716
0.0000041075562
0.0000018566369
0.0000031741904
0.0000013189792
0.0000010826015
0.0000016307115
-0.00000052327153
0.00000054012294
0.0000026608465
0.0000039408062
0.0000021117782
0.0000069907901
0.0000014561939
0.0000041288374
0.0000048915289
0.0000020877837
0.0000018163919
0.0000012537049
0.0000024986695
0.0000032203292
0.0000037856768
0.0000017154979
0.00000045162202
0.0000059899948
0.0000010401153
0.00000071497915
0.0000048506783
0.0000054948661
0.0000012403964
0.0000046337317
0.0000032529019
0.0000038849639
0.0000034054898
0.0000057190273
0.0000009563255
0.0000054912326
-0.00000038997648
0.0000018505287
0.0000028937721
0.0000012926244
0.0000013892269
0.0000060179755
0.0000030876445
0.0000019918488
0.0000015876245
0.000007236962
0.000001657567
0.0000024022339
0.0000028037308
0.0000048351619
0.0000023268794
0.0000030519722
0.0000036313913
0.0000032333564
0.0000066868302
0.0000025270842
0.0000022605943
0.0000026193427
0.0000062204835
0.0000037111185
0.0000032806348
0.0000043790815
0.0000016709422
0.0000015855693
0.0000024940347
0.0000032760762
0.0000021487426
0.0000021959303
0.000002778263
0.0000066445585
0.0000045573518
0.0000027001046
0.0000025379036
0.0000054074619
0.000001124916
0.0000030152558
0.000002824931
0.0000040049885
0.0000041802501
-0.00000048398015
0.0000025932454
0.0000017218112
-0.000001228137
0.0000035981749
0.0000020442675
0.00000048246383
0.00000078827858
0.00000041891099
0.0000048603199
0.0000028117275
0.00000094971652
0.0000040430592
0.000001904292
0.00000053232667
0.0000024484824
0.0000053346584
0.00000092284677
0.0000052405356
0.0000030786084
0.0000021503066
0.0000029904793
0.000001278572
0.0000052238367
0.0000036964368
0.00000016788476
0.0000033192061
0.0000026902388
0.0000020621966
0.0000032110975
0.0000036989211
0.0000070802066
0.0000029894255
-0.00000024359225
0.00000057188027
0.0000034159278
0.000002345023
0.0000038957976
0.0000024334811
-0.0000012714433
0.00000054641243
0.00000094379422
0.0000019710921
0.0000052768181
0.0000027451514
0.00000013929363
0.0000037838361
0.00000058660026
0.0000030533073
0.0000013825797
0.0000021498155
0.0000033186434
0.00000061871523
0.0000019955444
0.00000033210277
0.0000043360565
0.0000029943465
0.00000030370233
0.0000035912513
0.0000018768262
0.0000019941901
0.0000021569633
0.0000061105678
0.0000026512907
0.0000009765052
0.0000028200625
0.0000011190366
0.0000028450487
0.0000022379921
0.00000020715234
0.0000023488854
0.000005357661
0.0000080738446
0.0000054390142
0.0000077472064
0.0000013915682
0.0000032200859
0.0000066648766
0.0000050726412
0.0000094869324
0.0000042801187
0.0000021881484
0.0000035889386
0.0000034136246
0.0000040340088
-0.00000016236302
-0.00000063840864
0.0000032373665
0.0000046300648
0.0000016694546
0.0000019025516
0.0000045458077
0.000006394262
0.0000063221404
0.0000020552158
0.0000033798884
0.0000018559217
0.0000030420827
0.0000056886766
0.00000085892675
-0.00000016908647
0.0000041501663
0.0000046375416
0.0000034721993
0.0000020502424
0.0000032445954
0.0000027095126
0.00000099936482
0.0000013223266
0.0000015967273
0.0000013064575
0.0000050467966
0.0000041267203
0.00000082983014
0.000003316388
0.0000027151679
0.0000019584751
0.0000032281874
-0.0000013097619
-0.0000018785571
0.0000016060113
0.000002922387
0.00000080265996
-0.00000043169495
0.0000014124583
0.0000022951697
0.0000021945618
-0.00000065541267
0.0000014379787
0.0000059685895
0.0000013584899
0.0000017484235
0.00000035679815
0.0000035940742
-0.0000010556792
0.00000065607065
0.000005034437
0.0000039112185
0.0000020160198
0.0000020907592
0.0000019479465
0.0000012540674
0.000000068201967
0.0000012734508
0.0000019056367
0.0000028923749
0.0000040356872
0.0000038400458
0.0000058850954
0.0000038634155
0.0000024610756
0.0000024814367
0.0000029966973
0.0000040272377
0.00000094620692
0.0000028025626
0.0000011447334
0.0000019229268
-0.00000077010154
0.0000033775996
0.0000027910851
0.0000031418275
0.0000033530663
0.0000038419484
0.0000031369017
-0.000000026760078
0.0000019412898
0.0000056251046
0.0000036930846
0.0000063642929
0.00000065272327
0.0000054058406
0.00000091256139
-0.00000017744065
0.0000014019489
0.0000018478917
0.00000079775801
0.0000037321899
0.0000070354268
0.0000011602592
-0.00000027671816
0.0000025933741
0.0000066784427
0.0000027806424
0.0000021278762
0.0000020938538
0.0000014935636
0.0000031219672
0.0000047907923
0.0000032529924
0.0000020796918
0.0000043154715
0.0000057922171
0.000002364745
0.0000018666076
0.0000034501408
0.0000020089053
0.0000029933928
0.0000036354683
0.0000030022
0.0000039735745
0.0000025098036
0.0000024700164
0.0000010466433
0.0000021670627
0.0000012760449
0.0000016433716
0.00000253839
0.000001751337
0.0000053497836
0.0000024214934
0.0000014313268
-0.00000044219019
0.0000029959487
0.0000026083468
0.0000028775357
0.0000053723763
0.0000075853345
0.0000037042616
0.0000037867211
0.0000010489607
0.0000056322525
0.0000058186386
0.000002487297
0.0000013513088
0.0000019301223
0.0000024821757
0.0000029409359
0.000005488629
0.0000011099243
0.0000018331241
0.00000073059555
0.0000049292753
0.0000040387676
0.0000029250811
0.0000026664447
0.0000021312474
0.0000021097563
0.0000020381355
0.0000036037635
0.0000024295043
-0.000000058803531
0.0000016243934
0.0000031460093
0.0000028702878
0.0000046914385
0.0000010700893
0.0000011651658
-0.0000012828063
0.0000044755647
0.0000049435852
-0.00000011427882
0.0000023467015
0.0000014891576
0.0000029850291
0.0000025664281
0.0000015318107
0.0000044853399
0.0000014131307
-0.00000040320393
0.0000059466837
0.0000028982304
0.0000016470289
0.00000054594512
0.0000004578924
0.000002245016
0.0000028930376
0.00000040491574
0.0000056596467
0.00000090640061
0.0000047459076
0.00000516767
0.00000348989
0.000004959564
0.0000026640891
0.0000025221633
-0.00000062900542
0.0000026190709
-0.0000001205826
0.0000019444084
-0.00000014615537
0.0000035013102
0.000004665551
0.0000023542069
0.0000030174064
0.0000015754556
0.00000062088487
Field Data
-4.5331242
-3.6248337
-2.7165432
-1.8061964
-0.88978332
0.0062700322
0.92819057
1.8369
2.734168
3.6433928
4.5563281
7.1471189
11.886819
16.645382
21.411056
26.155254
30.887402
35.640587
40.385227
45.141758
49.888046
54.643454
59.360089
64.141539
68.878095
73.64132
78.383742
83.126444
87.899227
92.686683
97.430483
108.90708
128.89784
149.04994
169.10323
189.09532
209.09241
229.08898
249.096
269.10399
289.08649
309.08145
329.25495
349.27885
369.27199
389.26427
409.2655
429.26313
449.25491
469.44089
489.45112
511.32154
536.30281
561.36108
586.55688
611.5549
636.56314
661.54788
686.56055
711.56184
736.55986
761.5549
786.56337
811.56027
836.56308
861.56142
886.56825
911.56536
936.55932
961.56661
986.56942
1121.741
1396.3424
1671.354
1946.3717
2221.398
2496.3614
2771.3521
3046.3405
3321.3072
3596.2733
3871.2522
4146.2257
4421.2163
4696.1785
4971.1417
5246.1382
5521.1113
5796.0763
6071.048
6346.0291
6621.011
6895.9714
7171.9467
7448.6455
7723.6379
7998.5495
8273.5109
8548.4501
8823.3933
9098.276
9375.4959
9650.8291
9925.6817
10200.542
10475.382
10750.185
11025.022
11299.787
11574.592
11849.339
11862.755
11584.88
11309.358
11033.963
10758.648
10483.347
10208.083
9932.8832
9657.6989
9382.5487
9107.4106
8832.3165
8557.2401
8282.1755
8007.1095
7732.0849
7457.0562
7182.0151
6906.9776
6631.9715
6356.937
6081.9033
5806.8947
5531.8669
5256.8515
4981.8178
4706.7908
4431.7774
4156.7223
3881.7047
3606.7054
3331.6758
3056.6544
2781.6332
2506.6099
2231.5892
1956.5997
1681.5801
1406.5742
1131.6563
977.25323
927.33955
877.33425
827.33502
777.33259
727.25115
676.8427
626.8373
576.82303
526.83803
491.85063
471.88583
451.89654
431.88717
411.70585
391.70453
371.71144
351.71407
331.7208
311.72926
291.72704
271.72901
251.73707
231.74397
211.74894
191.74464
171.75038
151.76817
131.76266
111.77062
96.817612
86.850935
76.838265
66.845449
56.835847
46.773723
36.765201
26.742108
16.750158
6.7498677
-3.2508121
-13.252982
-23.287141
-33.341794
-43.339683
-53.351071
-63.349582
-73.346031
-83.345293
-93.34438
-107.33121
-127.28953
-147.28312
-167.27868
-187.29221
-207.27367
-227.28249
-247.27122
-267.27746
-287.27443
-307.26717
-327.26004
-347.24938
-367.34357
-387.45023
-407.582
-427.62842
-447.63307
-467.62719
-487.63005
-520.61418
-570.54432
-620.54233
-670.54169
-720.53906
-770.54846
-820.54754
-870.54622
-920.5411
-971.03067
-1120.6594
-1395.947
-1671.9822
-1948.6715
-2223.6514
-2498.6442
-2773.6277
-3048.6176
-3323.5946
-3598.5921
-3873.5818
-4148.5602
-4423.5336
-4700.2068
-4976.2525
-5251.2341
-5526.1983
-5801.1822
-6076.141
-6351.1314
-6627.177
-6903.8129
-7178.8062
-7453.7745
-7728.7354
-8003.6813
-8278.6431
-8556.126
-8831.25
-9106.1649
-9381.0736
-9655.9555
-9930.8173
-10207.746
-10483.259
-10758.054
-11032.86
-11307.64
-11582.403
-11857.148
-11881.737
-11604.35
-11328.818
-11053.426
-10778.11
-10502.808
-10225.967
-9949.565
-9674.3936
-9399.2254
-9123.595
-8846.2528
-8571.2016
-8296.1348
-8021.0511
-7746.0354
-7470.9885
-7195.9672
-6920.9242
-6645.9239
-6370.8843
-6095.864
-5820.8364
-5545.7926
-5270.7827
-4995.7508
-4720.716
-4445.7248
-4170.7003
-3895.6631
-3620.6232
-3345.6135
-3070.5849
-2795.5611
-2520.5616
-2245.5499
-1970.5264
-1695.5286
-1420.5131
-1145.5229
-979.30979
-929.38625
-879.37325
-829.37383
-779.37981
-729.37775
-679.38259
-629.38108
-578.97317
-528.79934
-493.5965
-473.64319
-453.64794
-433.65741
-413.64887
-393.6598
-373.66412
-353.67141
-333.68186
-313.67549
-293.67554
-273.68911
-253.69527
-233.69229
-213.6974
-193.70946
-173.71007
-153.71796
-133.71828
-113.72678
-98.690604
-88.592448
-78.526788
-68.50515
-58.518278
-48.519967
-38.525369
-28.521202
-18.520534
-8.5214186
1.4852119
11.484517
21.492639
31.473776
41.490175
51.465753
61.436494
71.48064
81.483595
91.445751
115.6571
155.66611
195.65573
235.66536
275.65572
315.66733
355.65505
395.65494
435.63589
475.64849
519.3888
569.34391
619.34552
669.3518
719.34427
769.35107
819.35589
869.34301
919.34841
969.3527
1118.0503
1392.6444
1667.6217
1942.6148
2217.6121
2492.5846
2767.5678
3042.5339
3317.558
3592.5225
3867.5083
4142.5194
4417.4665
4692.4585
4967.4346
5242.8474
5520.1363
5795.0974
6070.0781
6345.1687
6622.7782
6897.7503
7172.7288
7447.7029
7722.6722
7997.5984
8272.5635
8547.4941
8822.4524
9097.3575
9374.8627
9649.8863
9924.7338
10199.605
10474.425
10749.227
11024.011
11298.822
11573.569
11848.309
Time Data
0
10
20
30
40
50
60
70
80
90
100
110
120
130
140
150
160
170
180
190
200
210
220
230
240
250
260
270
280
290
300
310
320
330
340
350
360
370
380
390
400
410
420
430
440
450
460
470
480
490
500
510
520
530
540
550
560
570
580
590
600
610
620
630
640
650
660
670
680
690
700
710
720
730
740
750
760
770
780
790
800
810
820
830
840
850
860
870
880
890
900
910
920
930
940
950
960
970
980
990
1000
1010
1020
1030
1040
1050
1060
1070
1080
1090
1100
1110
1120
1130
1140
1150
1160
1170
1180
1190
1200
1210
1220
1230
1240
1250
1260
1270
1280
1290
1300
1310
1320
1330
1340
1350
1360
1370
1380
1390
1400
1410
1420
1430
1440
1450
1460
1470
1480
1490
1500
1510
1520
1530
1540
1550
1560
1570
1580
1590
1600
1610
1620
1630
1640
1650
1660
1670
1680
1690
1700
1710
1720
1730
1740
1750
1760
1770
1780
1790
1800
1810
1820
1830
1840
1850
1860
1870
1880
1890
1900
1910
1920
1930
1940
1950
1960
1970
1980
1990
2000
2010
2020
2030
2040
2050
2060
2070
2080
2090
2100
2110
2120
2130
2140
2150
2160
2170
2180
2190
2200
2210
2220
2230
2240
2250
2260
2270
2280
2290
2300
2310
2320
2330
2340
2350
2360
2370
2380
2390
2400
2410
2420
2430
2440
2450
2460
2470
2480
2490
2500
2510
2520
2530
2540
2550
2560
2570
2580
2590
2600
2610
2620
2630
2640
2650
2660
2670
2680
2690
2700
2710
2720
2730
2740
2750
2760
2770
2780
2790
2800
2810
2820
2830
2840
2850
2860
2870
2880
2890
2900
2910
2920
2930
2940
2950
2960
2970
2980
2990
3000
3010
3020
3030
3040
3050
3060
3070
3080
3090
3100
3110
3120
3130
3140
3150
3160
3170
3180
3190
3200
3210
3220
3230
3240
3250
3260
3270
3280
3290
3300
3310
3320
3330
3340
3350
3360
3370
3380
3390
3400
3410
3420
3430
3440
3450
3460
3470
3480
3490
3500
3510
3520
3530
3540
3550
3560
3570
3580
3590
3600
3610
3620
3630
3640
3650
3660
3670
3680
3690
3700
3710
3720
3730
3740
3750
3760
3770
3780
3790
3800
3810
3820
3830
3840
3850
3860
3870
3880
3890
3900
3910
3920
3930
3940
3950
3960
3970
3980
3990
4000
4010
4020
4030
4040
4050
4060
4070
4080
4090
4100
4110
4120
4130
4140
4150
4160
4170
4180
4190
4200
Temperature Data
0
0
0
0
0
0
0
0
0
0
0
0
0
0
0
0
0
0
0
0
0
0
0
0
0
0
0
0
0
0
0
0
0
0
0
0
0
0
0
0
0
0
0
0
0
0
0
0
0
0
0
0
0
0
0
0
0
0
0
0
0
0
0
0
0
0
0
0
0
0
0
0
0
0
0
0
0
0
0
0
0
0
0
0
0
0
0
0
0
0
0
0
0
0
0
0
0
0
0
0
0
0
0
0
0
0
0
0
0
0
0
0
0
0
0
0
0
0
0
0
0
0
0
0
0
0
0
0
0
0
0
0
0
0
0
0
0
0
0
0
0
0
0
0
0
0
0
0
0
0
0
0
0
0
0
0
0
0
0
0
0
0
0
0
0
0
0
0
0
0
0
0
0
0
0
0
0
0
0
0
0
0
0
0
0
0
0
0
0
0
0
0
0
0
0
0
0
0
0
0
0
0
0
0
0
0
0
0
0
0
0
0
0
0
0
0
0
0
0
0
0
0
0
0
0
0
0
0
0
0
0
0
0
0
0
0
0
0
0
0
0
0
0
0
0
0
0
0
0
0
0
0
0
0
0
0
0
0
0
0
0
0
0
0
0
0
0
0
0
0
0
0
0
0
0
0
0
0
0
0
0
0
0
0
0
0
0
0
0
0
0
0
0
0
0
0
0
0
0
0
0
0
0
0
0
0
0
0
0
0
0
0
0
0
0
0
0
0
0
0
0
0
0
0
0
0
0
0
0
0
0
0
0
0
0
0
0
0
0
0
0
0
0
0
0
0
0
0
0
0
0
0
0
0
0
0
0
0
0
0
0
0
0
0
0
0
0
0
0
0
0
0
0
0
0
0
0
0
0
0
0
0
0
0
0
0
0
0
0
0
0
0
0
0
0
0
0
0
0
0
0
0
0
0
0
0
0
0
0
0
0
0
0
0
0
0
0
0
0
0
0
Angle Data
0
0
0
0
0
0
0
0
0
0
0
0
0
0
0
0
0
0
0
0
0
0
0
0
0
0
0
0
0
0
0
0
0
0
0
0
0
0
0
0
0
0
0
0
0
0
0
0
0
0
0
0
0
0
0
0
0
0
0
0
0
0
0
0
0
0
0
0
0
0
0
0
0
0
0
0
0
0
0
0
0
0
0
0
0
0
0
0
0
0
0
0
0
0
0
0
0
0
0
0
0
0
0
0
0
0
0
0
0
0
0
0
0
0
0
0
0
0
0
0
0
0
0
0
0
0
0
0
0
0
0
0
0
0
0
0
0
0
0
0
0
0
0
0
0
0
0
0
0
0
0
0
0
0
0
0
0
0
0
0
0
0
0
0
0
0
0
0
0
0
0
0
0
0
0
0
0
0
0
0
0
0
0
0
0
0
0
0
0
0
0
0
0
0
0
0
0
0
0
0
0
0
0
0
0
0
0
0
0
0
0
0
0
0
0
0
0
0
0
0
0
0
0
0
0
0
0
0
0
0
0
0
0
0
0
0
0
0
0
0
0
0
0
0
0
0
0
0
0
0
0
0
0
0
0
0
0
0
0
0
0
0
0
0
0
0
0
0
0
0
0
0
0
0
0
0
0
0
0
0
0
0
0
0
0
0
0
0
0
0
0
0
0
0
0
0
0
0
0
0
0
0
0
0
0
0
0
0
0
0
0
0
0
0
0
0
0
0
0
0
0
0
0
0
0
0
0
0
0
0
0
0
0
0
0
0
0
0
0
0
0
0
0
0
0
0
0
0
0
0
0
0
0
0
0
0
0
0
0
0
0
0
0
0
0
0
0
0
0
0
0
0
0
0
0
0
0
0
0
0
0
0
0
0
0
0
0
0
0
0
0
0
0
0
0
0
0
0
0
0
0
0
0
0
0
0
0
0
0
0
0
0
0
0
0
0
0
0
0
0
0
Bx Data
0
0
0
0
0
0
0
0
0
0
0
0
0
0
0
0
0
0
0
0
0
0
0
0
0
0
0
0
0
0
0
0
0
0
0
0
0
0
0
0
0
0
0
0
0
0
0
0
0
0
0
0
0
0
0
0
0
0
0
0
0
0
0
0
0
0
0
0
0
0
0
0
0
0
0
0
0
0
0
0
0
0
0
0
0
0
0
0
0
0
0
0
0
0
0
0
0
0
0
0
0
0
0
0
0
0
0
0
0
0
0
0
0
0
0
0
0
0
0
0
0
0
0
0
0
0
0
0
0
0
0
0
0
0
0
0
0
0
0
0
0
0
0
0
0
0
0
0
0
0
0
0
0
0
0
0
0
0
0
0
0
0
0
0
0
0
0
0
0
0
0
0
0
0
0
0
0
0
0
0
0
0
0
0
0
0
0
0
0
0
0
0
0
0
0
0
0
0
0
0
0
0
0
0
0
0
0
0
0
0
0
0
0
0
0
0
0
0
0
0
0
0
0
0
0
0
0
0
0
0
0
0
0
0
0
0
0
0
0
0
0
0
0
0
0
0
0
0
0
0
0
0
0
0
0
0
0
0
0
0
0
0
0
0
0
0
0
0
0
0
0
0
0
0
0
0
0
0
0
0
0
0
0
0
0
0
0
0
0
0
0
0
0
0
0
0
0
0
0
0
0
0
0
0
0
0
0
0
0
0
0
0
0
0
0
0
0
0
0
0
0
0
0
0
0
0
0
0
0
0
0
0
0
0
0
0
0
0
0
0
0
0
0
0
0
0
0
0
0
0
0
0
0
0
0
0
0
0
0
0
0
0
0
0
0
0
0
0
0
0
0
0
0
0
0
0
0
0
0
0
0
0
0
0
0
0
0
0
0
0
0
0
0
0
0
0
0
0
0
0
0
0
0
0
0
0
0
0
0
0
0
0
0
0
0
0
0
0
0
0
0
Hint Data
0
0
0
0
0
0
0
0
0
0
0
0
0
0
0
0
0
0
0
0
0
0
0
0
0
0
0
0
0
0
0
0
0
0
0
0
0
0
0
0
0
0
0
0
0
0
0
0
0
0
0
0
0
0
0
0
0
0
0
0
0
0
0
0
0
0
0
0
0
0
0
0
0
0
0
0
0
0
0
0
0
0
0
0
0
0
0
0
0
0
0
0
0
0
0
0
0
0
0
0
0
0
0
0
0
0
0
0
0
0
0
0
0
0
0
0
0
0
0
0
0
0
0
0
0
0
0
0
0
0
0
0
0
0
0
0
0
0
0
0
0
0
0
0
0
0
0
0
0
0
0
0
0
0
0
0
0
0
0
0
0
0
0
0
0
0
0
0
0
0
0
0
0
0
0
0
0
0
0
0
0
0
0
0
0
0
0
0
0
0
0
0
0
0
0
0
0
0
0
0
0
0
0
0
0
0
0
0
0
0
0
0
0
0
0
0
0
0
0
0
0
0
0
0
0
0
0
0
0
0
0
0
0
0
0
0
0
0
0
0
0
0
0
0
0
0
0
0
0
0
0
0
0
0
0
0
0
0
0
0
0
0
0
0
0
0
0
0
0
0
0
0
0
0
0
0
0
0
0
0
0
0
0
0
0
0
0
0
0
0
0
0
0
0
0
0
0
0
0
0
0
0
0
0
0
0
0
0
0
0
0
0
0
0
0
0
0
0
0
0
0
0
0
0
0
0
0
0
0
0
0
0
0
0
0
0
0
0
0
0
0
0
0
0
0
0
0
0
0
0
0
0
0
0
0
0
0
0
0
0
0
0
0
0
0
0
0
0
0
0
0
0
0
0
0
0
0
0
0
0
0
0
0
0
0
0
0
0
0
0
0
0
0
0
0
0
0
0
0
0
0
0
0
0
0
0
0
0
0
0
0
0
0
0
0
0
0
0
0
0
0
Torque Data
-2.78061172058743E-05
-1.05262238157537E-05
-7.62298450764312E-06
-9.9650284722158E-06
-4.67441794592088E-06
2.46613251342171E-08
5.14738392790733E-06
1.155606611562E-05
1.32173421461824E-05
1.21326951315505E-05
9.85653280516063E-06
2.25040896830047E-05
3.1990603709673E-07
6.21350770680276E-06
6.54294615085712E-05
1.43814279636766E-04
1.85649727384085E-05
7.17855061263435E-05
1.87537549014668E-04
2.67692737574274E-04
-1.06182250908492E-05
2.73919727994206E-04
2.10915982871374E-04
2.37710512679247E-04
1.388126353333E-04
1.05026609904516E-04
3.28275485308804E-04
-5.5161911055802E-05
2.84434602936159E-04
2.92139434207749E-04
3.74614643854421E-04
5.0967310016766E-04
1.96305107215624E-04
2.71829023205324E-04
-1.07642481807076E-04
7.86079948035112E-04
9.94038176323215E-04
8.33128672468532E-04
1.0788435939984E-03
5.54203655717595E-04
-2.71822213017686E-04
1.86016399176861E-03
2.20495168464194E-03
6.75443298904125E-04
9.18448640700926E-04
5.53259010291807E-04
9.558886052569E-04
2.24464184695785E-03
2.3069054984732E-03
6.433358788827E-04
1.20923705605998E-03
2.1167542363638E-03
3.5133595019785E-04
2.06266099828001E-03
7.66261249816608E-04
2.51199612113538E-03
1.18186661490387E-03
2.09987892983635E-03
9.0555908499056E-04
7.7033791532676E-04
1.20111663414039E-03
-3.98499997701997E-04
4.24840919900708E-04
2.15943730396855E-03
3.2967329723551E-03
1.81942662471704E-03
6.19781254507433E-03
1.3274159166833E-03
3.86690114773457E-03
4.70353086209003E-03
2.05974355399445E-03
2.0375212662979E-03
1.75060130895776E-03
0.004176161263503
6.26795761956364E-03
8.4094948721664E-03
4.28250273934106E-03
1.25160363353324E-03
1.82475637540294E-02
3.45454243472016E-03
2.57126042720169E-03
1.87781990403673E-02
2.27829550418788E-02
5.48406078214132E-03
2.17608311843084E-02
1.61706362810992E-02
0.020381057521411
1.88020882168147E-02
0.033147918592583
0.005805898014124
3.48475218744687E-02
-2.58203856382128E-03
1.27611929900792E-02
2.07539792631471E-02
9.6283009202502E-03
1.07298855365395E-02
4.81350749265373E-02
0.025545660426075
1.70272200735449E-02
1.40082353762158E-02
0.065843877677512
1.55405126124753E-02
2.31835488271265E-02
2.78289394932864E-02
4.93212720377498E-02
2.43749505829308E-02
0.032809265764857
4.00361689731086E-02
3.65362386150868E-02
7.73973313382784E-02
2.99442773673438E-02
2.68168763352965E-02
0.030344770858376
0.070349674834593
4.09483442176155E-02
3.52951950297504E-02
4.59074309057805E-02
1.70571166658026E-02
1.57492746624058E-02
2.40866361787518E-02
3.07379444914109E-02
1.95694811319116E-02
0.01939515142154
2.37742635519463E-02
5.50313996170167E-02
3.64912148926221E-02
2.08774380060805E-02
1.89252897753823E-02
3.88364730184747E-02
7.7697696138816E-03
1.99970905308097E-02
0.017957908396347
2.43579527746121E-02
2.42742721503645E-02
-2.67731377204204E-03
1.36323059708581E-02
8.57774968439936E-03
-5.7805839327396E-03
1.59463102030673E-02
8.49745230441525E-03
0.001872782116491
2.84308861119033E-03
1.39567560773704E-03
1.48563182077426E-02
0.007821194563353
2.38056883122555E-03
9.02244724568064E-03
3.7259371559124E-03
8.95149934971267E-04
3.44397217299408E-03
6.03699978670792E-03
9.01854986777567E-04
4.85975592506298E-03
2.7009685916577E-03
1.77902395391713E-03
2.32459701961039E-03
9.298429573578E-04
3.53571573638709E-03
2.31706446333264E-03
9.68397959540228E-05
1.74868400288798E-03
1.32319564863044E-03
9.73121354214178E-04
1.45108384985265E-03
1.59751656593229E-03
2.91496247642861E-03
1.17097151044751E-03
-9.054602602034E-05
2.01138337314399E-04
1.13313430255824E-03
7.3101228447298E-04
1.1365095022871E-03
6.61247410156711E-04
-3.20069411013131E-04
1.26627785785547E-04
1.99847425663127E-04
3.77946345121344E-04
9.06295513865878E-04
4.16626604350938E-04
1.83536992098558E-05
4.22921706875382E-04
5.67932363717791E-05
2.65182593847326E-04
1.06235025372221E-04
1.4370538236466E-04
1.8861790852996E-04
2.89396147839013E-05
7.33665909704244E-05
8.88112814243916E-06
7.2629631471927E-05
2.0211442722958E-05
-9.87279209162193E-07
-4.75947888363766E-05
-4.37059163518942E-05
-6.64898755110394E-05
-9.34821056646339E-05
-3.26005336548114E-04
-1.67958157605487E-04
-7.16227806708612E-05
-2.35038935340812E-04
-1.04455777624308E-04
-3.05362519479927E-04
-2.84872962552713E-04
-3.05100429505008E-05
-3.92918449183272E-04
-1.00344816912081E-03
-1.67349540125168E-03
-1.23619269052136E-03
-1.91566117811981E-03
-3.71934813912772E-04
-9.25048341473537E-04
-2.04789777128122E-03
-1.66007276201765E-03
-3.29433139400191E-03
-1.57227408328176E-03
-8.47798600854132E-04
-1.4627867724652E-03
-1.45976289417113E-03
-1.80575574355102E-03
7.59253628025138E-05
3.11307237043632E-04
-1.68541890575697E-03
-2.64165717287194E-03
-1.03596724731322E-03
-1.2757401651762E-03
-3.27543200709876E-03
-4.92708873693652E-03
-5.18761675275462E-03
-1.78916034597428E-03
-3.11132618561324E-03
-1.80215689181854E-03
-3.40913857333238E-03
-7.9410910337402E-03
-1.43611023710385E-03
3.29493985124605E-04
-9.22852310322782E-03
-1.15875664210987E-02
-9.63058815840061E-03
-6.25040506490624E-03
-1.07837197506248E-02
-9.75043063721046E-03
-3.87112137831228E-03
-5.48575150416132E-03
-7.06317686158728E-03
-0.006140620425411
-2.51141341977415E-02
-2.16703743605222E-02
-4.58580590895676E-03
-1.92389710338936E-02
-1.64977429990739E-02
-1.24385327037281E-02
-2.13937692889698E-02
9.04235110114851E-03
0.013485797356534
-1.19708460746519E-02
-2.25863558593998E-02
-6.42423451211075E-03
3.57384841912234E-03
-1.20851711845458E-02
-0.020269217413125
-1.99840416340408E-02
6.14847449564251E-03
-1.38850583371479E-02
-5.92729718631984E-02
-1.38671198427654E-02
-1.83291763921865E-02
-3.8384537648001E-03
-0.039652917478212
0.011937240349088
-7.59887466477195E-03
-0.059694064605676
-4.64720695665345E-02
-0.02339459936613
-2.36858304586256E-02
-0.021531482489709
-0.013516476384614
-7.16312164623336E-04
-1.30222658569236E-02
-1.89602562130355E-02
-2.79819732213606E-02
-3.79323336366949E-02
-0.035035022660651
-5.20610416605171E-02
-3.31141131150648E-02
-2.04174149305909E-02
-1.99037305721154E-02
-2.32125233688844E-02
-3.00874465434665E-02
-6.80887396073302E-03
-1.93963233203549E-02
-7.60781106218826E-03
-1.22507441601692E-02
4.69443425403056E-03
-1.96604546963054E-02
-1.54787790935503E-02
-1.65598900333842E-02
-0.016751083650678
-1.81367472830544E-02
-1.39458016828522E-02
1.11608265342623E-04
-7.56261104026638E-03
-2.03663842171867E-02
-1.23556336944021E-02
-1.95421016779172E-02
-1.8247277826768E-03
-0.013625754232081
-2.04920213805836E-03
3.4965148525816E-04
-2.37704445568854E-03
-2.62495436723127E-03
-9.13850069113429E-04
-3.65497010720912E-03
-6.5386289308015E-03
-1.0203009035464E-03
2.29502800189753E-04
-2.02122341331692E-03
-4.87110751002992E-03
-1.88912003557582E-03
-1.3392450208623E-03
-1.21228517210255E-03
-7.89795445928024E-04
-1.5409920830348E-03
-2.26912614759944E-03
-1.47571330109566E-03
-9.01873759586238E-04
-1.7850899094922E-03
-2.28016302514258E-03
-8.836203594494E-04
-6.60165741808716E-04
-1.15124939940589E-03
-6.30144354341097E-04
-8.79086246972112E-04
-9.94988083460213E-04
-0.000761643939594
-9.28593724390605E-04
-5.3633850383064E-04
-4.78465543035144E-04
-1.81812480908031E-04
-3.33116457436092E-04
-1.70630529230772E-04
-1.86895360411448E-04
-2.5051524228756E-04
-1.55155232102976E-04
-4.20101322603077E-04
-1.6588476859101E-04
-8.37587795912504E-05
2.14550534265237E-05
-1.1542002917257E-04
-7.43931859688536E-05
-5.32934977680638E-05
-4.57802673290192E-05
1.12658290648805E-05
4.25416553176472E-05
8.13866295959829E-05
3.30147541046032E-05
2.33683141869188E-04
2.99460616983866E-04
1.52810807216718E-04
9.6592417861632E-05
1.57273303793668E-04
2.26984421000451E-04
3.4014011747989E-04
8.5439352566319E-04
2.17163049161239E-04
4.32003850951176E-04
2.01392842364046E-04
1.55601117278595E-03
1.43640809271638E-03
1.15732278711563E-03
1.16159901002028E-03
1.01372460762643E-03
1.09578379294944E-03
1.16040003467981E-03
2.23197477886452E-03
1.62619307631274E-03
-4.22999830806174E-05
1.24972880039094E-03
2.57770124994978E-03
2.49526463561828E-03
4.31306652558779E-03
1.03729395219611E-03
1.30271397223974E-03
-1.78649300997972E-03
7.46354881347399E-03
9.60348177458096E-03
-2.53426094005722E-04
5.8493520196969E-03
4.12134462288528E-03
9.08205222923649E-03
8.5142740745798E-03
5.50306440549075E-03
1.73470892915712E-02
5.85392133948558E-03
-1.78113985344335E-03
2.79045664748764E-02
1.43967699677318E-02
8.63512118608986E-03
3.01369147471986E-03
2.65353105671976E-03
1.36274224557496E-02
1.83568116274431E-02
2.68166713570887E-03
0.039038829722819
6.50136575968457E-03
0.035346109795652
0.039908221447774
0.027910738680176
0.041028308122314
2.27712858641243E-02
2.22516656592769E-02
-5.72228717517765E-03
2.45534300890654E-02
-1.16360837975838E-03
1.92977357684839E-02
-1.49072704262885E-03
0.036674211091635
0.050151066779077
2.59528027618759E-02
3.40931378152608E-02
1.82336440930364E-02
7.35643579318483E-03
dMdH Data
-5.40063999348226E-06
-2.36866068730214E-06
-3.24187990774504E-06
4.22686350133719E-06
-3.70063455692521E-06
2.6183232730234E-06
2.87857802906261E-06
-4.00042127881529E-07
3.06980737876925E-06
-1.51385974449668E-06
1.61549516078257E-06
-2.90293261381665E-07
6.7112907825325E-08
5.41903621607352E-07
1.0579495206566E-06
-2.05877711347997E-06
2.44811195019761E-06
4.90610668038039E-07
-6.99921224102187E-07
4.12542180331239E-07
1.88981492229479E-06
3.51788298225324E-07
-1.18239864476257E-07
4.49405221853178E-07
-6.93873793490756E-07
1.16978898124207E-06
3.0080743002618E-08
-2.15534626233793E-09
1.27313023869044E-06
1.23997217420633E-07
2.63047225584378E-07
4.6745146257571E-07
2.45266299790096E-07
6.71512918827783E-07
-8.55965534368843E-08
7.93888845827067E-07
3.91082570660868E-07
6.98907683403125E-08
3.68681211855864E-07
3.76480270236457E-07
3.23687819330472E-07
5.49938781074182E-07
-5.50447215577388E-08
6.88999026666145E-07
7.58962959702447E-08
2.01065734457331E-07
5.41338048558754E-07
1.94569668133603E-07
7.8088604070746E-07
3.26423034617791E-08
4.24245624912553E-07
3.35829203239067E-07
1.25923297977075E-07
5.49488803689504E-07
1.04983114662682E-07
5.3190908276632E-07
2.80678125928066E-07
2.51975898614581E-07
2.43713824366664E-07
2.90032170547907E-07
2.03725219083466E-07
5.79282539075761E-07
2.08095803879681E-07
3.51988436499736E-07
1.70442917409716E-07
2.72243223151435E-07
3.75853848704909E-07
5.62542710318816E-07
-1.53637199392657E-07
5.20701873109462E-07
2.96902129870791E-07
2.96874342228408E-07
2.85493666448979E-07
2.62730689697427E-07
1.89529801331727E-07
2.86220202397847E-07
3.05318216216039E-07
2.82745053973186E-07
2.3606738561433E-07
2.94736042006633E-07
2.69346593502265E-07
2.21478797047716E-07
2.69909953285675E-07
2.47288900074265E-07
3.30623152480042E-07
2.19341700712554E-07
2.88969357366231E-07
3.18605640717909E-07
2.08245066674134E-07
3.05762105104678E-07
2.35883525424763E-07
2.61814064861704E-07
2.48980977645463E-07
2.65767325337155E-07
3.02257807852144E-07
2.28462894981513E-07
3.01495773588585E-07
2.57029190453744E-07
2.29382286959634E-07
2.78581373072949E-07
2.82510382551903E-07
2.51243220941027E-07
3.15903869928829E-07
2.2457663038278E-07
2.80501018774559E-07
2.60671826726782E-07
2.13853665991114E-07
2.84310228740925E-07
3.24595258455995E-07
2.6809209927679E-07
-8.87060226595149E-07
2.67068645973909E-07
2.39152227408339E-07
2.21868951869134E-07
2.69732851461052E-07
3.00946237027836E-07
2.55083483492213E-07
2.78834141594578E-07
2.37441961623537E-07
2.58212060176587E-07
2.69177187746809E-07
2.53843321248984E-07
2.4687068756171E-07
2.55306571619902E-07
2.93699693891648E-07
2.4401817146539E-07
2.08626954205143E-07
2.9633752919109E-07
2.78515838749263E-07
2.85403487413551E-07
2.7837271324143E-07
2.08222846872948E-07
3.1800641870836E-07
2.12196367058166E-07
3.37909440707684E-07
2.33675364146284E-07
2.14927625287699E-07
3.29401040094773E-07
2.64675695887843E-07
2.37214272831992E-07
2.30990042520109E-07
3.74995818631885E-07
2.1604791481681E-07
2.79994414976009E-07
2.21912834294403E-07
2.33712335107866E-07
3.82413910349304E-07
2.52002148210528E-07
3.31067442553051E-07
2.16314397862053E-07
2.68550165485699E-07
5.97432206962099E-07
9.02794303803795E-08
-1.04973616593693E-08
4.71991861195546E-07
4.64664953723376E-07
1.95513053862993E-07
5.05711783127422E-07
7.23659467587954E-08
3.78022206661998E-07
5.15305509983595E-07
7.34135077736816E-07
3.18595607948058E-08
1.78730764636763E-08
7.67228357709009E-07
4.30382744738847E-07
9.91076416902043E-08
5.52541459201885E-07
-3.26522274745452E-07
7.40498831005516E-07
2.38250454199583E-07
3.45272109302767E-07
3.28784099992296E-07
4.82969824589484E-07
2.94670425600762E-07
7.20796638722675E-07
1.44313097859086E-07
6.30949749802449E-07
1.20235215198213E-07
3.98716089003423E-07
6.19505386474748E-07
2.49222885421089E-07
4.51349140638816E-08
3.44414427324589E-08
1.56150264516012E-06
1.1865198639969E-07
2.81685947235766E-07
2.29089563471077E-07
1.23484735211846E-06
-3.85042822206876E-08
6.23757796944965E-07
-7.35030105817339E-07
1.29985781568739E-06
9.09380960238003E-08
3.40645810330561E-07
2.23927391486576E-07
4.15848119785035E-07
1.16878593588583E-06
4.10787316103929E-07
2.70098660007658E-07
7.25251540198887E-07
7.23958729993308E-08
-7.13123556099734E-08
4.97763003386751E-07
3.6348710097619E-07
4.27288096065053E-07
7.86342223079623E-07
1.3480646344215E-07
5.04567574916623E-08
1.07747323719544E-06
3.19906125923719E-08
8.44165945159441E-08
1.7099063801006E-07
1.02956824833447E-06
3.11417212008359E-07
4.74480385976991E-07
2.16200199337338E-07
1.24433069311386E-07
7.08024659249819E-07
2.37393052793451E-07
8.42573383017831E-07
-4.40532512025803E-07
9.11275468763657E-07
1.09356999769597E-07
3.72237779707212E-07
2.56905701728077E-08
2.77137099322628E-07
7.58553025799882E-07
1.15545431852222E-07
3.45303396325221E-07
2.20821629642917E-07
3.45736858470923E-07
2.80669892825263E-07
1.91420051299418E-07
3.92843004161394E-07
1.9671351395382E-07
3.03222447892328E-07
3.40014705994657E-07
1.40472475879801E-07
2.98484531677561E-07
3.30616746736332E-07
2.0128090060892E-07
2.94013166364456E-07
2.5930303332596E-07
2.85278488308277E-07
2.77752402342556E-07
2.96224381210354E-07
2.81742676571247E-07
2.35719315039199E-07
2.98633334109117E-07
3.17499355179E-07
2.11113235845384E-07
2.42537909105421E-07
2.87764080441273E-07
2.51979826949942E-07
3.26570427127663E-07
2.55783894344598E-07
2.72916637385582E-07
2.35252104505604E-07
2.89880977713468E-07
2.8587272792749E-07
2.75766065353883E-07
2.45201406670552E-07
3.15059796980236E-07
2.397676334692E-07
3.11305518659364E-07
1.97064110681717E-07
3.0528568309193E-07
3.51615756124368E-07
1.56309304991902E-07
7.71206637114156E-07
2.65232689347375E-07
2.53062802142762E-07
2.32158160004648E-07
2.59089192055676E-07
2.95826038314288E-07
2.73734743047453E-07
2.48347334679199E-07
2.56183237066061E-07
2.44984340487017E-07
2.22629289076967E-07
3.02362568696723E-07
2.65842868527751E-07
2.43304899028162E-07
2.65276713960151E-07
3.07815517441368E-07
1.48593203559101E-07
3.37550582445797E-07
3.36481568336588E-07
2.1933248800092E-07
2.95941748024649E-07
2.43531841104093E-07
2.90476301287581E-07
2.42901676023964E-07
2.60418261306229E-07
1.83906666826648E-07
2.91797983382467E-07
3.34924899414962E-07
2.39280136860535E-07
2.7050958924829E-07
2.58280344051899E-07
2.44779002340645E-07
2.54992026283812E-07
3.88201821078757E-07
1.31028129142053E-07
3.46370172614474E-07
2.26375309746258E-07
3.6446818847278E-07
2.00167336022879E-07
2.28515416185741E-07
5.20553041814813E-07
-1.43653675200113E-08
3.28064703177174E-07
4.06648717125118E-07
2.10161335295701E-07
2.23961372791441E-07
4.57631898767801E-07
2.03003269301266E-07
4.81306406077936E-07
4.09116465695363E-07
-8.29850659776306E-08
6.44284582357513E-07
4.94085345269501E-07
-4.54138034359269E-07
7.55542383402285E-07
6.89094590193542E-07
3.50391184495851E-07
-4.55941190563961E-08
9.64370383525393E-07
6.50257892861126E-08
1.6170540426351E-07
2.62448071016184E-07
2.16816779568107E-07
6.2161887878706E-07
6.87015532468549E-08
6.70106574264282E-07
4.74597975238244E-07
2.532724159681E-07
5.18119289908638E-07
-1.66045069154392E-07
6.49415117247897E-07
1.51878521187433E-06
-1.9223081248522E-07
2.02773239264878E-07
8.0406257334629E-07
4.68255088284409E-07
7.00253276820139E-07
-3.3073518264939E-07
7.35064897664835E-07
-9.54004391228447E-08
3.51871691474967E-07
8.69033389130213E-07
2.7681517071834E-07
5.73849452221726E-07
8.87708247245343E-07
3.95395635220335E-07
2.52525865429662E-07
3.61206418146451E-07
4.45112469265332E-07
-5.81250685092665E-07
7.43801636166577E-07
3.60729920585388E-07
2.2617131645662E-07
4.21605048584554E-07
3.26620040429744E-07
5.51010269269344E-07
4.74483298872754E-07
3.18672723849991E-07
5.42992945390242E-07
-2.38181847717969E-07
7.37677579331286E-07
5.76495577729684E-08
5.14382536882313E-07
1.95841542302287E-07
4.52138652081003E-07
-2.77712231136564E-08
4.67717312051118E-07
4.09548899796587E-07
4.62370663968293E-07
-1.06948223842394E-07
3.10771054811913E-07
2.61234345530367E-07
3.32382563942551E-07
3.53732548198482E-07
2.05678746664058E-07
3.14606551564247E-07
1.92416554902263E-07
3.00937788330998E-07
2.41106215782544E-07
3.73553786034197E-07
2.56311307711162E-07
1.85299066110422E-07
2.79331551414799E-07
2.61598882876593E-07
2.94636879350606E-07
3.00818988805168E-07
2.58519904691461E-07
2.65077860104575E-07
3.31365437647078E-07
2.17807151534804E-07
2.60700372285531E-07
2.66631778278596E-07
2.66320094116449E-07
3.10841639267116E-07
2.52288528210241E-07
2.54216222389862E-07
2.85254383192632E-07
3.24428783118358E-07
2.10517740326441E-07
2.86816068526921E-07
3.23619521363925E-07
1.91073420608268E-07
2.25407180345464E-07
3.66351585760896E-07
2.71646532275671E-07
2.13420935801048E-07
2.53104984278561E-07
3.569733380396E-07
2.84142138039724E-07
2.18472373880759E-07
2.18472373880759E-07
dMdT Data
0
0
0
0
0
0
0
0
0
0
0
0
0
0
0
0
0
0
0
0
0
0
0
0
0
0
0
0
0
0
0
0
0
0
0
0
0
0
0
0
0
0
0
0
0
0
0
0
0
0
0
0
0
0
0
0
0
0
0
0
0
0
0
0
0
0
0
0
0
0
0
0
0
0
0
0
0
0
0
0
0
0
0
0
0
0
0
0
0
0
0
0
0
0
0
0
0
0
0
0
0
0
0
0
0
0
0
0
0
0
0
0
0
0
0
0
0
0
0
0
0
0
0
0
0
0
0
0
0
0
0
0
0
0
0
0
0
0
0
0
0
0
0
0
0
0
0
0
0
0
0
0
0
0
0
0
0
0
0
0
0
0
0
0
0
0
0
0
0
0
0
0
0
0
0
0
0
0
0
0
0
0
0
0
0
0
0
0
0
0
0
0
0
0
0
0
0
0
0
0
0
0
0
0
0
0
0
0
0
0
0
0
0
0
0
0
0
0
0
0
0
0
0
0
0
0
0
0
0
0
0
0
0
0
0
0
0
0
0
0
0
0
0
0
0
0
0
0
0
0
0
0
0
0
0
0
0
0
0
0
0
0
0
0
0
0
0
0
0
0
0
0
0
0
0
0
0
0
0
0
0
0
0
0
0
0
0
0
0
0
0
0
0
0
0
0
0
0
0
0
0
0
0
0
0
0
0
0
0
0
0
0
0
0
0
0
0
0
0
0
0
0
0
0
0
0
0
0
0
0
0
0
0
0
0
0
0
0
0
0
0
0
0
0
0
0
0
0
0
0
0
0
0
0
0
0
0
0
0
0
0
0
0
0
0
0
0
0
0
0
0
0
0
0
0
0
0
0
0
0
0
0
0
0
0
0
0
0
0
0
0
0
0
0
0
0
0
0
0
0
0
0
0
0
0
0
0
0
0
0
0
0
0
0
0
0
0
0
0
0
0
 
*********************************************** Results ***************************************
 
TotalArea 1.28627751826458
AreaFirstQuad 0.633436366025178
AreaSecondQuad 0
AreaThirdQuad 0.630845774153353
AreaFourthQuad 2.19953780860528E-02
Coercivity 99.7827946832935
PositiveCoercivity 365.908417971142
NegativeCoercivity 166.342828604555
Retentivity 4.04191262086149E-05
PositiveRetentivity -7.0218991606222E-05
NegativeRetentivity -1.51057244023452E-04
Magnetization 0.0032746861
PositiveMagnetization 0.0031687929
NegativeMagnetization -0.0033805793
Flatness 3.49767375161841
Squareness 1.23429009603745E-02
SStar 0.357997846620309
SFD1 0.575172387460902
SFD2 57.5515582437529
Slope 0
Intercept 0
SlopeAtHc 6.30949749802449E-07
dH1 42.3904864377826
dH2 5742.65531994
InitialSlope -5.40063999348226E-06
FieldAtHalfMs 5890.71551673996
FieldAtMs 11849.339
MomentMean 8.99506331731592E-05
MomentRMS 1.38734029098035E-03
SFD3 -5.22069879606283E-03
dH3 100.303730599364
UserField1 0
UserField2 0
CenterField 0
ExchangeField 0
ExchangeMoment 0
ExRegionOneIntercept 0
ExRegionOneSlope 0
ExRegionTwoIntercept 0
ExRegionTwoSlope 0
NegativeIntercept 0
NegativeSlope 0
AutoCenterOffset 0
PinningField 0
PinningMoment 0
PinRegionOneIntercept 0
PinRegionOneSlope 0
PinRegionTwoIntercept 0
PinRegionTwoSlope 0
PositiveIntercept 0
PositiveSlope 0
TotalOffset 0
BHMax 0
BCoercivity 0
BRetentivity 0
BNegativeCoercivity 0
BPositiveCoercivity 0
BNegativeRetentivity 0
BPositiveRetentivity 0
MomentYMean 2.7461170384038E-06
MomentYRMS 1.88286566781249E-06
YOffCorrection 0
Mrt 0
Ms1 0
Ms2 0
Ms3 0
Hc2 0
Hex2 0
HsatValue 0
HsatIntercept 0
HsatSlope 0
CenterH 0
Span .0065493722
SpanAsPercentOfRange -102.333940625
RMSAsPercentOfRange -21.677192046568
SpanAsPercentOfMean 7281.07403912561
RMSAsPercentOfMean 1542.33521437215
