Version 1.25
******************************************** Units *******************************************
System CGS
TemperatureUnit C
MomentUnit emu
AppliedFieldUnit Oe
 
******************************************** Setup ********************************************
 
Experiment CustomField
Minor False
Acquisition Continuous
EditedPoint No
MaxField 12000
FieldIncrement 114.285714285714
Points 421
MinField 0
RampRate 11.4285714285714
AverageTime 10
TimeInterval 0
TimeConstant 0.1
TimeConstantIndex 0
Sensitivity -0.0064
SensitivityIndex 5
SensitivityY -0.004
SensitivityIndexY 5
SaturationField 8000
ExperimentTime 4210
Use735Domains False
AutoRangeEnabled False
NumberOfVertices 20
VertexPts
0
10
30
50
70
110
150
160
180
200
220
230
270
310
320
340
360
370
380
420
VertexField
-5
5
100
500
1000
12000
1000
500
100
-100
-500
-1000
-12000
-1000
-500
-100
100
500
1000
12000
StartAngle 0
EndAngle 0
AngleIncrement 0
StartTemp 0
FinishTemp 0
TempIncrement 0
TempPoints 0
LengthofSetPointsArray 421
SetPointArray
-5
-4
-3
-2
-1
0
1
2
3
4
5
9.75
14.5
19.25
24
28.75
33.5
38.25
43
47.75
52.5
57.25
62
66.75
71.5
76.25
81
85.75
90.5
95.25
100
120
140
160
180
200
220
240
260
280
300
320
340
360
380
400
420
440
460
480
500
525
550
575
600
625
650
675
700
725
750
775
800
825
850
875
900
925
950
975
1000
1275
1550
1825
2100
2375
2650
2925
3200
3475
3750
4025
4300
4575
4850
5125
5400
5675
5950
6225
6500
6775
7050
7325
7600
7875
8150
8425
8700
8975
9250
9525
9800
10075
10350
10625
10900
11175
11450
11725
12000
11725
11450
11175
10900
10625
10350
10075
9800
9525
9250
8975
8700
8425
8150
7875
7600
7325
7050
6775
6500
6225
5950
5675
5400
5125
4850
4575
4300
4025
3750
3475
3200
2925
2650
2375
2100
1825
1550
1275
1000
950
900
850
800
750
700
650
600
550
500
480
460
440
420
400
380
360
340
320
300
280
260
240
220
200
180
160
140
120
100
90
80
70
60
50
40
30
20
10
0
-10
-20
-30
-40
-50
-60
-70
-80
-90
-100
-120
-140
-160
-180
-200
-220
-240
-260
-280
-300
-320
-340
-360
-380
-400
-420
-440
-460
-480
-500
-550
-600
-650
-700
-750
-800
-850
-900
-950
-1000
-1275
-1550
-1825
-2100
-2375
-2650
-2925
-3200
-3475
-3750
-4025
-4300
-4575
-4850
-5125
-5400
-5675
-5950
-6225
-6500
-6775
-7050
-7325
-7600
-7875
-8150
-8425
-8700
-8975
-9250
-9525
-9800
-10075
-10350
-10625
-10900
-11175
-11450
-11725
-12000
-11725
-11450
-11175
-10900
-10625
-10350
-10075
-9800
-9525
-9250
-8975
-8700
-8425
-8150
-7875
-7600
-7325
-7050
-6775
-6500
-6225
-5950
-5675
-5400
-5125
-4850
-4575
-4300
-4025
-3750
-3475
-3200
-2925
-2650
-2375
-2100
-1825
-1550
-1275
-1000
-950
-900
-850
-800
-750
-700
-650
-600
-550
-500
-480
-460
-440
-420
-400
-380
-360
-340
-320
-300
-280
-260
-240
-220
-200
-180
-160
-140
-120
-100
-90
-80
-70
-60
-50
-40
-30
-20
-10
0
10
20
30
40
50
60
70
80
90
100
140
180
220
260
300
340
380
420
460
500
550
600
650
700
750
800
850
900
950
1000
1275
1550
1825
2100
2375
2650
2925
3200
3475
3750
4025
4300
4575
4850
5125
5400
5675
5950
6225
6500
6775
7050
7325
7600
7875
8150
8425
8700
8975
9250
9525
9800
10075
10350
10625
10900
11175
11450
11725
12000
FieldDomainFile C:\IDEASVSM\Default UserID\Experiments\HysCoFe2O4_Completa\fdomain.ini
TempDomainFile C:\IDEASVSM\Default UserID\Experiments\HysCoFe2O4_Completa\tdomain.ini
NumSelectedResults 0
ResultsSelected 
UserName1 
UserValue1 
UserName2 
UserValue2 
LinearBackgroundCorrection Off
MaxLinearFieldCorrection 
MinLinearFieldCorrection 
AutoLinearCorrection Off
FitOneRegion Off
BackgroundMode Off
BackgroundFilename 
AutoCenter Off
OffsetCorrection 
SmoothDeriv Off
DerivOrder 0
DerivPoints 0
MinExFieldOne 
MaxExFieldOne 
MinExFieldTwo 
MaxExFieldTwo 
MinPinFieldOne 
MaxPinFieldOne 
MinPinFieldTwo 
MaxPinFieldTwo 
HCenterStart 
Mass 
Volume 
Density 
MolarWeight 
NumberOfMoles 
Demagnetization 
SampleArea 
Thickness 
MomentScaling 0
XAxis 0
YAxis 0
SimpleSpinValve False
HsatMax 0
HsatMin 0
FieldAutoRange False
 
*************************************************** Experiment Data ********************************************
 
DataPoints 421
MomentX Data
-0.000062137839
-0.000058995268
-0.000057191631
-0.000059937748
-0.000054507441
-0.000056735638
-0.000060414689
-0.000055380446
-0.000055446002
-0.000061782524
-0.000055183832
-0.00006110971
-0.000052182446
-0.000056585631
-0.000056421737
-0.00004699285
-0.000054472219
-0.000045839038
-0.000045817611
-0.000039780158
-0.000044406296
-0.00003851198
-0.000038855315
-0.000037930083
-0.000035350688
-0.000032396641
-0.000029445689
-0.000029397398
-0.000026485588
-0.000028128602
-0.000026225118
-0.000014603736
-0.0000082171984
-0.0000061805288
0.000008691721
0.000011754942
0.000013761643
0.000025898055
0.000039200563
0.000039389316
0.000045459794
0.000054534609
0.000061277567
0.000068235927
0.000085925134
0.000085599604
0.000094852748
0.000098140988
0.00010462871
0.00011396318
0.00012036777
0.00012136191
0.00012791489
0.00014298002
0.00015734557
0.00016154459
0.00016803041
0.00017395611
0.00018506797
0.00019434718
0.00020082526
0.00020587982
0.00021367031
0.00022510204
0.00022825871
0.00023502575
0.00024525777
0.00025819556
0.0002613214
0.00027050391
0.00027657735
0.00031228405
0.00040323175
0.00047109521
0.00055649522
0.00062331041
0.00070028226
0.00077912196
0.00084508586
0.00093248288
0.001003102
0.001082322
0.0011433321
0.0012129481
0.0012914288
0.0013659074
0.0014396284
0.0015166839
0.0015950574
0.0016796387
0.0017507465
0.0018094889
0.0018700338
0.0019640263
0.0020285374
0.0021030512
0.0021591215
0.0022460606
0.0023073662
0.0023970562
0.0024740976
0.0025309075
0.0026040843
0.0026843025
0.0027577283
0.0028402747
0.0028944524
0.0029628925
0.0030269396
0.003110933
0.0031911461
0.0032049673
0.0031271686
0.0030671212
0.0029805849
0.002907962
0.0028441062
0.0027613719
0.0026820763
0.0026359112
0.0025460506
0.0024729208
0.0023905516
0.0023404158
0.0022802113
0.002198928
0.0021295625
0.0020610769
0.0019732045
0.0019082954
0.0018490359
0.0017718454
0.0016843012
0.0016233525
0.0015441404
0.0014688776
0.0014064342
0.0013077815
0.0012536751
0.0011679857
0.0011037561
0.0010306667
0.00094589988
0.00088400937
0.00079827587
0.00070805197
0.00065427633
0.00057068465
0.00049947715
0.0004165647
0.0003469624
0.00031337823
0.00026525933
0.0002424157
0.0002500152
0.00022353642
0.0002053063
0.00017779209
0.00019420347
0.00016226207
0.00014524122
0.00012448363
0.0001213271
0.00011743704
0.0001125194
0.00010297103
0.000089660972
0.000084357559
0.000074340308
0.00008058759
0.00006969391
0.000059262454
0.000044112357
0.000041953658
0.00003948336
0.000030010405
0.000017455243
0.000012806054
0.0000015276942
-0.000005513456
-0.0000051110848
-0.000013325949
-0.000018440549
-0.000025279297
-0.000029450684
-0.000031577136
-0.000050149856
-0.000050738151
-0.000045820348
-0.000058823231
-0.00006242088
-0.000055499244
-0.00006377001
-0.000068377383
-0.000083859609
-0.00008241044
-0.00008517174
-0.000083849085
-0.000083491963
-0.000097384698
-0.000095309626
-0.00010898968
-0.00011275099
-0.00011580131
-0.00013013209
-0.00014133706
-0.00014684832
-0.00015371417
-0.00016597155
-0.00017164861
-0.00018531827
-0.00018893076
-0.00019267912
-0.0002034632
-0.00021170362
-0.00020940456
-0.00022091253
-0.00022548536
-0.0002365579
-0.00023688347
-0.00025959658
-0.00026190306
-0.00028277054
-0.00030215044
-0.00029896232
-0.00032488681
-0.00033493608
-0.00035556606
-0.00038500985
-0.0003956217
-0.00040447563
-0.00046940474
-0.0005349898
-0.00060905261
-0.00068722395
-0.00080203177
-0.00085063394
-0.00097962615
-0.0010294006
-0.0011017198
-0.0011708375
-0.0012415458
-0.0013043408
-0.0013838961
-0.0014605033
-0.0015240881
-0.0016209676
-0.001700928
-0.0017907902
-0.00184336
-0.0019334446
-0.0019982882
-0.0020762094
-0.0021313733
-0.0022118872
-0.0022785258
-0.0023816602
-0.0024564502
-0.0025276808
-0.0025999644
-0.0026832453
-0.0027500229
-0.002818176
-0.0029082406
-0.002975332
-0.0030366919
-0.0031093299
-0.0031787267
-0.0032573193
-0.0033227903
-0.0034075007
-0.0034141367
-0.0033546714
-0.0032865716
-0.0032092768
-0.0031420765
-0.0030654694
-0.0029896724
-0.0029036316
-0.0028481097
-0.0027805435
-0.0027113772
-0.0026478877
-0.0025700605
-0.0024765769
-0.0024366238
-0.0023571391
-0.0022791206
-0.0022139309
-0.0021366013
-0.0020607327
-0.0019915985
-0.0019116592
-0.0018430549
-0.0017460991
-0.0016828036
-0.0015968849
-0.0015419245
-0.0014732751
-0.0014074005
-0.0013180597
-0.0012341927
-0.0011822571
-0.0010937629
-0.0010164403
-0.0009471579
-0.00086991212
-0.00079097251
-0.00073553681
-0.00062956871
-0.00053040638
-0.00051190172
-0.00049559816
-0.00047610145
-0.00046545912
-0.00045121131
-0.00042442941
-0.00040534172
-0.00040529646
-0.00037773409
-0.00036002997
-0.00034750819
-0.00033980158
-0.00033505599
-0.00032241714
-0.0003171965
-0.00030761294
-0.00030466876
-0.00029860071
-0.00029544393
-0.00028773965
-0.00027171756
-0.00026253069
-0.000261787
-0.00025661666
-0.00023889851
-0.00023564971
-0.00022829632
-0.00023230131
-0.00021325548
-0.00021181798
-0.00020533013
-0.00019830306
-0.00019004271
-0.00019443065
-0.0001862762
-0.00017360534
-0.00017917891
-0.00017129981
-0.00016606213
-0.00016655872
-0.00015894597
-0.00015066259
-0.00015024651
-0.00014824982
-0.00013989916
-0.00013277304
-0.00012984992
-0.00012350021
-0.00012983747
-0.0001176914
-0.00011219951
-0.000085518522
-0.00008598028
-0.000068009144
-0.000051113255
-0.000024387785
-0.000030141931
-0.0000044639144
0.000010242147
0.00002973451
0.000040057601
0.00005682686
0.000064031949
0.000093260466
0.00011340657
0.00012199826
0.00013486749
0.00016653439
0.00019556874
0.00018819969
0.00021541788
0.00032450172
0.00037316023
0.00048210649
0.00054024738
0.00062996141
0.00071855957
0.00079047763
0.00087176278
0.00094904078
0.00099163792
0.0010806227
0.0011524192
0.0012348727
0.0013048446
0.0013982022
0.0014834638
0.0015586931
0.001636516
0.0017129765
0.0017845142
0.0018460555
0.0019235901
0.0020201132
0.0020698122
0.0021613382
0.0022352627
0.0023119512
0.0023915508
0.0024569759
0.0025181855
0.002607064
0.0026788167
0.0027601983
0.0028371895
0.0028881299
0.0029730495
0.0030526298
0.0031226295
0.003190828
MomentY Data
0.0000011605501
0.0000029091309
0.0000040254209
0.0000027768325
0.0000054588887
0.000003333125
0.000002426052
0.000002636609
-0.00000044587609
0.0000025847625
0.0000081987377
0.0000061305473
0.00000060828688
0.0000044052647
0.00000072922709
0.0000013553809
0.0000011992072
0.00000011686803
0.0000018866014
-0.0000012775755
0.0000064449784
0.0000024214886
-0.0000013143634
0.0000014253473
0.0000035154627
0.00000039309974
0.0000033820008
0.0000033135509
-0.0000015526294
-0.00000033832552
0.0000027005433
0.0000024220799
0.0000033693598
-0.00000031138423
0.0000020157956
0.0000060917565
0.0000013198375
0.00000068636896
0.0000014652538
0.0000062916037
0.0000027079581
-0.00000039368154
0.0000072437235
0.0000010722208
-0.0000021842145
0.000002222495
0.0000057624242
0.0000014367866
0.0000013353538
0.0000043017338
0.0000019959544
0.000002133026
0.000005289211
0.000003709092
0.0000016175794
0.000001201167
0.0000048519896
0.0000073018023
0.0000032781266
0.0000047516535
0.0000012613153
0.0000046022652
0.0000027413462
0.0000035384558
0.0000011614942
0.0000026628636
0.0000020826148
0.0000041992853
0.0000058689878
0.0000018727206
0.0000013540792
0.000003404784
0.0000026792048
0.000000085477842
0.0000031086205
0.0000021313094
-0.00000088966836
0.0000033170031
0.00000063508984
0.000004374523
0.000004021673
0.0000024443768
0.0000055143592
0.0000011410474
0.0000019638967
0.0000044336364
0.0000071131274
0.0000049678371
0.0000076707026
0.0000016901063
0.0000036854027
0.0000028382396
0.0000005513191
0.00000023485183
0.0000047170399
0.0000019481182
0.0000047721718
0.0000040236614
0.0000047835777
0.0000029586266
0.0000023102044
0.0000013539505
0.0000026215076
-0.0000017179107
0.0000026729345
0.0000030071544
-0.00000021219734
0.0000077579781
0.0000022299575
0.0000025343941
-0.0000010824871
0.000003474531
0.0000016431999
0.0000026998519
0.0000024561166
0.0000048124168
0.00000061464778
0.0000025047397
0.0000015039205
0.0000029164122
0.0000015562915
0.0000025490998
0.0000011741685
0.0000022655248
-0.00000082735058
0.0000039340637
0.0000029021739
0.0000034338902
0.000004556093
0.0000024713706
0.0000033262823
0.0000011460065
0.0000029882192
0.00000072947024
0.0000064879128
0.0000085281559
0.0000049194382
0.0000030553484
0.0000047280309
0.00000095510953
0.0000049424742
-0.00000042619233
0.0000020768737
0.000002624874
0.0000026389407
0.0000025811958
0.0000035217236
0.0000042074297
0.0000040525815
0.000005173578
0.0000039080141
0.0000022528504
0.0000034763859
0.0000022247838
0.0000064096878
0.000005144491
-0.00000057378288
0.0000029832934
0.0000035725926
0.0000043118379
0.0000012951898
0.0000018338918
0.00000042712681
0.0000042351292
-0.00000041893476
0.00000086283206
0.0000027748059
0.0000022478579
0.0000027402686
0.0000011899757
0.0000024776266
0.0000013315534
0.0000051087187
0.0000020994042
-0.00000064172741
0.0000022206401
0.0000032775735
0.0000025952862
0.0000045505474
-0.0000030076074
0.00000052278039
0.000004271941
0.0000066517303
0.0000017738055
0.0000022308587
0.0000047470472
-0.00000038609023
-0.00000054037564
0.00000074773783
0.0000056037281
0.0000024617195
0.0000026091527
-0.00000012286188
0.0000044067715
-0.00000041234015
0.0000018429993
0.0000025392198
0.0000043383262
-0.00000025502685
0.0000040995214
0.0000024822329
0.0000046530244
0.0000013019894
0.0000047063635
0.0000048179385
-0.00000022616382
0.0000013977432
0.0000035261105
0.0000058488891
0.0000020557355
0.0000026609944
0.00000047088141
0.0000014394521
0.0000054341171
0.0000027916859
-0.0000023482751
0.0000071581361
0.0000058122489
0.0000055885647
0.0000043850467
0.0000024465751
0.000003461418
0.0000051923702
0.0000017201184
0.0000037908457
0.000001822257
0.00000086205009
0.000004239888
0.0000022035598
0.0000014904069
0.0000023511504
0.0000025106811
0.0000074053237
0.0000039511155
0.0000037195299
0.0000010849905
0.0000037055013
0.0000078957745
0.0000031118678
0.0000043794439
0.0000037653493
0.00000066803928
0.00000020019525
0.0000022128009
0.0000024573898
0.0000053847597
0.00000067610259
0.0000069917962
0.0000012962579
0.0000026782035
0.00000063474654
0.0000028508614
0.0000040658663
0.0000023265647
0.000001480174
0.0000025925015
0.00000090455521
0.0000010714817
0.0000011999273
0.0000022227238
0.0000042683076
0.000004510412
0.0000035256719
0.0000016947364
0.0000025607823
0.00000078577034
0.0000022481488
0.0000028517579
0.0000020266103
-0.0000010036182
0.0000001086712
0.00000081833836
-0.00000071963311
-0.000001576395
0.0000023199653
0.0000032184981
0.0000023755407
0.0000050515029
0.0000043729446
0.000004959049
0.0000012093496
0.0000039187572
-0.000001994214
0.0000040814589
0.00000028028477
-0.00000050388812
0.000002927966
0.0000023714494
0.0000052671144
0.0000014876555
0.0000039139936
0.00000091047285
0.0000020467852
0.0000015146923
0.00000041491984
0.0000027024507
0.00000027738569
0.000002863283
0.0000052958963
0.000004891505
0.0000062548635
0.0000049813268
0.00000058034889
-0.00000020704268
0.0000010553407
0.000003952937
-0.00000041246416
0.0000021833181
0.0000008227395
0.0000020520304
0.00000068805212
0.0000008542061
0.00000070494177
0.0000041913889
0.0000003586626
0.0000042984389
0.0000017343234
0.0000044276236
0.00000088385576
0.0000012450742
0.0000029030226
0.0000031956528
0.00000049844267
0.0000002388143
0.0000023345518
-0.0000007666349
0.0000011964702
0.0000012625408
0.0000014871406
0.0000049449918
0.0000020817183
0.0000037501095
-0.00000085328101
0.0000040736387
0.000000032758658
0.0000025464008
0.0000016548155
0.0000023919057
0.0000039097212
0.0000020722769
0.0000011255598
0.0000019867896
-0.000001230626
0.00000060670378
0.0000041733692
-0.00000016091827
0.000001690669
0.0000048506782
0.0000011190223
0.00000040078644
0.0000015228318
0.00000089715473
0.0000038205336
0.0000014965486
0.0000026537417
0.0000051777361
0.000003154888
0.0000021548985
-0.000000005188016
-5.1259949E-09
0.0000029654645
0.000004470043
0.0000017182445
0.0000024164151
0.000003744912
0.0000018001842
0.0000021742057
0.0000015562486
0.0000012497187
0.0000020135306
0.0000019536208
0.0000045830295
-0.0000012083387
0.0000045677564
0.0000038991259
0.0000016347932
0.0000012826299
0.0000019917726
0.0000018059348
0.0000039810179
0.00000085365767
0.00000023833265
0.0000049967429
0.0000055332515
0.00000099052897
0.0000040618466
0.00000092166892
-0.00000074568268
0.000006504378
0.0000030041883
0.00000068351739
0.0000042993162
0.0000052726553
0.0000028081177
0.0000015607546
0.0000014082574
0.0000010417127
0.000001977148
0.0000030240773
0.0000065916107
0.00000076516151
0.0000038736533
0.0000030877828
0.0000027478933
0.0000043212746
0.0000028476141
0.0000032402609
0.0000060779664
0.0000052217195
0.0000021082067
0.00000049265859
0.0000033807229
0.00000098661891
0.0000017320107
0.0000042245625
0.0000062398192
0.0000052254865
0.000004026675
0.0000030658816
0.0000040027807
0.000006282768
Field Data
-4.5513229
-3.6286379
-2.7248715
-1.8098978
-0.90993557
0.002348805
0.90654482
1.8196864
2.7360233
3.6362806
4.5536482
7.3030714
12.046997
16.809787
21.567215
26.30108
31.056982
35.805636
40.557741
45.320708
50.046249
54.801297
59.55608
64.294077
69.052206
73.809303
78.529845
83.293034
88.047849
92.805139
97.563096
109.17174
129.15905
149.16088
169.16058
189.1588
209.16155
229.15967
249.15335
269.16567
289.14601
309.1488
329.15084
349.14539
369.13999
389.14627
409.12572
429.12016
449.12223
469.1126
489.11012
511.15862
536.14993
561.15601
586.15217
611.15239
636.15066
661.15613
686.14308
711.16418
736.23516
761.41347
786.41037
811.41137
836.41475
861.40105
886.4137
911.40659
936.42148
961.4083
986.41306
1120.5291
1395.0766
1670.1069
1945.1117
2220.1329
2495.11
2770.1102
3045.0868
3320.041
3595.0462
3870.0069
4144.9732
4419.9412
4694.9327
4969.9066
5244.8749
5519.8344
5794.825
6069.7706
6344.7728
6619.7281
6894.7117
7169.6685
7444.6349
7719.6086
7994.5437
8269.5105
8544.4507
8819.3735
9094.2832
9369.1849
9645.9248
9921.6736
10196.515
10471.351
10746.175
11020.992
11295.801
11570.572
11845.334
11866.681
11591.598
11316.075
11040.684
10765.367
10488.929
10212.04
9936.8536
9661.6482
9386.4808
9111.381
8836.2839
8561.1901
8286.1315
8011.0673
7736.0524
7461.0013
7185.9578
6910.9396
6635.9151
6360.9114
6085.8603
5810.8253
5535.825
5260.8044
4985.7516
4710.7456
4435.7212
4160.6918
3885.0209
3607.8952
3332.898
3057.865
2782.8419
2507.8289
2232.8002
1957.8006
1682.7912
1407.7588
1132.8366
975.79894
925.83224
875.81619
825.8359
775.82513
725.8288
675.67502
625.32802
575.33523
525.33623
490.82575
470.84971
450.85276
430.79654
410.66243
390.66753
370.66931
350.66843
330.69024
310.68403
290.68402
270.7047
250.71356
230.70067
210.70989
190.71533
170.71892
150.72742
130.72228
110.73633
95.698328
85.654071
75.570897
65.558257
55.533311
45.571733
35.550289
25.563641
15.570928
5.5681126
-4.4306728
-14.42428
-24.42413
-34.422499
-44.427906
-54.434454
-64.428331
-74.430137
-84.433361
-94.424521
-108.84623
-128.83492
-148.84872
-168.83439
-188.83912
-208.83952
-228.83583
-248.83036
-268.8161
-288.82409
-308.82394
-328.81814
-348.80997
-368.79685
-388.97925
-408.9953
-428.98767
-448.97615
-468.96852
-488.97426
-522.45147
-572.41669
-622.42541
-672.42806
-722.41493
-772.42039
-822.41154
-872.41877
-922.42303
-972.41942
-1118.9897
-1393.422
-1668.3985
-1943.3815
-2218.3512
-2493.3589
-2768.3579
-3043.3417
-3318.3172
-3593.305
-3868.2803
-4143.2716
-4419.9709
-4695.9895
-4970.9578
-5245.9297
-5520.8957
-5795.8939
-6070.87
-6345.836
-6620.8234
-6895.7876
-7170.7645
-7445.7341
-7720.7053
-7995.6285
-8270.6062
-8545.5395
-8820.4692
-9095.3793
-9370.2787
-9645.168
-9920.0332
-10194.864
-10469.707
-10744.532
-11019.352
-11294.131
-11568.867
-11843.591
-11856.351
-11580.784
-11305.256
-11029.857
-10752.508
-10475.722
-10198.484
-9923.2534
-9648.0909
-9372.9582
-9097.8185
-8822.7178
-8547.665
-8272.5905
-7997.5344
-7722.479
-7447.4486
-7172.4105
-6897.4012
-6622.3682
-6347.3448
-6071.0697
-5794.5393
-5519.514
-5244.4919
-4969.4767
-4694.4343
-4419.4312
-4144.3904
-3869.3683
-3594.3492
-3318.8375
-3041.5573
-2766.5344
-2491.5147
-2216.5049
-1941.5008
-1666.4995
-1391.4946
-1117.2743
-977.58902
-927.66165
-877.6673
-827.65396
-777.66323
-727.6676
-677.64857
-627.29104
-577.15735
-527.16854
-492.0515
-472.09924
-452.10327
-432.10131
-412.10636
-392.12069
-372.13239
-352.13205
-332.13199
-312.13819
-292.01579
-271.94461
-251.94988
-231.87605
-211.76401
-191.76917
-171.7685
-151.77488
-131.77964
-111.78111
-96.955007
-86.973526
-76.982259
-66.982895
-56.979752
-46.982573
-36.98427
-26.981042
-16.923571
-6.822666
3.2071663
13.214529
23.216503
33.221007
43.204972
53.208249
63.233662
73.220562
83.21092
93.169464
116.79991
156.77246
196.77303
236.77168
276.77442
316.76256
356.75989
397.07461
437.15448
477.14753
520.83659
570.77604
620.77069
670.76622
720.76863
770.76806
820.76678
870.76883
920.76775
970.77352
1122.7042
1397.4563
1672.4454
1947.4291
2222.4064
2497.4013
2772.3793
3047.3724
3322.347
3597.3403
3872.3024
4147.3021
4422.2839
4697.2722
4972.2506
5247.2296
5522.2264
5797.1796
6072.1579
6347.1273
6622.0984
6897.0712
7172.0472
7447.0263
7721.9823
7996.9373
8271.895
8546.8295
8821.7522
9096.6723
9371.5761
9646.4466
9921.313
10196.165
10470.99
10745.802
11020.6
11295.392
11570.154
11844.882
Time Data
0
10
20
30
40
50
60
70
80
90
100
110
120
130
140
150
160
170
180
190
200
210
220
230
240
250
260
270
280
290
300
310
320
330
340
350
360
370
380
390
400
410
420
430
440
450
460
470
480
490
500
510
520
530
540
550
560
570
580
590
600
610
620
630
640
650
660
670
680
690
700
710
720
730
740
750
760
770
780
790
800
810
820
830
840
850
860
870
880
890
900
910
920
930
940
950
960
970
980
990
1000
1010
1020
1030
1040
1050
1060
1070
1080
1090
1100
1110
1120
1130
1140
1150
1160
1170
1180
1190
1200
1210
1220
1230
1240
1250
1260
1270
1280
1290
1300
1310
1320
1330
1340
1350
1360
1370
1380
1390
1400
1410
1420
1430
1440
1450
1460
1470
1480
1490
1500
1510
1520
1530
1540
1550
1560
1570
1580
1590
1600
1610
1620
1630
1640
1650
1660
1670
1680
1690
1700
1710
1720
1730
1740
1750
1760
1770
1780
1790
1800
1810
1820
1830
1840
1850
1860
1870
1880
1890
1900
1910
1920
1930
1940
1950
1960
1970
1980
1990
2000
2010
2020
2030
2040
2050
2060
2070
2080
2090
2100
2110
2120
2130
2140
2150
2160
2170
2180
2190
2200
2210
2220
2230
2240
2250
2260
2270
2280
2290
2300
2310
2320
2330
2340
2350
2360
2370
2380
2390
2400
2410
2420
2430
2440
2450
2460
2470
2480
2490
2500
2510
2520
2530
2540
2550
2560
2570
2580
2590
2600
2610
2620
2630
2640
2650
2660
2670
2680
2690
2700
2710
2720
2730
2740
2750
2760
2770
2780
2790
2800
2810
2820
2830
2840
2850
2860
2870
2880
2890
2900
2910
2920
2930
2940
2950
2960
2970
2980
2990
3000
3010
3020
3030
3040
3050
3060
3070
3080
3090
3100
3110
3120
3130
3140
3150
3160
3170
3180
3190
3200
3210
3220
3230
3240
3250
3260
3270
3280
3290
3300
3310
3320
3330
3340
3350
3360
3370
3380
3390
3400
3410
3420
3430
3440
3450
3460
3470
3480
3490
3500
3510
3520
3530
3540
3550
3560
3570
3580
3590
3600
3610
3620
3630
3640
3650
3660
3670
3680
3690
3700
3710
3720
3730
3740
3750
3760
3770
3780
3790
3800
3810
3820
3830
3840
3850
3860
3870
3880
3890
3900
3910
3920
3930
3940
3950
3960
3970
3980
3990
4000
4010
4020
4030
4040
4050
4060
4070
4080
4090
4100
4110
4120
4130
4140
4150
4160
4170
4180
4190
4200
Temperature Data
0
0
0
0
0
0
0
0
0
0
0
0
0
0
0
0
0
0
0
0
0
0
0
0
0
0
0
0
0
0
0
0
0
0
0
0
0
0
0
0
0
0
0
0
0
0
0
0
0
0
0
0
0
0
0
0
0
0
0
0
0
0
0
0
0
0
0
0
0
0
0
0
0
0
0
0
0
0
0
0
0
0
0
0
0
0
0
0
0
0
0
0
0
0
0
0
0
0
0
0
0
0
0
0
0
0
0
0
0
0
0
0
0
0
0
0
0
0
0
0
0
0
0
0
0
0
0
0
0
0
0
0
0
0
0
0
0
0
0
0
0
0
0
0
0
0
0
0
0
0
0
0
0
0
0
0
0
0
0
0
0
0
0
0
0
0
0
0
0
0
0
0
0
0
0
0
0
0
0
0
0
0
0
0
0
0
0
0
0
0
0
0
0
0
0
0
0
0
0
0
0
0
0
0
0
0
0
0
0
0
0
0
0
0
0
0
0
0
0
0
0
0
0
0
0
0
0
0
0
0
0
0
0
0
0
0
0
0
0
0
0
0
0
0
0
0
0
0
0
0
0
0
0
0
0
0
0
0
0
0
0
0
0
0
0
0
0
0
0
0
0
0
0
0
0
0
0
0
0
0
0
0
0
0
0
0
0
0
0
0
0
0
0
0
0
0
0
0
0
0
0
0
0
0
0
0
0
0
0
0
0
0
0
0
0
0
0
0
0
0
0
0
0
0
0
0
0
0
0
0
0
0
0
0
0
0
0
0
0
0
0
0
0
0
0
0
0
0
0
0
0
0
0
0
0
0
0
0
0
0
0
0
0
0
0
0
0
0
0
0
0
0
0
0
0
0
0
0
0
0
0
0
0
0
0
0
0
0
0
0
0
0
0
0
0
0
0
0
0
0
0
0
0
0
0
0
0
0
0
0
0
0
0
0
0
0
0
0
0
0
0
Angle Data
0
0
0
0
0
0
0
0
0
0
0
0
0
0
0
0
0
0
0
0
0
0
0
0
0
0
0
0
0
0
0
0
0
0
0
0
0
0
0
0
0
0
0
0
0
0
0
0
0
0
0
0
0
0
0
0
0
0
0
0
0
0
0
0
0
0
0
0
0
0
0
0
0
0
0
0
0
0
0
0
0
0
0
0
0
0
0
0
0
0
0
0
0
0
0
0
0
0
0
0
0
0
0
0
0
0
0
0
0
0
0
0
0
0
0
0
0
0
0
0
0
0
0
0
0
0
0
0
0
0
0
0
0
0
0
0
0
0
0
0
0
0
0
0
0
0
0
0
0
0
0
0
0
0
0
0
0
0
0
0
0
0
0
0
0
0
0
0
0
0
0
0
0
0
0
0
0
0
0
0
0
0
0
0
0
0
0
0
0
0
0
0
0
0
0
0
0
0
0
0
0
0
0
0
0
0
0
0
0
0
0
0
0
0
0
0
0
0
0
0
0
0
0
0
0
0
0
0
0
0
0
0
0
0
0
0
0
0
0
0
0
0
0
0
0
0
0
0
0
0
0
0
0
0
0
0
0
0
0
0
0
0
0
0
0
0
0
0
0
0
0
0
0
0
0
0
0
0
0
0
0
0
0
0
0
0
0
0
0
0
0
0
0
0
0
0
0
0
0
0
0
0
0
0
0
0
0
0
0
0
0
0
0
0
0
0
0
0
0
0
0
0
0
0
0
0
0
0
0
0
0
0
0
0
0
0
0
0
0
0
0
0
0
0
0
0
0
0
0
0
0
0
0
0
0
0
0
0
0
0
0
0
0
0
0
0
0
0
0
0
0
0
0
0
0
0
0
0
0
0
0
0
0
0
0
0
0
0
0
0
0
0
0
0
0
0
0
0
0
0
0
0
0
0
0
0
0
0
0
0
0
0
0
0
0
0
0
0
0
0
0
Bx Data
0
0
0
0
0
0
0
0
0
0
0
0
0
0
0
0
0
0
0
0
0
0
0
0
0
0
0
0
0
0
0
0
0
0
0
0
0
0
0
0
0
0
0
0
0
0
0
0
0
0
0
0
0
0
0
0
0
0
0
0
0
0
0
0
0
0
0
0
0
0
0
0
0
0
0
0
0
0
0
0
0
0
0
0
0
0
0
0
0
0
0
0
0
0
0
0
0
0
0
0
0
0
0
0
0
0
0
0
0
0
0
0
0
0
0
0
0
0
0
0
0
0
0
0
0
0
0
0
0
0
0
0
0
0
0
0
0
0
0
0
0
0
0
0
0
0
0
0
0
0
0
0
0
0
0
0
0
0
0
0
0
0
0
0
0
0
0
0
0
0
0
0
0
0
0
0
0
0
0
0
0
0
0
0
0
0
0
0
0
0
0
0
0
0
0
0
0
0
0
0
0
0
0
0
0
0
0
0
0
0
0
0
0
0
0
0
0
0
0
0
0
0
0
0
0
0
0
0
0
0
0
0
0
0
0
0
0
0
0
0
0
0
0
0
0
0
0
0
0
0
0
0
0
0
0
0
0
0
0
0
0
0
0
0
0
0
0
0
0
0
0
0
0
0
0
0
0
0
0
0
0
0
0
0
0
0
0
0
0
0
0
0
0
0
0
0
0
0
0
0
0
0
0
0
0
0
0
0
0
0
0
0
0
0
0
0
0
0
0
0
0
0
0
0
0
0
0
0
0
0
0
0
0
0
0
0
0
0
0
0
0
0
0
0
0
0
0
0
0
0
0
0
0
0
0
0
0
0
0
0
0
0
0
0
0
0
0
0
0
0
0
0
0
0
0
0
0
0
0
0
0
0
0
0
0
0
0
0
0
0
0
0
0
0
0
0
0
0
0
0
0
0
0
0
0
0
0
0
0
0
0
0
0
0
0
0
0
0
0
0
0
Hint Data
0
0
0
0
0
0
0
0
0
0
0
0
0
0
0
0
0
0
0
0
0
0
0
0
0
0
0
0
0
0
0
0
0
0
0
0
0
0
0
0
0
0
0
0
0
0
0
0
0
0
0
0
0
0
0
0
0
0
0
0
0
0
0
0
0
0
0
0
0
0
0
0
0
0
0
0
0
0
0
0
0
0
0
0
0
0
0
0
0
0
0
0
0
0
0
0
0
0
0
0
0
0
0
0
0
0
0
0
0
0
0
0
0
0
0
0
0
0
0
0
0
0
0
0
0
0
0
0
0
0
0
0
0
0
0
0
0
0
0
0
0
0
0
0
0
0
0
0
0
0
0
0
0
0
0
0
0
0
0
0
0
0
0
0
0
0
0
0
0
0
0
0
0
0
0
0
0
0
0
0
0
0
0
0
0
0
0
0
0
0
0
0
0
0
0
0
0
0
0
0
0
0
0
0
0
0
0
0
0
0
0
0
0
0
0
0
0
0
0
0
0
0
0
0
0
0
0
0
0
0
0
0
0
0
0
0
0
0
0
0
0
0
0
0
0
0
0
0
0
0
0
0
0
0
0
0
0
0
0
0
0
0
0
0
0
0
0
0
0
0
0
0
0
0
0
0
0
0
0
0
0
0
0
0
0
0
0
0
0
0
0
0
0
0
0
0
0
0
0
0
0
0
0
0
0
0
0
0
0
0
0
0
0
0
0
0
0
0
0
0
0
0
0
0
0
0
0
0
0
0
0
0
0
0
0
0
0
0
0
0
0
0
0
0
0
0
0
0
0
0
0
0
0
0
0
0
0
0
0
0
0
0
0
0
0
0
0
0
0
0
0
0
0
0
0
0
0
0
0
0
0
0
0
0
0
0
0
0
0
0
0
0
0
0
0
0
0
0
0
0
0
0
0
0
0
0
0
0
0
0
0
0
0
0
0
0
0
0
0
0
0
Torque Data
-5.28203824672729E-06
-1.05561826398011E-05
-1.09687546859143E-05
-5.0257830327185E-06
-4.96723700080106E-06
7.828860665625E-09
2.19932487365064E-06
4.7978015394176E-06
-1.2199273711529E-06
9.3989217343575E-06
3.73341671698771E-05
4.47718246529772E-05
7.32803021849936E-06
7.40515612856189E-05
1.57273974338544E-05
3.5647981481372E-05
3.72437564246704E-05
4.18453414221708E-06
7.65162909514374E-05
-5.7900626183454E-05
3.22546993806022E-04
1.32700715950714E-04
-7.8278331799472E-05
9.16413890579421E-05
2.42750454545716E-04
2.90144178188812E-05
2.65587998613876E-04
2.75995707774431E-04
-1.36705678964161E-04
-3.13983469108473E-05
2.63473365230057E-04
2.64422677102026E-04
4.3518331087619E-04
-4.64463457649224E-05
3.40993152857448E-04
1.1523093494322E-03
2.76059257248125E-04
1.57288084371843E-04
3.6507289287023E-04
1.69348372528498E-03
7.82995279862181E-04
-1.21706175673152E-04
2.38427767475274E-03
3.74360949382112E-04
-8.06280918687855E-04
8.6487563934365E-04
2.35755594977042E-03
6.16554095677856E-04
5.99737076494974E-04
2.01799752742588E-03
9.76241496098528E-04
1.09031462658412E-03
2.83581010740523E-03
2.08137926744292E-03
9.48147675457298E-04
7.3409608283913E-04
3.08659638635314E-03
4.8276313506931E-03
2.24926388195393E-03
3.37920576497163E-03
9.28624671705948E-04
3.50422671579224E-03
2.15582307944009E-03
2.87114326836245E-03
9.7149088091945E-04
2.29379350104678E-03
1.84605829054276E-03
3.82725629571013E-03
5.49584624177794E-03
1.80044912842098E-03
1.33568140715435E-03
3.8151595512144E-03
3.73769592308768E-03
1.4275713372131E-04
6.04661410540985E-03
4.73179011901926E-03
-2.2198204217196E-03
9.18846412074162E-03
1.93390368859811E-03
0.014523595715443
1.44581002362926E-02
9.45975508219992E-03
2.28568710991734E-02
5.04336241441288E-03
9.22036283625209E-03
2.20347588063602E-02
3.73074633607623E-02
2.74216381181762E-02
0.044450379194045
1.02585575306148E-02
2.33830428080066E-02
1.87883744346528E-02
3.80118624920347E-03
1.68380976771836E-03
3.51166398642325E-02
1.50387100105365E-02
3.81513359990077E-02
3.32737101957447E-02
4.08730438272694E-02
2.60932330324351E-02
2.10096530634861E-02
1.26854125799475E-02
2.52868651722285E-02
-1.70445492393475E-02
2.72546167232675E-02
3.14889692335944E-02
-2.2803097501745E-03
8.55006145762752E-02
2.51891561584575E-02
2.93243894104252E-02
-1.28224212501914E-02
0.041231151001611
1.90473126744402E-02
3.05517265892925E-02
2.71172072477544E-02
5.18074330089656E-02
6.44699692442762E-03
0.025578502005988
1.49442378345388E-02
0.028177348682588
1.46081002839532E-02
2.32258194848238E-02
1.03752862124372E-02
1.93955884890645E-02
-6.85553570248127E-03
0.031516049063187
2.24513693643124E-02
2.56202592462573E-02
3.27398920308754E-02
1.70794929458158E-02
2.20729269414327E-02
7.2896458103241E-03
1.81858845969778E-02
4.23882412618907E-03
0.03591594987606
0.044864960082606
2.45270968767511E-02
0.014392969031767
2.09722268973851E-02
3.97391638957285E-03
1.92016155647108E-02
-1.53765726168382E-03
6.9220082009826E-03
0.00802651033401
7.34375475157533E-03
6.47319742379862E-03
7.86330515842472E-03
8.23730839111782E-03
6.8196484854828E-03
7.2831499569864E-03
4.42714140579606E-03
2.19832903229858E-03
3.21855014490142E-03
1.94850167128972E-03
5.29335029303202E-03
3.99122539885883E-03
-4.16468139250944E-04
2.01573682771087E-03
2.23404225682465E-03
2.48075224991922E-03
6.80410126666454E-04
9.0012131815385E-04
2.01112534621725E-04
1.90941968877659E-03
-1.8047564509373E-04
3.54332710441506E-04
1.08402656718243E-03
8.33211936771049E-04
9.60925687740298E-04
3.93513349827168E-04
7.69759016923198E-04
3.87061295156668E-04
1.38295416306789E-03
5.26349100860952E-04
-1.48046943444365E-04
4.67910831200589E-04
6.25083511651755E-04
4.43064457154904E-04
6.85892269189708E-04
-3.93161296672872E-04
5.78907817845687E-05
4.08817611014648E-04
5.69747779389051E-04
1.34048072738533E-04
1.46251207985286E-04
2.63619248489279E-04
-1.75948008754686E-05
-1.921051017056E-05
1.9114901448239E-05
8.72552467766768E-05
1.37071313656157E-05
-1.15603018989366E-05
1.7721941584464E-06
-1.07631559996295E-04
1.41937784010349E-05
-8.18805996584658E-05
-1.38221043398989E-04
-2.79511116399572E-04
1.89816833841784E-05
-3.46136370293425E-04
-2.34383652592941E-04
-5.06464164038012E-04
-1.67741700189848E-04
-7.0053618282972E-04
-8.13433707705015E-04
4.27085767446384E-05
-2.91904018971264E-04
-8.06900422939215E-04
-1.45538118035308E-03
-5.5261479974155E-04
-7.68559286075096E-04
-1.45419452308955E-04
-4.73317962141094E-04
-1.89547422262749E-03
-1.02956496610942E-03
9.13430287191675E-04
-2.92764402166033E-03
-2.49338311307106E-03
-2.5091322630319E-03
-2.05644886102988E-03
-1.19631224905693E-03
-1.80842292238446E-03
-2.97219936313864E-03
-1.07064540036854E-03
-2.54907101981034E-03
-1.31642566309701E-03
-6.65865066717335E-04
-3.48693281950752E-03
-1.92242693033745E-03
-1.37478564863091E-03
-2.28630430830077E-03
-2.80942629088467E-03
-1.03187409607014E-02
-6.59203517352675E-03
-7.22846559635685E-03
-2.4068899776636E-03
-9.23914464531657E-03
-2.18583297136936E-02
-9.47047704062726E-03
-1.45323840198051E-02
-1.35300484664365E-02
-2.58416318645018E-03
-8.294632937799E-04
-9.78051558549381E-03
-1.15398766982071E-02
-2.67674132318407E-02
-3.54678665712792E-03
-3.86009775758563E-02
-7.51297325543681E-03
-0.016259025282045
-4.02799744440744E-03
-1.88750498672768E-02
-2.80373504147979E-02
-1.66832475577132E-02
-1.10209820257334E-02
-2.00159400713079E-02
-7.23248741689949E-03
-8.86180319120654E-03
-1.02540261392784E-02
-0.019605466818007
-3.88218765910727E-02
-4.22638174918244E-02
-3.40056977883792E-02
-1.68118413532485E-02
-2.61068272821072E-02
-8.22678522909038E-03
-2.41553067223616E-02
-3.14245241188808E-02
-2.28888022141493E-02
1.16107254745794E-02
-1.2870572462792E-03
-9.70250683292436E-03
8.33391560615824E-03
0.01782154903212
-2.55888855039621E-02
-3.46069265682348E-02
-2.48855039728854E-02
-5.15176715016036E-02
-4.33938373699616E-02
-4.78453555295541E-02
-1.13351832499867E-02
-3.56521417511682E-02
1.75943873548092E-02
-3.48869433884685E-02
-2.31868112559669E-03
4.02986257345133E-03
-0.022611155947714
-1.76612475140008E-02
-3.77779066272612E-02
-1.02609568308866E-02
-2.59199067516435E-02
-5.77908510998868E-03
-1.24261756101284E-02
-8.77694405975739E-03
-2.29015586575776E-03
-1.41729808062993E-02
-1.37846172336842E-03
-1.34414939258069E-02
-2.34048493401846E-02
-0.020272306363552
-2.42023705477271E-02
-1.79046279985186E-02
-1.92608365921537E-03
6.29732174765564E-04
-2.91963635027008E-03
-9.8488006436739E-03
9.14228831714384E-04
-4.23891383780448E-03
-1.37109496538025E-03
-2.85538922063584E-03
-7.68742950736516E-04
-8.35062504177022E-04
-6.53947445512121E-04
-3.67864497911297E-03
-2.96848521193896E-04
-3.34273787893165E-03
-1.26201094610184E-03
-3.00037280103825E-03
-5.5443479890039E-04
-7.1860372582537E-04
-0.001530382185629
-1.5724257537192E-03
-2.35314405690571E-04
-1.07968725952761E-04
-1.00876289104286E-03
3.15935118087964E-04
-4.69160720388438E-04
-4.69832325376512E-04
-5.2366986811623E-04
-1.64238996706768E-03
-6.49783782251877E-04
-0.001095091188229
2.32045171484856E-04
-1.02635278162836E-03
-7.5959482203409E-06
-5.39236044475208E-04
-3.17342594938135E-04
-4.1085405423045E-04
-5.93397465963456E-04
-2.73083903862316E-04
-1.25816323815378E-04
-1.92629199575527E-04
1.07031882407276E-04
-4.6705427528239E-05
-2.79544350919834E-04
9.16908311686904E-06
-7.9431979711337E-05
-1.79398792231914E-04
-3.01923876752366E-05
-6.78273777317724E-06
-1.03897727455788E-05
2.8773244159416E-06
5.04865520526744E-05
3.47446250615458E-05
8.81599715918919E-05
2.23703943223889E-04
1.67866066271112E-04
1.36262123393307E-04
-3.79869447184992E-07
-4.26538751544308E-07
2.76290737976028E-04
5.2210062009613E-04
2.6937341714647E-04
4.75485320964753E-04
8.8668910569216E-04
4.98244937848164E-04
6.88706963498592E-04
5.55207079348654E-04
4.96231565412207E-04
8.80223922407088E-04
9.32165339276624E-04
2.3870094566494E-03
-6.89690778164748E-04
2.83552929217992E-03
2.6154019412471E-03
1.17830765509732E-03
9.88610159720994E-04
1.63478078339423E-03
1.57255173285228E-03
3.66559289449272E-03
8.28708261180898E-04
2.6757706715213E-04
6.98272984508527E-03
9.2540610182181E-03
1.92898494057103E-03
9.02707387965824E-03
2.3017771589776E-03
-2.06731522640052E-03
1.98212619963672E-02
9.9809559859401E-03
2.45884465279782E-03
1.66482524396189E-02
2.18672943982661E-02
0.012418293694015
7.33128919360212E-03
7.00220870210444E-03
5.46610571413592E-03
1.09182588823072E-02
1.75311192323831E-02
4.00253009857295E-02
4.85657750903022E-03
2.56517133200847E-02
2.12966578217354E-02
1.97080204481638E-02
0.032180645595722
2.19892256774304E-02
2.59121632529416E-02
0.050276299874328
4.46291462633253E-02
1.85980770937797E-02
4.48155374901006E-03
3.16827019303627E-02
9.5173666298652E-03
1.71838202740491E-02
4.30743363028125E-02
0.065337084445008
0.056152043282673
0.044376374505
3.46303344975872E-02
4.63127891272278E-02
0.074418645593376
dMdH Data
3.40589800419428E-06
1.99568937282908E-06
-3.00130703210376E-06
6.03392766827559E-06
-2.44243687720729E-06
-4.06886442648168E-06
5.51310236031525E-06
-7.15413730474034E-08
-7.0385677516861E-06
7.19307287503942E-06
-2.15531679517362E-06
1.8818305244922E-06
-9.244969860103E-07
3.44501272536345E-08
1.99179465405118E-06
-1.5726499410627E-06
1.81802696090303E-06
4.50894919198966E-09
1.26758237040063E-06
-9.78964736524346E-07
1.23959127226476E-06
-7.22083426309892E-08
1.952791443304E-07
5.42102788722206E-07
6.20976826833676E-07
6.2512991092972E-07
1.01383757814361E-08
6.12391859620196E-07
-3.4536763577583E-07
4.00063304481314E-07
1.00109728578118E-06
3.1952962154487E-07
1.01824163089077E-07
7.43623644354665E-07
1.53174682546747E-07
1.00321255827324E-07
6.06877646498771E-07
6.65335646064157E-07
9.43183998656855E-09
3.03822557574095E-07
4.53677461994052E-07
3.37113514421529E-07
3.48012833497128E-07
8.84699218789073E-07
-1.62713907832936E-08
4.63133069228633E-07
1.64457719245951E-07
3.24352529513195E-07
4.66948335623604E-07
3.20269213382459E-07
4.50887815497656E-08
2.62210344315683E-07
6.02458682048526E-07
5.74710275498319E-07
1.67959321957967E-07
2.59450753992175E-07
2.36976149618465E-07
4.44706536812214E-07
3.70855398044052E-07
2.58389580303603E-07
2.00750566658365E-07
3.11658245622457E-07
4.572509099636E-07
1.26249731036363E-07
2.70830014848137E-07
4.09073808652823E-07
5.17658822169023E-07
1.24959174315777E-07
3.67494142912143E-07
2.42891353486296E-07
2.66237356844118E-07
3.31263988927235E-07
2.46749030924957E-07
3.10540070573314E-07
2.42945598375688E-07
2.79920946144243E-07
2.86689609680284E-07
2.39889139657702E-07
3.17860283639966E-07
2.56791944297781E-07
2.8811390136845E-07
2.21882099733676E-07
2.53178551686015E-07
2.8539318488026E-07
2.70856979516966E-07
2.68107269092474E-07
2.80243090346033E-07
2.85004287419278E-07
3.07629218289E-07
2.58571749607821E-07
2.13643454045075E-07
2.20176403247321E-07
3.41844609771426E-07
2.34614483806022E-07
2.70985188765325E-07
2.0394012987065E-07
3.16180353409938E-07
2.22977942112504E-07
3.26237038179445E-07
2.80242566922884E-07
2.06655324430514E-07
2.64424464994025E-07
2.9091042281961E-07
2.67156985810727E-07
3.00347843805031E-07
1.97135985212355E-07
2.49038814920473E-07
2.33060416507465E-07
3.05685097772327E-07
2.9193665790757E-07
6.47453974797397E-07
2.82819003718878E-07
2.17939700133927E-07
3.14230675657518E-07
2.63779207241108E-07
2.30995015157106E-07
2.98799518940803E-07
2.88152321481004E-07
1.67747798553371E-07
3.26567027925546E-07
2.65830073304307E-07
2.9941864163599E-07
1.82249836237676E-07
2.18878813460114E-07
2.95506648993216E-07
2.52224515835325E-07
2.4899227816213E-07
3.19485463208548E-07
2.36017470843747E-07
2.15469894500309E-07
2.80688950730481E-07
3.18283402611369E-07
2.21603432290436E-07
2.88043685770524E-07
2.73662409288614E-07
2.2702332061335E-07
3.58729264088785E-07
1.96733089864027E-07
3.11564509103389E-07
2.32993761764481E-07
2.63740966644379E-07
3.08246120324134E-07
2.25029396472423E-07
3.1173199633049E-07
3.28071400261078E-07
1.95527375870228E-07
3.03970187593E-07
2.58927513023191E-07
3.01464300206085E-07
2.53170897075609E-07
2.13860611524649E-07
9.63019370901019E-07
4.56725990956903E-07
-1.52049938085593E-07
5.29461553981271E-07
3.64629163780622E-07
5.48596935265897E-07
-3.25965400123146E-07
6.38920132283075E-07
3.4042380847617E-07
6.01486562922336E-07
1.58015802931912E-07
1.94532666231601E-07
2.45192763142806E-07
4.74238493779958E-07
6.65672646524865E-07
2.65194252288454E-07
5.00840513017427E-07
-3.12705104916912E-07
5.4451492811482E-07
5.21572539213729E-07
7.5828892074405E-07
1.07982786374364E-07
1.23435345919555E-07
4.73866202319269E-07
6.27928896659891E-07
2.32501183962521E-07
5.64157757046745E-07
3.51967054467002E-07
-2.01327032240149E-08
5.46273647257129E-07
5.09206405212451E-07
6.78233659361625E-07
4.16612102302689E-07
2.12116055288477E-07
1.86443553420954E-06
5.87036159659229E-08
-4.92437802954505E-07
1.3012365110456E-06
3.5966364029871E-07
-6.92247680403261E-07
8.27605671753838E-07
4.60744211163168E-07
1.54847515629799E-06
-1.44838585776671E-07
2.75949308392865E-07
-1.3234653578386E-07
-3.57057515412714E-08
1.38882574258059E-06
-2.07690798666022E-07
9.48573709260116E-07
1.88171911215793E-07
1.524108365228E-07
7.17052768308492E-07
5.60116032558301E-07
2.75557488850223E-07
3.43355849154168E-07
6.13036665528021E-07
2.84055531594027E-07
6.83210057581996E-07
1.8062585469391E-07
1.87472366986426E-07
5.39424354848955E-07
4.1229146319986E-07
-1.13914103377201E-07
5.74937112966844E-07
2.28728760021949E-07
5.5394607293801E-07
1.62847126178648E-08
1.13532966038747E-06
6.88970197934646E-08
4.17640110460837E-07
3.87530414695676E-07
-6.37590207718982E-08
5.18625991185284E-07
2.00963454790737E-07
4.12672643057822E-07
5.88790660870437E-07
2.12218918948106E-07
1.77091385998069E-07
4.42989601984795E-07
2.38984478139053E-07
2.69342325616916E-07
2.84276991668576E-07
4.17528985920994E-07
1.76730215190338E-07
4.690642875065E-07
1.81008663055787E-07
2.63002340208491E-07
2.51348241631084E-07
2.57144187132444E-07
2.28352678793838E-07
2.87515364151625E-07
2.77543614814365E-07
2.31244110684759E-07
3.52325092127596E-07
2.90801044492773E-07
3.26773775246529E-07
1.91179524329569E-07
3.27620869489318E-07
2.35805713279954E-07
2.83386709978972E-07
2.00612851479523E-07
2.92810187017039E-07
2.42347562217424E-07
3.75138947895267E-07
2.71985691930654E-07
2.59083203089622E-07
2.62916665605791E-07
3.02938669768771E-07
2.42916499635866E-07
2.47929257341047E-07
3.27668253383841E-07
2.44118926990715E-07
2.23254367038637E-07
2.64306376785228E-07
2.52517284040462E-07
2.86021129707875E-07
2.38305136567468E-07
3.08347286731411E-07
5.20062695924754E-07
2.15792529584456E-07
2.4716108707645E-07
2.80664780917869E-07
2.42295086695824E-07
2.76773753007738E-07
2.73400471796796E-07
3.12613495737756E-07
2.01778585381366E-07
2.45576770772794E-07
2.51386114035888E-07
2.307863993076E-07
2.82953672894805E-07
3.39848295643543E-07
1.45254368108906E-07
2.88977056985612E-07
2.83672277682756E-07
2.37020616416417E-07
2.81189036152597E-07
2.75852715855915E-07
2.51375701122158E-07
2.89346741707812E-07
2.48089540969094E-07
3.52534112316213E-07
2.30146959098923E-07
3.12414368369458E-07
1.99825190588796E-07
2.49631367791854E-07
2.39508465653096E-07
3.24849530274113E-07
3.04949728946098E-07
1.88505969074998E-07
3.19150808460178E-07
2.81149678808564E-07
2.51917953513876E-07
2.80883735779597E-07
2.87048847635362E-07
2.01583410696604E-07
3.85331679544619E-07
3.61615569671538E-07
1.32473944283893E-07
3.26545540051479E-07
3.89978267544232E-07
2.12789827673976E-07
2.85009040676142E-07
5.35684818853167E-07
3.81608559782148E-07
8.98773232126256E-10
5.49777405174046E-07
3.54161661379816E-07
3.56572763535879E-07
3.86252484680935E-07
2.37327321455272E-07
6.31880575703581E-07
2.61097927226624E-07
4.79521577210072E-07
1.47295167673088E-07
3.03397342245184E-07
1.57838526484418E-07
3.85333453370545E-07
7.96231562835446E-07
4.57714494115446E-07
3.71943006982338E-08
2.57566194393395E-07
8.8097229321342E-07
1.62481920335446E-07
3.67657183484353E-07
-2.00313399974592E-07
9.52518199331441E-07
7.18802832008153E-08
4.37596447292994E-07
7.04010757521857E-07
8.26757006894119E-07
-4.38821909073417E-07
8.15188786164509E-07
1.26744354582428E-06
-5.57451599536439E-07
7.87655744725603E-07
5.20775053688944E-07
-4.9162921540199E-08
7.59010696519822E-07
8.27728568287026E-07
4.15997882018086E-08
1.99579109569049E-07
8.36407178911385E-07
7.12378553548004E-07
2.91571030540087E-07
6.35803903113079E-07
-6.34337628341246E-07
1.21966323591079E-06
2.32407378176442E-07
6.6748276004408E-07
-1.15437855010566E-08
4.49293563657774E-07
4.22368292771945E-07
6.68334911301201E-07
-1.43863252872129E-07
6.36938979112344E-07
3.66918889706978E-07
4.87393759665741E-07
2.36285491150416E-07
3.35791823898742E-07
1.44117200540458E-07
5.8462260526091E-07
4.02902660091783E-07
1.71835758927652E-07
2.57391189214443E-07
6.33312034206598E-07
5.80699543110131E-07
-1.4736399419507E-07
1.79148740728337E-07
3.97026410353187E-07
1.76947049901251E-07
3.96191701544492E-07
2.11438871499575E-07
3.26238886612079E-07
3.22200903344995E-07
2.61526780126483E-07
2.95609667220172E-07
2.81017755705321E-07
1.54920041707567E-07
3.23581371179678E-07
2.61095461590548E-07
2.99843666075974E-07
2.54463259659668E-07
3.39508107891876E-07
3.10045789623734E-07
2.73607653957109E-07
2.83014696068745E-07
2.78069123327905E-07
2.60164431825745E-07
2.23808682167836E-07
2.8196860816944E-07
3.5101976841149E-07
1.8075255677272E-07
3.32876288847267E-07
2.68857718841842E-07
2.78933709665395E-07
2.89534476418279E-07
2.37978598145426E-07
2.22658253541785E-07
3.23346812408025E-07
2.61045729852756E-07
2.96092442478133E-07
2.80146274902213E-07
1.85364540121974E-07
3.09025538759379E-07
2.89601953477541E-07
2.54764851034713E-07
2.48240077458432E-07
2.48240077458432E-07
dMdT Data
0
0
0
0
0
0
0
0
0
0
0
0
0
0
0
0
0
0
0
0
0
0
0
0
0
0
0
0
0
0
0
0
0
0
0
0
0
0
0
0
0
0
0
0
0
0
0
0
0
0
0
0
0
0
0
0
0
0
0
0
0
0
0
0
0
0
0
0
0
0
0
0
0
0
0
0
0
0
0
0
0
0
0
0
0
0
0
0
0
0
0
0
0
0
0
0
0
0
0
0
0
0
0
0
0
0
0
0
0
0
0
0
0
0
0
0
0
0
0
0
0
0
0
0
0
0
0
0
0
0
0
0
0
0
0
0
0
0
0
0
0
0
0
0
0
0
0
0
0
0
0
0
0
0
0
0
0
0
0
0
0
0
0
0
0
0
0
0
0
0
0
0
0
0
0
0
0
0
0
0
0
0
0
0
0
0
0
0
0
0
0
0
0
0
0
0
0
0
0
0
0
0
0
0
0
0
0
0
0
0
0
0
0
0
0
0
0
0
0
0
0
0
0
0
0
0
0
0
0
0
0
0
0
0
0
0
0
0
0
0
0
0
0
0
0
0
0
0
0
0
0
0
0
0
0
0
0
0
0
0
0
0
0
0
0
0
0
0
0
0
0
0
0
0
0
0
0
0
0
0
0
0
0
0
0
0
0
0
0
0
0
0
0
0
0
0
0
0
0
0
0
0
0
0
0
0
0
0
0
0
0
0
0
0
0
0
0
0
0
0
0
0
0
0
0
0
0
0
0
0
0
0
0
0
0
0
0
0
0
0
0
0
0
0
0
0
0
0
0
0
0
0
0
0
0
0
0
0
0
0
0
0
0
0
0
0
0
0
0
0
0
0
0
0
0
0
0
0
0
0
0
0
0
0
0
0
0
0
0
0
0
0
0
0
0
0
0
0
0
0
0
0
0
0
0
0
0
0
0
0
0
0
0
0
0
0
0
0
0
0
0
 
*********************************************** Results ***************************************
 
TotalArea 1.40102921832948
AreaFirstQuad 0.651769962595016
AreaSecondQuad 0
AreaThirdQuad 0.721471703739222
AreaFourthQuad 2.77875519952428E-02
Coercivity 131.426789932347
PositiveCoercivity 409.24055327854
NegativeCoercivity 146.386973413846
Retentivity 5.1406938279396E-05
PositiveRetentivity -5.85663669684258E-05
NegativeRetentivity -1.61380243527218E-04
Magnetization 0.003309552
PositiveMagnetization 0.0032049673
NegativeMagnetization -0.0034141367
Flatness 2.93051773570425
Squareness 1.55328994013075E-02
SStar -0.111311541041067
SFD1 0.560009135571751
SFD2 0.311963984444155
Slope 0
Intercept 0
SlopeAtHc 3.51967054467002E-07
dH1 57.8265869113633
dH2 41.00042505
InitialSlope 3.40589800419428E-06
FieldAtHalfMs 5818.9652622329
FieldAtMs 11866.681
MomentMean 9.35686033201898E-05
MomentRMS 1.41248054014401E-03
SFD3 1.61961284497158E-02
dH3 129.298184760869
UserField1 0
UserField2 0
CenterField 0
ExchangeField 0
ExchangeMoment 0
ExRegionOneIntercept 0
ExRegionOneSlope 0
ExRegionTwoIntercept 0
ExRegionTwoSlope 0
NegativeIntercept 0
NegativeSlope 0
AutoCenterOffset 0
PinningField 0
PinningMoment 0
PinRegionOneIntercept 0
PinRegionOneSlope 0
PinRegionTwoIntercept 0
PinRegionTwoSlope 0
PositiveIntercept 0
PositiveSlope 0
TotalOffset 0
BHMax 0
BCoercivity 0
BRetentivity 0
BNegativeCoercivity 0
BPositiveCoercivity 0
BNegativeRetentivity 0
BPositiveRetentivity 0
MomentYMean 2.58324016900024E-06
MomentYRMS 2.01695848717397E-06
YOffCorrection 0
Mrt 0
Ms1 0
Ms2 0
Ms3 0
Hc2 0
Hex2 0
HsatValue 0
HsatIntercept 0
HsatSlope 0
CenterH 0
Span .006619104
SpanAsPercentOfRange -103.4235
RMSAsPercentOfRange -22.0700084397501
SpanAsPercentOfMean 7074.06519401552
RMSAsPercentOfMean 1509.56676708161
