Version 1.25
******************************************** Units *******************************************
System CGS
TemperatureUnit C
MomentUnit emu
AppliedFieldUnit Oe
 
******************************************** Setup ********************************************
 
Experiment CustomField
Minor False
Acquisition Continuous
EditedPoint No
MaxField 12000
FieldIncrement 114.285714285714
Points 421
MinField 0
RampRate 11.4285714285714
AverageTime 10
TimeInterval 0
TimeConstant 0.1
TimeConstantIndex 0
Sensitivity -0.0064
SensitivityIndex 5
SensitivityY -0.004
SensitivityIndexY 5
SaturationField 8000
ExperimentTime 4210
Use735Domains False
AutoRangeEnabled False
NumberOfVertices 20
VertexPts
0
10
30
50
70
110
150
160
180
200
220
230
270
310
320
340
360
370
380
420
VertexField
-5
5
100
500
1000
12000
1000
500
100
-100
-500
-1000
-12000
-1000
-500
-100
100
500
1000
12000
StartAngle 0
EndAngle 0
AngleIncrement 0
StartTemp 0
FinishTemp 0
TempIncrement 0
TempPoints 0
LengthofSetPointsArray 421
SetPointArray
-5
-4
-3
-2
-1
0
1
2
3
4
5
9.75
14.5
19.25
24
28.75
33.5
38.25
43
47.75
52.5
57.25
62
66.75
71.5
76.25
81
85.75
90.5
95.25
100
120
140
160
180
200
220
240
260
280
300
320
340
360
380
400
420
440
460
480
500
525
550
575
600
625
650
675
700
725
750
775
800
825
850
875
900
925
950
975
1000
1275
1550
1825
2100
2375
2650
2925
3200
3475
3750
4025
4300
4575
4850
5125
5400
5675
5950
6225
6500
6775
7050
7325
7600
7875
8150
8425
8700
8975
9250
9525
9800
10075
10350
10625
10900
11175
11450
11725
12000
11725
11450
11175
10900
10625
10350
10075
9800
9525
9250
8975
8700
8425
8150
7875
7600
7325
7050
6775
6500
6225
5950
5675
5400
5125
4850
4575
4300
4025
3750
3475
3200
2925
2650
2375
2100
1825
1550
1275
1000
950
900
850
800
750
700
650
600
550
500
480
460
440
420
400
380
360
340
320
300
280
260
240
220
200
180
160
140
120
100
90
80
70
60
50
40
30
20
10
0
-10
-20
-30
-40
-50
-60
-70
-80
-90
-100
-120
-140
-160
-180
-200
-220
-240
-260
-280
-300
-320
-340
-360
-380
-400
-420
-440
-460
-480
-500
-550
-600
-650
-700
-750
-800
-850
-900
-950
-1000
-1275
-1550
-1825
-2100
-2375
-2650
-2925
-3200
-3475
-3750
-4025
-4300
-4575
-4850
-5125
-5400
-5675
-5950
-6225
-6500
-6775
-7050
-7325
-7600
-7875
-8150
-8425
-8700
-8975
-9250
-9525
-9800
-10075
-10350
-10625
-10900
-11175
-11450
-11725
-12000
-11725
-11450
-11175
-10900
-10625
-10350
-10075
-9800
-9525
-9250
-8975
-8700
-8425
-8150
-7875
-7600
-7325
-7050
-6775
-6500
-6225
-5950
-5675
-5400
-5125
-4850
-4575
-4300
-4025
-3750
-3475
-3200
-2925
-2650
-2375
-2100
-1825
-1550
-1275
-1000
-950
-900
-850
-800
-750
-700
-650
-600
-550
-500
-480
-460
-440
-420
-400
-380
-360
-340
-320
-300
-280
-260
-240
-220
-200
-180
-160
-140
-120
-100
-90
-80
-70
-60
-50
-40
-30
-20
-10
0
10
20
30
40
50
60
70
80
90
100
140
180
220
260
300
340
380
420
460
500
550
600
650
700
750
800
850
900
950
1000
1275
1550
1825
2100
2375
2650
2925
3200
3475
3750
4025
4300
4575
4850
5125
5400
5675
5950
6225
6500
6775
7050
7325
7600
7875
8150
8425
8700
8975
9250
9525
9800
10075
10350
10625
10900
11175
11450
11725
12000
FieldDomainFile C:\IDEASVSM\Default UserID\Experiments\HysCoFe2O4_Completa\fdomain.ini
TempDomainFile C:\IDEASVSM\Default UserID\Experiments\HysCoFe2O4_Completa\tdomain.ini
NumSelectedResults 0
ResultsSelected 
UserName1 
UserValue1 
UserName2 
UserValue2 
LinearBackgroundCorrection Off
MaxLinearFieldCorrection 
MinLinearFieldCorrection 
AutoLinearCorrection Off
FitOneRegion Off
BackgroundMode Off
BackgroundFilename 
AutoCenter Off
OffsetCorrection 
SmoothDeriv Off
DerivOrder 0
DerivPoints 0
MinExFieldOne 
MaxExFieldOne 
MinExFieldTwo 
MaxExFieldTwo 
MinPinFieldOne 
MaxPinFieldOne 
MinPinFieldTwo 
MaxPinFieldTwo 
HCenterStart 
Mass 
Volume 
Density 
MolarWeight 
NumberOfMoles 
Demagnetization 
SampleArea 
Thickness 
MomentScaling 0
XAxis 0
YAxis 0
SimpleSpinValve False
HsatMax 0
HsatMin 0
FieldAutoRange False
 
*************************************************** Experiment Data ********************************************
 
DataPoints 421
MomentX Data
-0.00006362358
-0.000066019109
-0.000065715769
-0.000067923554
-0.000066052333
-0.000062306666
-0.000064767989
-0.000064751746
-0.000062811195
-0.000062359602
-0.000064803744
-0.000064442489
-0.000063260097
-0.000060164018
-0.000059229125
-0.0000562129
-0.00005424052
-0.000052944204
-0.000050296745
-0.000052360179
-0.000049778002
-0.000043346954
-0.000045750202
-0.000038565304
-0.000045313211
-0.000037928703
-0.000037391056
-0.000036284316
-0.000037486153
-0.000031133473
-0.000029962656
-0.000028912885
-0.000016116408
-0.000013867058
-0.0000059436143
0.0000024112458
0.000013250953
0.000019658528
0.000023650839
0.000032922871
0.000040768688
0.000047194237
0.000055512098
0.000065036326
0.000072950215
0.000070063195
0.000078551539
0.000088653194
0.000095872666
0.00010502494
0.00011148103
0.00011822702
0.00012649282
0.00013773659
0.00014262894
0.00014847761
0.00015757903
0.00016834137
0.00017229345
0.00018298464
0.00019389211
0.00019703398
0.00020417639
0.00020813057
0.00022118905
0.0002244156
0.00023437507
0.00024131712
0.00025048929
0.00025320704
0.00026486103
0.00030132496
0.00038499005
0.00046299562
0.00055025996
0.00061503687
0.00067963556
0.00076853529
0.00083189292
0.00090880055
0.00096973907
0.0010680087
0.0011214265
0.001207567
0.0012733261
0.0013523305
0.0014457387
0.0015141511
0.0015885025
0.0016828007
0.0017290354
0.0018052002
0.0018728963
0.0019555489
0.0020153978
0.0020885424
0.0021517663
0.0022473955
0.0023150672
0.0023923034
0.0024607161
0.002549605
0.0025882636
0.0026846827
0.0027555724
0.0028142701
0.0028868933
0.00295445
0.0030409642
0.0031222079
0.0031792235
0.0031885493
0.0031330309
0.0030596539
0.0029798262
0.0029021351
0.0028373748
0.0027696038
0.0026756509
0.0026270325
0.0025446834
0.0024684732
0.0024189662
0.0023294735
0.0022556333
0.0021965956
0.0021102614
0.0020325336
0.0019670976
0.0018941563
0.0018386011
0.0017547643
0.0016805728
0.001594704
0.0015192058
0.0014673051
0.0013832116
0.0013187709
0.0012381674
0.0011594934
0.0010741576
0.0010098057
0.00093154622
0.0008493898
0.00078423568
0.00069504965
0.00062840389
0.00057423757
0.00046673906
0.00041188918
0.0003196983
0.00027849103
0.00025397717
0.00024706175
0.00023855494
0.00020898491
0.00019388851
0.00017017166
0.00016550369
0.00014693714
0.00013257019
0.00012595384
0.00012077645
0.00010673122
0.00010797382
0.0000941434
0.000098393436
0.000079361191
0.00006462989
0.000062514481
0.000052707547
0.000051283353
0.000047657085
0.000032284493
0.000033097479
0.000021140821
0.000020065421
-0.0000019763756
0.0000056906853
-0.000011384041
-0.00001538622
-0.000021147944
-0.000025672084
-0.000025690972
-0.000035370103
-0.000041918871
-0.000031085303
-0.000045259223
-0.000050370956
-0.000053740186
-0.000062751802
-0.000063894572
-0.000063279962
-0.000070042373
-0.000079680778
-0.0000835088
-0.000085488256
-0.000088182719
-0.00009234061
-0.000099842024
-0.000087769846
-0.00010699687
-0.00010920574
-0.00012200912
-0.00013476592
-0.00014688133
-0.0001549898
-0.00016078089
-0.00017092551
-0.0001723764
-0.00018243608
-0.00018183857
-0.00018813655
-0.00020231654
-0.00020320807
-0.0002176152
-0.00022193423
-0.00022060929
-0.000235085
-0.00022764843
-0.00025129135
-0.00026068408
-0.00027899921
-0.00027695363
-0.00031170777
-0.00032666404
-0.00034418718
-0.00035525019
-0.00037085898
-0.00039116918
-0.00040001358
-0.00046475558
-0.00052627677
-0.00059494942
-0.0006818195
-0.00075224791
-0.000837924
-0.00095500999
-0.0009850203
-0.0011087821
-0.0011489057
-0.0012319508
-0.0013164214
-0.0013722895
-0.0014529181
-0.001507882
-0.0016142115
-0.001700005
-0.001761459
-0.0018373267
-0.0018875991
-0.0019860271
-0.002047626
-0.0021207337
-0.002202148
-0.0022969808
-0.0023633412
-0.002446131
-0.0025144746
-0.0026007204
-0.0026720459
-0.0027457124
-0.002819426
-0.002898544
-0.0029796711
-0.0030435913
-0.003107723
-0.003173123
-0.0032660552
-0.0033289867
-0.0034035987
-0.0034150434
-0.0033544105
-0.0032751187
-0.0032159914
-0.0031262776
-0.0030654841
-0.0029809401
-0.0029106459
-0.0028502834
-0.0027818268
-0.0026990923
-0.0026326227
-0.0025823164
-0.0025110123
-0.0024358576
-0.0023361153
-0.0022844227
-0.0022011176
-0.0021318742
-0.0020488156
-0.0019650615
-0.001907253
-0.0018187488
-0.0017550753
-0.001678819
-0.0016112397
-0.0015332581
-0.0014514695
-0.0013970519
-0.0013139362
-0.0012393523
-0.001166139
-0.0010810687
-0.0010137321
-0.00092529708
-0.0008475236
-0.00078651063
-0.00069636861
-0.00062558298
-0.00054644243
-0.00048671991
-0.00047240956
-0.00047622412
-0.00045211556
-0.00042719314
-0.00041152279
-0.0004131332
-0.00038879248
-0.0003807948
-0.00034652939
-0.00034306443
-0.00033235477
-0.00033069663
-0.00032536144
-0.00032195584
-0.00030475057
-0.00030631124
-0.00030437425
-0.0002954295
-0.00028290343
-0.00027462438
-0.00026550702
-0.00025423589
-0.00025435161
-0.000246567
-0.00022798464
-0.00022571885
-0.00021926783
-0.00021569622
-0.00020988371
-0.00020197292
-0.00020252332
-0.00019533364
-0.0001950143
-0.00018265157
-0.00017995931
-0.00017895019
-0.00017265778
-0.00017048052
-0.00016555894
-0.00015397408
-0.00015262577
-0.00016013416
-0.00015054058
-0.0001464916
-0.00014330941
-0.00013487252
-0.00012476501
-0.00012204091
-0.00012165768
-0.00013125539
-0.000095314515
-0.000083225165
-0.000066330655
-0.000043100357
-0.000029281583
-0.000020075229
0.0000019580051
0.000009676233
0.000011566974
0.000040157982
0.000056351903
0.00007327817
0.000091218665
0.000093022332
0.00010882055
0.00012459588
0.00014724216
0.00016618592
0.00018438408
0.00022775898
0.0002910244
0.00041007172
0.00043775999
0.00055955701
0.00062598892
0.00071844609
0.00075890521
0.00085572045
0.00092964624
0.00098483306
0.001057035
0.0011454662
0.0012214597
0.0013042525
0.0013536894
0.0014457804
0.0015288934
0.0016019349
0.0016706561
0.0017417366
0.001804734
0.0019032527
0.0019730927
0.0020422796
0.0021190519
0.0022045726
0.0022746446
0.0023555882
0.0024220115
0.0025055047
0.0025775823
0.0026541805
0.0027144318
0.0027914766
0.0028738234
0.0029481001
0.0030257484
0.0030879938
0.0031757063
MomentY Data
0.00000010236739
0.0000015858029
0.0000041484069
0.00000098241804
0.00000048194884
-0.0000017297744
0.0000006941223
0.0000038600968
0.0000037212465
0.000003271942
0.0000029478836
0.0000030010651
0.0000047101401
0.0000051683471
0.0000041531227
0.0000057191083
0.0000049233912
0.000001050396
0.0000040772961
0.0000015706634
0.0000020390319
0.0000025567102
0.0000041129397
0.0000019641065
0.0000016111326
0.0000020503854
0.0000026617954
0.0000021001624
0.0000042056129
0.0000035321473
0.0000042667292
0.0000055239008
0.0000035149906
0.0000050446222
0.000000014996506
0.0000024651001
0.00000071875575
0.0000045030354
0.00000098622315
0.0000034273814
0.0000036650227
0.0000030605363
0.0000057079218
0.0000030954312
0.0000011546945
0.00000016813277
0.0000021922444
0.000001920166
0.0000038117312
-0.0000036620616
0.0000027018403
0.000005918021
-0.00000048082824
0.00000560935
0.00000091939447
0.0000036975239
0.0000013140201
0.000001991496
0.0000038481281
0.000003091731
0.0000044048403
-0.0000013061141
0.0000041636084
0.0000027854585
-0.0000042500924
0.0000032149266
0.0000038400982
0.0000018947743
0.0000028151034
0.0000025196217
0.0000045506857
0.00000091909406
0.0000046294497
0.00000038903238
0.0000044048021
0.0000033925388
0.000001534481
0.0000062089154
0.0000022597693
0.0000017026376
0.0000047078607
0.0000019738054
0.0000020071601
0.0000039163302
0.0000056106517
0.0000030690143
0.0000043483828
0.000002104144
0.0000028070068
0.0000014839411
0.0000020667981
0.00000065428735
0.00000088622568
0.0000028662728
0.0000042441557
0.0000039867208
0.0000026748799
-0.0000011174344
0.00000011506559
0.0000036273621
0.0000028539418
0.0000062658641
0.0000055746744
0.000003371601
0.0000029627751
0.0000060083053
0.0000050255057
0.0000042604445
0.0000070491549
0.0000045896623
0.0000058726165
0.00000022814274
0.00000316195
0.0000034404753
0.0000054673478
0.0000051576946
0.00000083220477
0.00000059164525
0.0000039122342
0.0000013737249
0.0000046791599
0.0000028187559
0.0000047025726
0.0000033406876
0.0000036537265
0.00000097839828
0.0000025243616
0.000002474675
0.000004287505
0.00000024642941
0.0000030540799
0.0000026478909
0.0000062511298
0.0000032592533
0.0000065083882
0.0000042849348
-0.0000021641301
0.0000045562122
0.000005677776
0.0000014617585
0.0000065074394
0.0000034128379
0.0000033291433
-0.00000005315308
0.0000026652812
0.0000061843822
0.00000060258389
0.0000050120924
0.0000036166904
0.000004207258
0.0000014002036
0.00000080638407
0.0000021034812
0.0000023819637
0.0000050102232
0.000006043987
0.0000025089883
0.0000013982057
0.000005063362
0.000003941202
0.0000026918982
0.0000031618069
-0.000000065732016
0.0000045436094
0.0000032851217
0.0000037678383
0.00000071800224
0.0000052243516
0.000000036611527
0.0000013313388
0.0000043893764
0.00000046948909
0.0000019449757
0.000003837919
0.0000042430971
0.0000036465119
0.0000020766782
0.0000041092966
0.0000037594651
0.000003997917
0.0000037910746
0.0000033492945
0.0000011376571
0.000003587837
0.0000029444645
0.00000026974678
0.0000019470404
0.0000034264706
0.0000028507469
0.0000024339055
0.0000021551751
0.0000025476121
0.0000043407438
0.000003684058
0.0000022455596
0.0000030731819
0.0000042081068
0.0000050394676
0.0000016565751
0.0000022627972
0.00000047683714
0.0000024674175
0.00000081247325
0.0000019608736
0.0000034641217
0.0000033697604
0.0000050065278
-0.00000090518468
-0.00000040552619
0.0000047860048
0.0000010158395
0.0000013720178
-0.0000005360555
0.00000042322157
0.0000029075096
0.000003543105
0.0000028370999
-0.0000016372632
0.000003414111
0.0000032573412
0.0000025348233
0.0000040141628
-0.0000017482852
0.0000020643043
0.0000031220864
0.0000026255893
0.00000089959143
0.0000067564675
0.0000032653521
0.0000012563848
0.000002763791
0.00000030237673
0.0000060803029
0.0000029313897
0.0000021147012
-8.1536186E-10
0.0000039065216
0.0000036291645
0.0000044585083
0.0000031043862
0.0000041481779
0.0000033541535
0.0000071238038
0.000003756256
0.000005305247
0.0000048265455
-0.00000028704159
0.000001478691
0.0000041100309
0.0000027138947
0.0000043556259
0.000003827958
0.0000031950185
0.0000017732095
0.0000069969556
0.000004116597
0.0000028837347
-0.0000022372149
0.0000044303177
0.000004209318
0.00000052473064
0.00000042763708
-0.0000010438299
0.0000043868874
0.0000031971883
0.0000022742652
0.0000013235377
0.000001719427
0.000002778363
0.0000038364028
-0.00000050503251
0.0000026397513
0.0000036866282
0.0000034351061
-0.0000015317392
0.0000022715043
0.0000048154352
0.0000047730444
0.0000044160079
0.00000082167622
0.0000021337413
0.0000039776324
0.000003387904
0.0000018862199
0.000004207177
0.000000031242348
0.0000038924645
0.0000069256255
-0.0000012921952
0.0000066217039
0.0000059834859
0.0000029123401
-0.000001763749
0.0000054256913
0.00000039712902
0.0000040307186
-0.00000061156744
-0.00000096452713
0.000001514554
-0.000000050115589
0.0000055818794
-0.0000030313681
0.0000049215601
0.0000017773151
0.0000033613918
0.0000052487276
0.0000014498854
0.00000363986
0.0000019708918
0.0000032173585
0.0000034523915
-0.00000035955901
0.0000045794676
0.0000013872194
0.00000021106716
0.0000053708122
0.0000036532305
0.0000046222923
0.0000035438727
0.0000010251044
0.000003260188
0.0000018911933
0.00000028681276
0.0000044958638
0.0000058320662
0.0000011734867
0.000004944825
0.0000056095311
0.0000030206345
0.0000040784786
0.0000019238567
0.0000014626788
0.0000022960566
0.000000099945083
0.0000060983655
0.0000015509843
0.0000043674038
0.0000048902891
-0.0000006356525
-0.0000016813325
-0.000001776514
0.0000041107366
0.0000043633078
-0.00000079922669
0.000003306322
0.0000032240246
0.0000013753461
0.00000047228813
0.0000027244615
0.0000030151986
-0.0000026052044
0.0000087068125
0.0000011618948
-0.00000096416463
0.0000036406992
0.000002933483
0.0000014080333
0.00000042186735
0.0000015274858
0.0000021435355
0.0000056912229
0.0000012458324
0.0000027437781
0.0000027435349
0.0000012659931
0.0000033682774
0.000001930108
0.0000034227275
0.0000016972398
0.0000011087513
0.0000017995786
0.0000059864709
0.0000032343815
0.0000040292213
0.0000022467708
0.0000010125065
0.0000043128012
0.0000039088533
0.0000051270483
0.000001200509
0.00000073396679
0.0000012290811
0.0000024489687
0.0000044163606
0.0000045394418
0.000003299713
0.0000020943354
0.0000030215166
-0.0000018014859
0.0000035199879
0.0000038812969
0.00000055726047
0.0000030816411
0.0000034582661
0.0000092764946
0.0000031455993
0.0000031883667
0.0000047810314
0.0000006447458
0.0000043891524
0.0000013910913
0.0000068461462
0.0000034113024
0.0000032228134
0.0000065734907
0.000006651425
0.0000015957975
0.0000042676733
0.0000055865286
-0.0000010402917
0.0000045364569
0.0000061626099
0.0000023821114
0.0000021294593
0.0000054581687
0.0000091986986
0.00000108397
0.00000087203971
0.0000033935021
0.0000034386442
0.00000058597556
Field Data
-4.6898182
-3.7755643
-2.8663484
-1.963096
-1.0440097
-0.13073257
0.77677336
1.6723922
2.5837815
3.5044477
4.3999634
7.1243393
11.86105
16.614357
21.368228
26.115858
30.87067
35.645736
40.430325
45.209611
49.963672
54.696635
59.510879
64.209598
68.965305
73.710253
78.449998
83.210253
87.950604
92.703208
97.434085
109.60145
129.59999
149.60193
169.74991
189.7979
209.79514
229.80043
249.80197
269.78583
289.79207
309.78049
329.78232
349.77327
369.77093
389.77042
409.75837
429.94523
449.95569
469.95584
489.93518
511.74117
536.73181
561.72602
586.74095
611.73911
636.72662
661.73266
686.73036
711.73367
736.74084
761.74264
786.74458
811.98555
836.99191
861.99811
886.9908
911.99172
936.99268
962.06026
987.2401
1121.9651
1396.5625
1671.592
1946.6273
2224.3702
2499.3617
2774.3406
3049.3154
3324.2861
3599.2613
3874.2285
4149.219
4424.1867
4699.1769
4974.1372
5249.1167
5524.0842
5799.0451
6074.0379
6349.0097
6623.9679
6898.9689
7173.9091
7448.8715
7723.8541
7998.8023
8273.7507
8548.6904
8823.6161
9098.5407
9373.4235
9648.3043
9923.1672
10198.011
10472.841
10747.672
11022.491
11297.293
11572.069
11846.828
11856.804
11581.196
11305.688
11030.293
10754.967
10479.664
10204.428
9929.1849
9654.0136
9378.8838
9103.756
8828.644
8553.5742
8278.5077
8003.4484
7725.8128
7448.7247
7172.8434
6897.8108
6620.4165
6345.0186
6069.9911
5794.9723
5519.9391
5244.9252
4969.8752
4694.8696
4419.8323
4144.8323
3869.7965
3594.7658
3319.7533
3044.7473
2769.6935
2494.6777
2219.6656
1944.6691
1669.651
1394.6446
1120.2097
976.14555
926.15575
876.14105
826.16249
776.14777
726.15963
676.14807
626.15218
576.1551
526.14994
491.22515
471.26826
451.26416
431.27999
411.27459
391.28237
371.27372
351.28364
331.30283
311.29796
291.30335
271.31555
251.31929
231.32819
211.33488
191.33157
171.34052
151.33511
131.35051
111.34236
96.909606
86.924294
76.92707
66.93472
56.963366
46.935272
36.9302
26.933836
16.944248
6.9389074
-3.0564076
-13.064518
-23.059315
-33.06706
-43.064538
-53.069438
-63.062183
-73.059559
-83.065296
-93.052026
-107.46467
-127.44746
-147.44717
-167.4486
-187.44132
-207.4471
-227.44498
-247.44015
-267.42863
-287.42994
-307.42052
-327.42121
-347.4085
-367.40413
-387.39855
-407.3941
-427.38534
-447.3835
-467.38019
-487.37431
-521.10216
-571.14962
-621.13497
-671.14184
-721.14808
-771.14229
-821.13528
-871.14654
-921.19829
-971.64211
-1118.3024
-1392.7051
-1667.6999
-1942.6755
-2217.6601
-2492.6576
-2767.652
-3042.6341
-3317.6213
-3592.6103
-3867.5871
-4142.5621
-4417.5403
-4692.5347
-4967.4946
-5243.8688
-5520.2058
-5795.1942
-6070.1558
-6347.0683
-6622.8589
-6897.8284
-7172.7968
-7447.7797
-7723.9418
-8000.4453
-8275.3975
-8550.3378
-8825.2593
-9100.1863
-9375.0959
-9650.2078
-9927.5877
-10203.329
-10480.003
-10754.819
-11029.621
-11304.415
-11579.161
-11853.895
-11871.645
-11593.765
-11318.021
-11042.637
-10767.306
-10492.012
-10216.775
-9941.5282
-9666.3701
-9390.9126
-9111.6292
-8834.7506
-8557.6744
-8282.6049
-8007.5398
-7732.4887
-7457.446
-7182.436
-6907.4021
-6632.3778
-6357.3565
-6082.326
-5807.3197
-5532.2645
-5256.5123
-4979.4809
-4704.4409
-4429.4481
-4154.4093
-3879.3963
-3604.3608
-3329.3498
-3054.3276
-2779.2917
-2504.2844
-2229.2558
-1954.2638
-1679.2416
-1404.2391
-1129.3736
-977.47425
-927.55595
-877.41962
-827.05427
-777.06479
-727.05579
-677.05655
-627.06399
-577.06423
-527.05419
-491.70782
-471.73879
-451.7457
-431.74898
-411.75527
-391.75776
-371.76044
-351.76325
-331.7704
-311.77856
-291.78025
-271.78985
-251.78837
-231.79782
-211.67205
-191.59019
-171.61178
-151.60733
-131.62044
-111.62407
-96.88694
-86.920801
-76.907909
-66.911122
-56.923219
-46.913272
-36.921971
-26.92504
-16.925421
-6.9183892
3.0814783
13.070636
23.090288
33.082471
43.082344
53.076302
63.028097
73.088872
83.079594
93.032578
116.28387
156.24008
196.24308
236.24001
276.23657
316.23343
356.22593
396.22052
436.21692
476.21624
520.13639
570.10817
620.31169
670.60191
720.60926
770.60141
820.60317
870.60239
920.61103
970.7475
1126.2555
1401.1508
1676.1212
1951.1268
2226.1177
2501.0872
2776.0787
3051.0732
3326.0303
3601.0425
3876.0098
4151.0073
4425.9835
4700.9454
4975.9389
5250.9331
5525.8905
5800.8692
6075.8551
6350.8218
6625.7972
6900.7836
7175.7384
7450.7046
7725.6816
8000.6406
8275.5713
8550.5132
8825.4502
9100.3537
9375.2469
9650.1447
9925.0047
10199.834
10475.363
10752.224
11027.038
11301.819
11576.579
11851.321
Time Data
0
10
20
30
40
50
60
70
80
90
100
110
120
130
140
150
160
170
180
190
200
210
220
230
240
250
260
270
280
290
300
310
320
330
340
350
360
370
380
390
400
410
420
430
440
450
460
470
480
490
500
510
520
530
540
550
560
570
580
590
600
610
620
630
640
650
660
670
680
690
700
710
720
730
740
750
760
770
780
790
800
810
820
830
840
850
860
870
880
890
900
910
920
930
940
950
960
970
980
990
1000
1010
1020
1030
1040
1050
1060
1070
1080
1090
1100
1110
1120
1130
1140
1150
1160
1170
1180
1190
1200
1210
1220
1230
1240
1250
1260
1270
1280
1290
1300
1310
1320
1330
1340
1350
1360
1370
1380
1390
1400
1410
1420
1430
1440
1450
1460
1470
1480
1490
1500
1510
1520
1530
1540
1550
1560
1570
1580
1590
1600
1610
1620
1630
1640
1650
1660
1670
1680
1690
1700
1710
1720
1730
1740
1750
1760
1770
1780
1790
1800
1810
1820
1830
1840
1850
1860
1870
1880
1890
1900
1910
1920
1930
1940
1950
1960
1970
1980
1990
2000
2010
2020
2030
2040
2050
2060
2070
2080
2090
2100
2110
2120
2130
2140
2150
2160
2170
2180
2190
2200
2210
2220
2230
2240
2250
2260
2270
2280
2290
2300
2310
2320
2330
2340
2350
2360
2370
2380
2390
2400
2410
2420
2430
2440
2450
2460
2470
2480
2490
2500
2510
2520
2530
2540
2550
2560
2570
2580
2590
2600
2610
2620
2630
2640
2650
2660
2670
2680
2690
2700
2710
2720
2730
2740
2750
2760
2770
2780
2790
2800
2810
2820
2830
2840
2850
2860
2870
2880
2890
2900
2910
2920
2930
2940
2950
2960
2970
2980
2990
3000
3010
3020
3030
3040
3050
3060
3070
3080
3090
3100
3110
3120
3130
3140
3150
3160
3170
3180
3190
3200
3210
3220
3230
3240
3250
3260
3270
3280
3290
3300
3310
3320
3330
3340
3350
3360
3370
3380
3390
3400
3410
3420
3430
3440
3450
3460
3470
3480
3490
3500
3510
3520
3530
3540
3550
3560
3570
3580
3590
3600
3610
3620
3630
3640
3650
3660
3670
3680
3690
3700
3710
3720
3730
3740
3750
3760
3770
3780
3790
3800
3810
3820
3830
3840
3850
3860
3870
3880
3890
3900
3910
3920
3930
3940
3950
3960
3970
3980
3990
4000
4010
4020
4030
4040
4050
4060
4070
4080
4090
4100
4110
4120
4130
4140
4150
4160
4170
4180
4190
4200
Temperature Data
0
0
0
0
0
0
0
0
0
0
0
0
0
0
0
0
0
0
0
0
0
0
0
0
0
0
0
0
0
0
0
0
0
0
0
0
0
0
0
0
0
0
0
0
0
0
0
0
0
0
0
0
0
0
0
0
0
0
0
0
0
0
0
0
0
0
0
0
0
0
0
0
0
0
0
0
0
0
0
0
0
0
0
0
0
0
0
0
0
0
0
0
0
0
0
0
0
0
0
0
0
0
0
0
0
0
0
0
0
0
0
0
0
0
0
0
0
0
0
0
0
0
0
0
0
0
0
0
0
0
0
0
0
0
0
0
0
0
0
0
0
0
0
0
0
0
0
0
0
0
0
0
0
0
0
0
0
0
0
0
0
0
0
0
0
0
0
0
0
0
0
0
0
0
0
0
0
0
0
0
0
0
0
0
0
0
0
0
0
0
0
0
0
0
0
0
0
0
0
0
0
0
0
0
0
0
0
0
0
0
0
0
0
0
0
0
0
0
0
0
0
0
0
0
0
0
0
0
0
0
0
0
0
0
0
0
0
0
0
0
0
0
0
0
0
0
0
0
0
0
0
0
0
0
0
0
0
0
0
0
0
0
0
0
0
0
0
0
0
0
0
0
0
0
0
0
0
0
0
0
0
0
0
0
0
0
0
0
0
0
0
0
0
0
0
0
0
0
0
0
0
0
0
0
0
0
0
0
0
0
0
0
0
0
0
0
0
0
0
0
0
0
0
0
0
0
0
0
0
0
0
0
0
0
0
0
0
0
0
0
0
0
0
0
0
0
0
0
0
0
0
0
0
0
0
0
0
0
0
0
0
0
0
0
0
0
0
0
0
0
0
0
0
0
0
0
0
0
0
0
0
0
0
0
0
0
0
0
0
0
0
0
0
0
0
0
0
0
0
0
0
0
0
0
0
0
0
0
0
0
0
0
0
0
0
0
0
0
0
0
0
Angle Data
0
0
0
0
0
0
0
0
0
0
0
0
0
0
0
0
0
0
0
0
0
0
0
0
0
0
0
0
0
0
0
0
0
0
0
0
0
0
0
0
0
0
0
0
0
0
0
0
0
0
0
0
0
0
0
0
0
0
0
0
0
0
0
0
0
0
0
0
0
0
0
0
0
0
0
0
0
0
0
0
0
0
0
0
0
0
0
0
0
0
0
0
0
0
0
0
0
0
0
0
0
0
0
0
0
0
0
0
0
0
0
0
0
0
0
0
0
0
0
0
0
0
0
0
0
0
0
0
0
0
0
0
0
0
0
0
0
0
0
0
0
0
0
0
0
0
0
0
0
0
0
0
0
0
0
0
0
0
0
0
0
0
0
0
0
0
0
0
0
0
0
0
0
0
0
0
0
0
0
0
0
0
0
0
0
0
0
0
0
0
0
0
0
0
0
0
0
0
0
0
0
0
0
0
0
0
0
0
0
0
0
0
0
0
0
0
0
0
0
0
0
0
0
0
0
0
0
0
0
0
0
0
0
0
0
0
0
0
0
0
0
0
0
0
0
0
0
0
0
0
0
0
0
0
0
0
0
0
0
0
0
0
0
0
0
0
0
0
0
0
0
0
0
0
0
0
0
0
0
0
0
0
0
0
0
0
0
0
0
0
0
0
0
0
0
0
0
0
0
0
0
0
0
0
0
0
0
0
0
0
0
0
0
0
0
0
0
0
0
0
0
0
0
0
0
0
0
0
0
0
0
0
0
0
0
0
0
0
0
0
0
0
0
0
0
0
0
0
0
0
0
0
0
0
0
0
0
0
0
0
0
0
0
0
0
0
0
0
0
0
0
0
0
0
0
0
0
0
0
0
0
0
0
0
0
0
0
0
0
0
0
0
0
0
0
0
0
0
0
0
0
0
0
0
0
0
0
0
0
0
0
0
0
0
0
0
0
0
0
0
0
Bx Data
0
0
0
0
0
0
0
0
0
0
0
0
0
0
0
0
0
0
0
0
0
0
0
0
0
0
0
0
0
0
0
0
0
0
0
0
0
0
0
0
0
0
0
0
0
0
0
0
0
0
0
0
0
0
0
0
0
0
0
0
0
0
0
0
0
0
0
0
0
0
0
0
0
0
0
0
0
0
0
0
0
0
0
0
0
0
0
0
0
0
0
0
0
0
0
0
0
0
0
0
0
0
0
0
0
0
0
0
0
0
0
0
0
0
0
0
0
0
0
0
0
0
0
0
0
0
0
0
0
0
0
0
0
0
0
0
0
0
0
0
0
0
0
0
0
0
0
0
0
0
0
0
0
0
0
0
0
0
0
0
0
0
0
0
0
0
0
0
0
0
0
0
0
0
0
0
0
0
0
0
0
0
0
0
0
0
0
0
0
0
0
0
0
0
0
0
0
0
0
0
0
0
0
0
0
0
0
0
0
0
0
0
0
0
0
0
0
0
0
0
0
0
0
0
0
0
0
0
0
0
0
0
0
0
0
0
0
0
0
0
0
0
0
0
0
0
0
0
0
0
0
0
0
0
0
0
0
0
0
0
0
0
0
0
0
0
0
0
0
0
0
0
0
0
0
0
0
0
0
0
0
0
0
0
0
0
0
0
0
0
0
0
0
0
0
0
0
0
0
0
0
0
0
0
0
0
0
0
0
0
0
0
0
0
0
0
0
0
0
0
0
0
0
0
0
0
0
0
0
0
0
0
0
0
0
0
0
0
0
0
0
0
0
0
0
0
0
0
0
0
0
0
0
0
0
0
0
0
0
0
0
0
0
0
0
0
0
0
0
0
0
0
0
0
0
0
0
0
0
0
0
0
0
0
0
0
0
0
0
0
0
0
0
0
0
0
0
0
0
0
0
0
0
0
0
0
0
0
0
0
0
0
0
0
0
0
0
0
0
0
0
Hint Data
0
0
0
0
0
0
0
0
0
0
0
0
0
0
0
0
0
0
0
0
0
0
0
0
0
0
0
0
0
0
0
0
0
0
0
0
0
0
0
0
0
0
0
0
0
0
0
0
0
0
0
0
0
0
0
0
0
0
0
0
0
0
0
0
0
0
0
0
0
0
0
0
0
0
0
0
0
0
0
0
0
0
0
0
0
0
0
0
0
0
0
0
0
0
0
0
0
0
0
0
0
0
0
0
0
0
0
0
0
0
0
0
0
0
0
0
0
0
0
0
0
0
0
0
0
0
0
0
0
0
0
0
0
0
0
0
0
0
0
0
0
0
0
0
0
0
0
0
0
0
0
0
0
0
0
0
0
0
0
0
0
0
0
0
0
0
0
0
0
0
0
0
0
0
0
0
0
0
0
0
0
0
0
0
0
0
0
0
0
0
0
0
0
0
0
0
0
0
0
0
0
0
0
0
0
0
0
0
0
0
0
0
0
0
0
0
0
0
0
0
0
0
0
0
0
0
0
0
0
0
0
0
0
0
0
0
0
0
0
0
0
0
0
0
0
0
0
0
0
0
0
0
0
0
0
0
0
0
0
0
0
0
0
0
0
0
0
0
0
0
0
0
0
0
0
0
0
0
0
0
0
0
0
0
0
0
0
0
0
0
0
0
0
0
0
0
0
0
0
0
0
0
0
0
0
0
0
0
0
0
0
0
0
0
0
0
0
0
0
0
0
0
0
0
0
0
0
0
0
0
0
0
0
0
0
0
0
0
0
0
0
0
0
0
0
0
0
0
0
0
0
0
0
0
0
0
0
0
0
0
0
0
0
0
0
0
0
0
0
0
0
0
0
0
0
0
0
0
0
0
0
0
0
0
0
0
0
0
0
0
0
0
0
0
0
0
0
0
0
0
0
0
0
0
0
0
0
0
0
0
0
0
0
0
0
0
0
0
0
0
0
Torque Data
-4.80084448708498E-07
-5.98730081607647E-06
-1.1890779480364E-05
-1.92858092465184E-06
-5.03159263863748E-07
2.26137852832208E-07
5.39175711221928E-07
6.45559577956496E-06
9.61488786363975E-06
1.14663496164334E-05
1.29705799474602E-05
2.13806060337884E-05
5.5867207233105E-05
8.58687638193147E-05
8.87448727655756E-05
1.49359420249421E-04
1.51988385016104E-04
3.7442138511456E-05
1.64846406444233E-04
7.10090813259374E-05
1.01877521049137E-04
1.39843444610177E-04
2.44764656820996E-04
1.26114488794187E-04
1.11112251154443E-04
1.51134426581506E-04
2.08817843806409E-04
1.74755044645087E-04
3.69886194745192E-04
3.27441385838538E-04
4.15724855544782E-04
6.0542753733616E-04
4.55542746610094E-04
7.54685217240846E-04
2.54565554381446E-06
4.6787082226979E-04
1.50791463197055E-04
1.03479947122522E-03
2.46360485729606E-04
9.24658935725562E-04
1.06209451482999E-03
9.48094434676787E-04
1.88237169358258E-03
1.08269909288402E-03
4.26972459130885E-04
6.55331803786634E-05
8.98290491985628E-04
8.2556621250818E-04
1.71511014219053E-03
-1.72100723535974E-03
1.32372661371175E-03
3.02849499062457E-03
-2.58075811554314E-04
0.003150917850287
5.39446384752547E-04
2.26191997978973E-03
8.36671576885062E-04
1.31783794545936E-03
2.64262639543912E-03
2.20048905128277E-03
3.24522574268785E-03
-9.94922802675224E-04
3.27569634194247E-03
2.26175205212467E-03
-3.55729295555248E-03
2.77126065298873E-03
3.40613177449656E-03
1.7280184728688E-03
2.63773127924311E-03
2.42402790780364E-03
4.49261940553657E-03
1.03119145893731E-03
6.46531584665625E-03
6.5030341414896E-04
8.57450801895733E-03
7.54626220906376E-03
3.8352230407777E-03
1.72256460761852E-02
6.89074932693722E-03
5.66005450701736E-03
1.69448208233009E-02
7.6469731341339E-03
8.3281468229619E-03
1.73265759836483E-02
2.63654448625857E-02
0.015265698196962
2.28251687734728E-02
1.16234686249248E-02
1.62779590292067E-02
9.01351448276769E-03
1.31221211848416E-02
4.33397840377606E-03
6.11404340470135E-03
2.05623805230025E-02
3.16141704352925E-02
3.07928497966353E-02
2.13958354963438E-02
-9.24537364920408E-03
9.83660104603336E-04
3.20064506260898E-02
2.59667056227313E-02
5.87325978027464E-02
5.37861549846199E-02
3.34569604546872E-02
3.02144130603261E-02
6.29240260863573E-02
5.40124868977304E-02
4.69607111572495E-02
7.96363683076857E-02
5.31118888222987E-02
0.069571877585462
2.70504375220296E-03
0.0366191626922
3.88969403135064E-02
6.03064481669054E-02
5.54708352190782E-02
8.72122636879728E-03
0.006037401355167
3.88452967439036E-02
1.32619588672586E-02
4.38852969837196E-02
2.56612659371604E-02
4.15173393695544E-02
2.85748192656199E-02
0.030247402963944
7.83056014862875E-03
1.95027451611085E-02
1.84331727969725E-02
0.030753601941717
1.69982344573563E-03
2.02192809622784E-02
1.68009170112707E-02
3.79443022509448E-02
1.88872825921836E-02
3.59259065031586E-02
0.022474162512877
-1.07554565135635E-02
2.13908221489291E-02
2.50948177569648E-02
6.05874384559955E-03
2.51824662140821E-02
1.22683529638638E-02
1.10519344563479E-02
-1.61837696816684E-04
7.3820120153122E-03
1.54280403626169E-02
1.33753473174718E-03
9.74686121662484E-03
6.0386107430504E-03
5.8676296505068E-03
1.56852165469492E-03
7.87148221521388E-04
1.9481512083969E-03
2.08693617717988E-03
4.13925847436777E-03
4.69102703195899E-03
1.82192601560233E-03
9.45394085517999E-04
3.17043515442916E-03
2.2707436324302E-03
1.41634207641611E-03
1.55315906872354E-03
-3.09774128066122E-05
2.0503680792591E-03
1.41680725392478E-03
1.5496161520188E-03
2.80941618132509E-04
1.93966445311995E-03
1.28610304705183E-05
4.41076312128804E-04
1.36640391899214E-03
1.36763744705451E-04
5.27702151782135E-04
9.6454307815751E-04
9.81547972137249E-04
7.70635154805072E-04
3.97334100390774E-04
7.04089016278232E-04
5.68939064449661E-04
5.2512843688767E-04
4.22107192900056E-04
3.24578810372967E-04
9.88900402315874E-05
2.7600178804759E-04
1.9708690685744E-04
1.53656845564615E-05
9.13848707689888E-05
1.2654024455212E-04
7.67815494821084E-05
4.1240698400564E-05
1.49545604496857E-05
-7.78654098429196E-06
-5.67097255084884E-05
-8.495185390027E-05
-7.4254054026776E-05
-1.32345158713462E-04
-2.23321862919978E-04
-3.17799828013771E-04
-1.21028646256381E-04
-1.87959919205971E-04
-4.43706619490456E-05
-2.65160207389725E-04
-1.03547652030445E-04
-2.89125263047712E-04
-5.8006232889462E-04
-6.31632337459728E-04
-1.03858967317938E-03
2.05879711438906E-04
1.00343461282528E-04
-1.27991470683742E-03
-2.9198268653463E-04
-4.21786425525256E-04
1.75515940437155E-04
-1.47030770801345E-04
-1.06823103505465E-03
-1.37259373949775E-03
-1.15581776037059E-03
6.99742289401488E-04
-1.5274169285685E-03
-1.52241674895083E-03
-1.23540775680942E-03
-2.09178890567165E-03
9.98532427631624E-04
-1.28221158945137E-03
-2.09536281113498E-03
-1.89343868256354E-03
-6.93712995394575E-04
-5.5479738324234E-03
-2.84460018379673E-03
-1.15737952934199E-03
-2.68541571883901E-03
-3.38148622863152E-04
-8.46806885837479E-03
-4.88867830955103E-03
-4.1081782110606E-03
1.80819546398379E-06
-9.73762075580416E-03
-0.010044264386754
-0.013565609388713
-1.02991777805461E-02
-1.49027866497724E-02
-1.29724808080199E-02
-0.029510799629716
-1.65934122571168E-02
-2.48950556395709E-02
-2.39758387079043E-02
1.50520843810339E-03
-8.1626786346078E-03
-2.38184272335008E-02
-1.64737636537943E-02
-0.027645455076549
-2.53520257091262E-02
-2.20386893478254E-02
-1.27188714273296E-02
-5.21117838794813E-02
-3.17963556420546E-02
-2.30711617270619E-02
1.85138425904228E-02
-3.78807128963191E-02
-3.71483228261574E-02
-4.77514658131823E-03
-4.00913863539597E-03
1.00731754428532E-02
-0.043551209393525
-3.26219640998507E-02
-2.38343061187956E-02
-1.42344084031763E-02
-0.018964628147167
-0.031407768372645
-4.44223256820508E-02
5.98660234512645E-03
-3.13381903218885E-02
-0.042741900993173
-3.88786029770281E-02
1.69144399642704E-02
-2.44579818784158E-02
-5.05236039036224E-02
-0.04876512069981
-4.39018670692728E-02
-7.94262644488902E-03
-2.00377780593104E-02
-3.62427115227061E-02
-2.99312868967424E-02
-1.61416557510006E-02
-3.48463848353673E-02
-2.5017434505545E-04
-3.00984377614011E-02
-0.051647478182473
9.2811093235072E-03
-4.57387714244382E-02
-0.039684739049773
-1.85147842649456E-02
0.010727696400174
-3.15087239726086E-02
-2.19702277926579E-03
-2.11875218987388E-02
3.0452883865419E-03
4.53756087953162E-03
-6.7086383376474E-03
2.08200669016578E-04
-2.16543222914062E-02
1.09261443500105E-02
-0.016385595134623
-5.42850256382676E-03
-9.34228833018806E-03
-1.31443066485294E-02
-3.23216543728532E-03
-0.007113246635068
-3.30960349965888E-03
-4.51794060441735E-03
-3.8990398169644E-03
3.51459673630492E-04
-4.24771242021222E-03
-1.21717351880463E-03
-1.74563995934773E-04
-4.17346905432244E-03
-2.6561023872296E-03
-3.12955327772957E-03
-2.22223495531407E-03
-5.91551081255612E-04
-1.71829574558772E-03
-9.29914534741606E-04
-1.3530070435896E-04
-2.03098713943566E-03
-2.51798863314248E-03
-4.83189332999909E-04
-0.001937173565592
-2.08540174992968E-03
-1.06254820878213E-03
-1.35311847651344E-03
-5.99817271572352E-04
-4.267807859337E-04
-6.2404487890551E-04
-2.51650095380847E-05
-1.41358782846321E-03
-3.28300026298815E-04
-8.36751723848722E-04
-8.39231217165598E-04
9.6369578332825E-05
2.212977234363E-04
1.9830172309198E-04
-3.98276690320004E-04
-3.79262208985548E-04
6.14668535448912E-05
-2.21229714713284E-04
-1.83521858367187E-04
-6.45219856834392E-05
-1.74378086395042E-05
-7.335623486596E-05
-5.10335057036106E-05
1.80238179847525E-05
2.68298537809188E-05
1.51867040010928E-05
-2.22628389861134E-05
1.20443325703723E-04
1.26381323724152E-04
7.47332006568566E-05
2.65894962569329E-05
1.11642214118018E-04
1.78084059064587E-04
5.29469138359636E-04
1.44870212843388E-04
4.28688109846248E-04
5.38399738863492E-04
2.99078222603931E-04
9.30441395784518E-04
6.1036467311044E-04
1.21926428682407E-03
6.72481236120696E-04
4.83656077131996E-04
8.56988554476464E-04
3.11378136276605E-03
1.84394731804685E-03
0.002499373073987
1.50668878981223E-03
7.2962155971019E-04
3.32345068576969E-03
3.20761740904496E-03
4.46362050362544E-03
1.10520182701427E-03
7.12496426475525E-04
1.38425934882105E-03
3.43137445317996E-03
7.40235562850472E-03
8.85702655302024E-03
7.3455495142201E-03
5.23811546144688E-03
8.38796787495642E-03
-5.49646534966788E-03
1.17075864110334E-02
1.39767150920182E-02
2.15994704287261E-03
0.01279191470208
1.53062286972094E-02
4.36082946179948E-02
1.56523099206828E-02
1.67419002399678E-02
2.64194559934617E-02
3.74008605304936E-03
2.66678539942172E-02
8.83457295383034E-03
4.53611763227506E-02
2.35406596565606E-02
2.31260658704146E-02
4.89771373965472E-02
0.05138679173628
1.27674022678785E-02
3.53174346792563E-02
4.77676865364775E-02
-9.18104259182334E-03
4.12833623348055E-02
5.77759893608843E-02
2.29877197015196E-02
2.11348935609587E-02
5.56724146839958E-02
9.63597069625918E-02
0.01165508824928
9.61601501967898E-03
3.83527465103199E-02
3.98077362341918E-02
6.94458445971476E-03
dMdH Data
-2.62020101855732E-06
3.33628129468491E-07
-2.44426142681714E-06
2.03595788556527E-06
4.1013476380384E-06
-2.71218393030225E-06
1.81360633280104E-08
2.12922293469981E-06
4.90506765644271E-07
-2.72931228341391E-06
1.32601011483035E-07
2.49623013708647E-07
6.51352626708102E-07
1.96659311958612E-07
6.353117239549E-07
4.14817662612107E-07
2.71476038236958E-07
5.53330495054016E-07
-4.31745243954851E-07
5.4315184428639E-07
1.35877842273434E-06
-4.99195304600266E-07
1.52911846824635E-06
-1.41890722031446E-06
1.5562884988413E-06
1.13433739578817E-07
2.32495948221262E-07
-2.53533335400691E-07
1.33667353728608E-06
2.47484134548415E-07
8.62775958475807E-08
6.39870560550921E-07
1.12456591710604E-07
3.93262436234303E-07
4.16743030099277E-07
5.42060164302674E-07
3.20294032228476E-07
1.99600180786079E-07
4.63976028655125E-07
3.92168493430049E-07
3.21463577411322E-07
4.15854999267566E-07
4.76426983209903E-07
3.95740751667945E-07
-1.44354681044367E-07
4.24673065521977E-07
5.00407443257645E-07
3.60784909492335E-07
4.5761026792299E-07
3.23138301865828E-07
3.09364078402311E-07
3.30755834984618E-07
4.49854986414855E-07
1.95577201295385E-07
2.33964019751854E-07
3.64238773691335E-07
4.30389617868324E-07
1.58097744992539E-07
4.27590986953329E-07
4.36173705381295E-07
1.25665752065852E-07
2.85674231679621E-07
1.56657212460536E-07
5.22206350704381E-07
1.29030000559862E-07
3.98495320031576E-07
2.77671781678434E-07
3.66872712087856E-07
1.08416927361955E-07
4.62830184782748E-07
2.70654518463537E-07
3.04682746449893E-07
2.83626192826588E-07
3.17284144980662E-07
2.33226159876635E-07
2.34911588176362E-07
3.23296551117195E-07
2.3041249598145E-07
2.79693909205599E-07
2.21614603789723E-07
3.57386735581553E-07
1.94253256021571E-07
3.13274977388254E-07
2.39132521813504E-07
2.87330207306292E-07
3.39691504275774E-07
2.48801767481611E-07
2.70407174256412E-07
3.42911523501706E-07
1.68143424162042E-07
2.77005013853014E-07
2.46166741211851E-07
3.00620280337324E-07
2.17662123984953E-07
2.65997194004274E-07
2.299484048268E-07
3.47807806846666E-07
2.46132879318631E-07
2.80934812569359E-07
2.48841682410378E-07
3.23370178126822E-07
1.40637687317559E-07
3.50789793748083E-07
2.57927229939332E-07
2.1357821198559E-07
2.64246755278698E-07
2.4582252318799E-07
3.14823764019185E-07
2.95672475034211E-07
2.07511309911595E-07
9.34823576583745E-07
2.01439725987634E-07
2.66333464001045E-07
2.89866192196663E-07
2.82178581027583E-07
2.35232816206145E-07
2.46228691014256E-07
3.41345159969496E-07
1.76684123671329E-07
2.99309998408023E-07
2.76999270884294E-07
1.79952164936464E-07
3.25345421416671E-07
2.68444903323379E-07
2.14636262071487E-07
3.10962282934897E-07
2.80516557730195E-07
2.37188964964281E-07
2.65209651510403E-07
2.00275203924522E-07
3.04420621943741E-07
2.69760296697602E-07
3.12228836719527E-07
2.74505768758098E-07
1.88720279229523E-07
3.05738956553354E-07
2.34325046471781E-07
2.93063886243793E-07
2.86087272727272E-07
3.10271608277904E-07
2.3398078832654E-07
2.84566992409435E-07
2.98744100128724E-07
2.36877730829387E-07
3.24294204187542E-07
2.42337555329384E-07
1.96970943266551E-07
3.90877945851564E-07
1.99449467357851E-07
3.35929868978035E-07
2.8603417297086E-07
4.9037723695634E-07
1.3826774928171E-07
1.70209185698828E-07
5.91226542905768E-07
3.01999634313259E-07
4.74227358634683E-07
9.33670747735466E-08
3.7135268699692E-07
2.87309349675113E-07
1.89445663094897E-07
2.59428698559745E-07
7.02117565898991E-07
-6.21792148485526E-08
6.91334339728273E-07
-2.12584495368699E-07
9.51200855629941E-07
7.36930567561509E-07
1.05872034216831E-07
4.90227329645232E-07
7.12288961875225E-08
1.81424068681896E-07
7.68773360618437E-07
-4.06673969916614E-08
5.98032942019105E-07
5.376110253753E-08
1.10258323599811E-06
-3.8324937604378E-07
8.54394198532872E-07
2.00027438818681E-07
3.9921168198391E-07
4.53079483144843E-07
1.88932447647446E-09
9.68654120402107E-07
6.56758149394756E-07
-1.08032174409215E-06
1.41667346321946E-06
5.11359230216107E-07
3.37274169865664E-07
9.00680582528095E-07
1.14330563869172E-07
-6.14111930659751E-08
6.7659313140627E-07
9.63094583245277E-07
3.82898767069055E-07
1.97848654159462E-07
2.69641925216745E-07
4.15898231695997E-07
7.49711290632563E-07
-1.20882190667015E-06
1.33403863996086E-06
1.10538618481204E-07
6.40178282585097E-07
6.37794397700564E-07
6.05991080753395E-07
4.05306366460092E-07
2.89585196030781E-07
5.07353525876498E-07
7.25863097143956E-08
5.02951056705786E-07
-2.98895779912333E-08
3.14888136359295E-07
7.09450355701048E-07
4.45862420938968E-08
7.20557535552421E-07
2.15999559902078E-07
-6.62760289006578E-08
7.23852094392682E-07
-3.71890047802912E-07
1.18249365313403E-06
2.78485880362964E-07
3.65955235290662E-07
-4.09235906120496E-08
6.94987308743778E-07
2.99088073808388E-07
3.50503388292365E-07
2.21291225029749E-07
3.12105513838284E-07
4.0578401354598E-07
1.75331685823953E-07
4.41441919963474E-07
2.24200381410241E-07
2.49723449316132E-07
3.15919230651738E-07
2.56117651679403E-07
3.11552250475004E-07
4.25775906709373E-07
1.09135503729152E-07
4.50063857517733E-07
1.45909836393456E-07
3.02007660282612E-07
3.07193744885899E-07
2.03172833337334E-07
2.93200879727004E-07
1.99897876017558E-07
3.84730195510289E-07
3.10466929871861E-07
2.23478517639289E-07
2.75921074069979E-07
1.81546156276803E-07
3.56893962303283E-07
2.24020845948368E-07
2.65876733471919E-07
2.96070410196417E-07
3.43395418850016E-07
2.39998408700071E-07
3.01106155906372E-07
2.48576145439573E-07
3.13710641037533E-07
2.59434322565626E-07
2.67966269639183E-07
2.67940427149824E-07
2.85233356851019E-07
2.94214540948347E-07
2.31030743763417E-07
2.33362322426643E-07
2.37989534282865E-07
3.38188606738137E-07
2.29053380212998E-07
2.71579054649224E-07
6.44771830985916E-07
2.18198143083345E-07
2.87555848903333E-07
2.14708552421345E-07
3.25839807359143E-07
2.20831184115891E-07
3.07168004301745E-07
2.5538607533312E-07
2.19373879962102E-07
2.4851964459127E-07
2.9623851614525E-07
2.40067668646113E-07
1.81561245606805E-07
2.59222123863242E-07
2.73225138339979E-07
3.62631889128966E-07
1.87943908345867E-07
3.02916621213774E-07
2.51763146288513E-07
3.0200458650381E-07
3.04536775878814E-07
2.10189415355751E-07
3.21826081802489E-07
2.31493532934481E-07
2.76539226160299E-07
2.43940939546924E-07
2.83528214077952E-07
2.9742087792844E-07
1.97854266379872E-07
3.02224622108772E-07
2.71179175051948E-07
2.6621953303686E-07
3.09321574767419E-07
2.44828402401286E-07
3.21573354598224E-07
2.82783245087965E-07
2.21871799906906E-07
3.27762704247148E-07
2.57399950909537E-07
2.87924639505503E-07
3.93171662683218E-07
2.86675427648778E-07
-7.60837500471209E-08
4.78673532498036E-07
4.98553295613397E-07
3.1335059689256E-07
-3.22086895720819E-08
4.86886848763096E-07
1.59954367780965E-07
6.85170617739958E-07
9.80287367557129E-08
5.36313481425987E-07
8.29356542685505E-08
2.66803255733939E-07
1.70333569907735E-07
8.60370616141711E-07
-7.80439578903565E-08
9.68631092668529E-08
4.47397444586438E-07
6.26559136127541E-07
4.13987481942224E-07
4.56086921722428E-07
5.63514799904807E-07
-5.78873517737221E-09
3.8679812002224E-07
9.25330621765115E-07
1.13411928176467E-07
3.22479248367237E-07
1.78697636300596E-07
2.90678258103846E-07
5.36793120505823E-07
-5.52270041587808E-08
7.18042299867011E-07
3.19442636919247E-08
1.23777033076913E-06
2.68958467012863E-07
1.00999859778019E-07
6.29434173347802E-07
2.17734295676666E-07
4.91812167520043E-07
1.15850135014289E-06
1.34977346488384E-07
-7.49366345258298E-07
9.60108516827604E-07
4.04903142269907E-07
3.18411384158307E-07
8.47775702775228E-07
1.00464526838141E-06
2.72662976709792E-07
3.85040305500342E-08
-4.12781792942947E-07
8.99506609861145E-07
3.02211084168688E-07
4.22395168829207E-07
5.80807399436352E-07
3.4549647147301E-07
2.30202012877415E-07
5.50905362450271E-07
1.92973065075857E-07
4.72693285785858E-08
6.50977011690534E-07
3.24061320209126E-07
3.37152992459493E-07
3.56739242739444E-07
3.60680379984143E-08
3.16013974193948E-07
3.15495494558592E-07
4.52932665749585E-07
3.78809741676638E-07
3.6297250285072E-07
2.78923913882244E-07
2.30143694708494E-07
4.32945946181843E-07
1.00682567918617E-07
4.42912910936326E-07
2.41597377163649E-07
3.36218283110569E-07
1.47127015267578E-07
3.52110347396012E-07
2.68809129194996E-07
2.00703210890895E-07
2.62554895953599E-07
3.21595832657517E-07
2.76378290955948E-07
3.01071843516301E-07
1.79774337058745E-07
3.34928247066636E-07
3.02252501739226E-07
2.65619073559772E-07
2.49925536437685E-07
2.58497669246049E-07
2.29092784224965E-07
3.58308711104516E-07
2.53994854640315E-07
2.51609770999029E-07
2.79213628213662E-07
3.11062751449728E-07
2.54861117930734E-07
2.94407809789152E-07
2.41624060806792E-07
3.03729593893192E-07
2.62197805875491E-07
2.78680782944046E-07
2.19231719470958E-07
2.79625012249165E-07
2.97430118362643E-07
2.70279898404011E-07
2.82582492967128E-07
2.26544620759936E-07
3.19254063812595E-07
3.19254063812595E-07
dMdT Data
0
0
0
0
0
0
0
0
0
0
0
0
0
0
0
0
0
0
0
0
0
0
0
0
0
0
0
0
0
0
0
0
0
0
0
0
0
0
0
0
0
0
0
0
0
0
0
0
0
0
0
0
0
0
0
0
0
0
0
0
0
0
0
0
0
0
0
0
0
0
0
0
0
0
0
0
0
0
0
0
0
0
0
0
0
0
0
0
0
0
0
0
0
0
0
0
0
0
0
0
0
0
0
0
0
0
0
0
0
0
0
0
0
0
0
0
0
0
0
0
0
0
0
0
0
0
0
0
0
0
0
0
0
0
0
0
0
0
0
0
0
0
0
0
0
0
0
0
0
0
0
0
0
0
0
0
0
0
0
0
0
0
0
0
0
0
0
0
0
0
0
0
0
0
0
0
0
0
0
0
0
0
0
0
0
0
0
0
0
0
0
0
0
0
0
0
0
0
0
0
0
0
0
0
0
0
0
0
0
0
0
0
0
0
0
0
0
0
0
0
0
0
0
0
0
0
0
0
0
0
0
0
0
0
0
0
0
0
0
0
0
0
0
0
0
0
0
0
0
0
0
0
0
0
0
0
0
0
0
0
0
0
0
0
0
0
0
0
0
0
0
0
0
0
0
0
0
0
0
0
0
0
0
0
0
0
0
0
0
0
0
0
0
0
0
0
0
0
0
0
0
0
0
0
0
0
0
0
0
0
0
0
0
0
0
0
0
0
0
0
0
0
0
0
0
0
0
0
0
0
0
0
0
0
0
0
0
0
0
0
0
0
0
0
0
0
0
0
0
0
0
0
0
0
0
0
0
0
0
0
0
0
0
0
0
0
0
0
0
0
0
0
0
0
0
0
0
0
0
0
0
0
0
0
0
0
0
0
0
0
0
0
0
0
0
0
0
0
0
0
0
0
0
0
0
0
0
0
0
0
0
0
0
0
0
0
0
0
0
0
0
 
*********************************************** Results ***************************************
 
TotalArea 1.58999563474431
AreaFirstQuad 0.832053483090603
AreaSecondQuad 0
AreaThirdQuad 0.730596815983249
AreaFourthQuad 0.027345335670457
Coercivity 3.47469374646656
PositiveCoercivity 166.183628107828
NegativeCoercivity 173.133015600761
Retentivity 4.6999422787654E-05
PositiveRetentivity -6.3545131195678E-05
NegativeRetentivity -1.57543976770986E-04
Magnetization 0.00330179635
PositiveMagnetization 0.0031885493
NegativeMagnetization -0.0034150434
Flatness 2.41176369779802
Squareness 1.42345008006487E-02
SStar -11.2677412295857
SFD1 -19.5446892358007
SFD2 1615.7759745184
Slope 0
Intercept 0
SlopeAtHc 1.10258323599811E-06
dH1 71.3865032107353
dH2 5614.32667435
InitialSlope -2.62020101855732E-06
FieldAtHalfMs 5815.87786765113
FieldAtMs 11856.804
MomentMean 8.89131116325413E-05
MomentRMS 1.4058792392542E-03
SFD3 -34.5600600372252
dH3 123.560318235322
UserField1 0
UserField2 0
CenterField 0
ExchangeField 0
ExchangeMoment 0
ExRegionOneIntercept 0
ExRegionOneSlope 0
ExRegionTwoIntercept 0
ExRegionTwoSlope 0
NegativeIntercept 0
NegativeSlope 0
AutoCenterOffset 0
PinningField 0
PinningMoment 0
PinRegionOneIntercept 0
PinRegionOneSlope 0
PinRegionTwoIntercept 0
PinRegionTwoSlope 0
PositiveIntercept 0
PositiveSlope 0
TotalOffset 0
BHMax 0
BCoercivity 0
BRetentivity 0
BNegativeCoercivity 0
BPositiveCoercivity 0
BNegativeRetentivity 0
BPositiveRetentivity 0
MomentYMean 2.81822063255852E-06
MomentYRMS 2.08090718674636E-06
YOffCorrection 0
Mrt 0
Ms1 0
Ms2 0
Ms3 0
Hc2 0
Hex2 0
HsatValue 0
HsatIntercept 0
HsatSlope 0
CenterH 0
Span .0066035927
SpanAsPercentOfRange -103.1811359375
RMSAsPercentOfRange -21.9668631133469
SpanAsPercentOfMean 7427.01788155972
RMSAsPercentOfMean 1581.1832624466
