Start Time:  11/9/2018 8:30:48 PM         Time Completed:  11/9/2018 9:43:00 PM     Elapsed Time:  01:12:12
Sample ID:     BFO630_AfterEstaSi_Recal600C_300K_91118_SETd15 

Experiment:    C:\IDEASVSM\Default UserID\Experiments\HysCoFe2O4_Completa\HysCoFe2O4_Completa.exp
Data File:     C:\IDEASVSM\Default UserID\BFO630_AfterEstaSi_Recal600C_300K_91118_SETd15  (ProfileData)\BFO630_AfterEstaSi_Recal600C_300K_91118_SETd15 #5.txt
Plot File:     C:\IDEASVSM\Default UserID\BFO630_AfterEstaSi_Recal600C_300K_91118_SETd15  (ProfileData)\BFO630_AfterEstaSi_Recal600C_300K_91118_SETd15 #5.oc2
VSM Exp File:  C:\IDEASVSM\Default UserID\Experiments\HysCoFe2O4_Completa\HysCoFe2O4_Completa.stp
VSM Data File: C:\IDEASVSM\Default UserID\BFO630_AfterEstaSi_Recal600C_300K_91118_SETd15  (ProfileData)\BFO630_AfterEstaSi_Recal600C_300K_91118_SETd15 #5.dat

***DATA***

Field(Oe)	 Moment(emu)	
-4.6593842 	 0.000065172676 	
-3.7433824 	 0.000058579597 	
-2.8355031 	 0.000059575448 	
-1.9309141 	 0.000063817812 	
-1.0255025 	 0.000058460503 	
-0.12115792 	 0.000056254076 	
 0.80192366 	 0.000062851349 	
 1.7021809 	 0.000064283192 	
 2.6069734 	 0.000056393873 	
 3.5265057 	 0.000060393458 	
 4.4352151 	 0.000064483635 	
 7.008483 	 0.000061771359 	
 11.752203 	 0.000063250953 	
 16.506849 	 0.000063415723 	
 21.238457 	 0.00006424627 	
 26.009115 	 0.000072248568 	
 30.747527 	 0.00006405754 	
 35.502772 	 0.000062262361 	
 40.249573 	 0.000070638488 	
 45.004354 	 0.000078092533 	
 49.75682 	 0.000075085413 	
 54.500645 	 0.000082598707 	
 59.194062 	 0.000076465479 	
 63.990131 	 0.000081267824 	
 68.751295 	 0.000084324418 	
 73.491714 	 0.000083794497 	
 78.24011 	 0.000090805138 	
 82.99311 	 0.000090412306 	
 87.732894 	 0.000083996998 	
 92.469952 	 0.000094893499 	
 97.21025 	 0.000091613342 	
 108.932 	 0.00010069508 	
 128.91519 	 0.00010473568 	
 148.92046 	 0.00011373256 	
 168.91676 	 0.00011787088 	
 188.91126 	 0.00012416634 	
 208.91529 	 0.00013412771 	
 228.91574 	 0.00014527465 	
 248.91968 	 0.00014932613 	
 268.90558 	 0.00015763632 	
 288.90325 	 0.00016204224 	
 308.90306 	 0.00017378285 	
 328.89289 	 0.00017606711 	
 348.89862 	 0.00018331444 	
 368.88886 	 0.00019159832 	
 388.88113 	 0.00019754702 	
 408.88183 	 0.00020895199 	
 428.87246 	 0.00021492447 	
 448.87495 	 0.00022082678 	
 468.87345 	 0.00022735397 	
 488.8703 	 0.00023273657 	
 510.64867 	 0.00024408594 	
 535.61708 	 0.00025428493 	
 560.63485 	 0.00025757514 	
 585.62997 	 0.000271177 	
 610.62088 	 0.00027416137 	
 635.62023 	 0.00028325555 	
 660.62394 	 0.00029080255 	
 685.61701 	 0.00030124461 	
 710.63659 	 0.00030435738 	
 735.87876 	 0.00031157103 	
 760.88271 	 0.00032387526 	
 785.88177 	 0.00033060112 	
 810.88382 	 0.00033663497 	
 835.87444 	 0.00034182661 	
 860.88254 	 0.00035464042 	
 885.88054 	 0.00036657002 	
 910.87796 	 0.00037031571 	
 935.89249 	 0.00037593712 	
 960.89062 	 0.0003899158 	
 985.88311 	 0.0003892822 	
 1128.2403 	 0.00043670647 	
 1403.1872 	 0.00050875181 	
 1678.2005 	 0.00059910113 	
 1953.2149 	 0.00067164727 	
 2228.2307 	 0.00075857533 	
 2503.2279 	 0.00083005657 	
 2778.2058 	 0.00090883615 	
 3053.1712 	 0.00096588912 	
 3328.157 	 0.0010551286 	
 3603.1318 	 0.0011443062 	
 3878.1056 	 0.0012084968 	
 4153.0823 	 0.0012805982 	
 4428.0405 	 0.0013494619 	
 4703.0257 	 0.0014279235 	
 4977.9976 	 0.0015082909 	
 5252.9791 	 0.0015913622 	
 5527.9353 	 0.0016674474 	
 5802.9124 	 0.0017295572 	
 6077.8735 	 0.001815865 	
 6352.865 	 0.0018746143 	
 6627.823 	 0.0019533751 	
 6902.8087 	 0.0020272173 	
 7177.7768 	 0.0020926537 	
 7452.7418 	 0.0021837855 	
 7727.7015 	 0.002236708 	
 8002.6663 	 0.0023194169 	
 8277.6003 	 0.0023946742 	
 8552.5602 	 0.0024596777 	
 8827.4661 	 0.0025291134 	
 9102.3761 	 0.0026210035 	
 9377.2764 	 0.0026758003 	
 9652.1531 	 0.0027731169 	
 9927.0148 	 0.0028294807 	
 10201.856 	 0.0028909248 	
 10476.716 	 0.0029934265 	
 10751.53 	 0.0030406021 	
 11026.342 	 0.0031001359 	
 11301.159 	 0.0031746625 	
 11575.906 	 0.0032543557 	
 11850.69 	 0.0033393976 	
 11866.239 	 0.0033348879 	
 11591.067 	 0.0032732787 	
 11315.559 	 0.0032016407 	
 11040.161 	 0.0031335171 	
 10764.817 	 0.0030441831 	
 10489.53 	 0.002990571 	
 10214.287 	 0.0029235863 	
 9939.0584 	 0.0028397281 	
 9663.8831 	 0.0027620819 	
 9388.7326 	 0.0026857047 	
 9112.9831 	 0.0026304854 	
 8835.7552 	 0.0025444018 	
 8560.6695 	 0.0024727615 	
 8285.6271 	 0.002398527 	
 8008.2099 	 0.0023202209 	
 7732.7633 	 0.0022631514 	
 7457.729 	 0.0021780456 	
 7182.6805 	 0.0020989188 	
 6907.6669 	 0.0020418796 	
 6632.6428 	 0.0019586766 	
 6357.6198 	 0.0018928809 	
 6082.5988 	 0.0018131055 	
 5807.5712 	 0.001738691 	
 5532.519 	 0.0016728758 	
 5257.53 	 0.001569974 	
 4982.4873 	 0.0014982264 	
 4707.4707 	 0.0014386764 	
 4432.4512 	 0.0013634052 	
 4157.4141 	 0.0012886448 	
 3882.3962 	 0.0012091981 	
 3605.1249 	 0.0011275859 	
 3329.6276 	 0.0010585185 	
 3054.5773 	 0.00097328435 	
 2779.5573 	 0.00090377645 	
 2504.5524 	 0.00083222236 	
 2229.5274 	 0.0007469324 	
 1954.5233 	 0.00066169469 	
 1679.5179 	 0.00059381036 	
 1404.4847 	 0.00052218088 	
 1129.6514 	 0.00043442322 	
 975.42586 	 0.00039999966 	
 925.46417 	 0.00036443301 	
 875.45286 	 0.00034062899 	
 825.44983 	 0.00033110687 	
 775.4479 	 0.0003157108 	
 725.4584 	 0.00029545429 	
 675.44927 	 0.00029524522 	
 625.34527 	 0.00027147504 	
 574.95742 	 0.00025949976 	
 524.94993 	 0.00023878261 	
 490.76445 	 0.00022268638 	
 470.78728 	 0.00021588325 	
 450.78199 	 0.00021030652 	
 430.80185 	 0.00020114318 	
 410.79834 	 0.00018797035 	
 390.80314 	 0.00018890193 	
 370.80511 	 0.00017723369 	
 350.8112 	 0.0001662213 	
 330.82585 	 0.00016052402 	
 310.81929 	 0.00014747858 	
 290.82937 	 0.00014690654 	
 270.83331 	 0.0001383738 	
 250.83814 	 0.00012347712 	
 230.83659 	 0.00012836029 	
 210.84319 	 0.00010521483 	
 190.85614 	 0.00010646191 	
 170.85385 	 0.000088704895 	
 150.85298 	 0.000088030227 	
 130.86277 	 0.000084116938 	
 110.87682 	 0.000070417511 	
 95.756862 	 0.000077537295 	
 85.742051 	 0.000060450871 	
 75.745728 	 0.000058943223 	
 65.752446 	 0.000047416739 	
 55.731104 	 0.000042377418 	
 45.743423 	 0.000037877375 	
 35.759252 	 0.000034954005 	
 25.75534 	 0.000033430077 	
 15.758318 	 0.000021908763 	
 5.7549877 	 0.000027019893 	
-4.2442344 	 0.000020628544 	
-14.243116 	 0.0000094667394 	
-24.242712 	 0.000011201892 	
-34.240236 	 0.000009616221 	
-44.241524 	 0.0000031778763 	
-54.243439 	-0.000012588478 	
-64.243288 	-0.000010475112 	
-74.295035 	-0.000013761491 	
-84.338312 	-0.000013749123 	
-94.341006 	-0.00002451455 	
-108.70772 	-0.000022167496 	
-128.67986 	-0.000048346601 	
-148.68241 	-0.000044779195 	
-168.67137 	-0.000051476126 	
-188.68073 	-0.000059258103 	
-208.67218 	-0.000077677394 	
-228.67385 	-0.000085246195 	
-248.67545 	-0.000092997808 	
-268.66133 	-0.000090887896 	
-288.67414 	-0.00010023573 	
-308.65565 	-0.00010693609 	
-328.64553 	-0.00012080283 	
-348.65033 	-0.00012425255 	
-368.64196 	-0.00013365032 	
-388.64011 	-0.00014113774 	
-408.61466 	-0.00015289893 	
-428.62444 	-0.000163682 	
-448.62558 	-0.00016471874 	
-468.62464 	-0.0001778639 	
-488.61 	-0.00018120954 	
-521.81033 	-0.00018929651 	
-571.75328 	-0.00020907957 	
-621.76138 	-0.00022676059 	
-671.78928 	-0.00024860054 	
-722.24929 	-0.00026263255 	
-772.62335 	-0.00028614176 	
-822.74914 	-0.00030038548 	
-872.7469 	-0.00031251733 	
-922.74508 	-0.00032488314 	
-972.75239 	-0.00034230864 	
-1121.549 	-0.00035688172 	
-1396.1511 	-0.00047241617 	
-1671.1285 	-0.00053442417 	
-1946.1205 	-0.00066333872 	
-2221.0941 	-0.0007025995 	
-2496.0852 	-0.00079639575 	
-2771.087 	-0.00087537408 	
-3046.0721 	-0.00095807209 	
-3321.0351 	-0.0010475664 	
-3596.029 	-0.0010985783 	
-3871.0157 	-0.0011728975 	
-4146.0022 	-0.001267504 	
-4420.9865 	-0.0013177959 	
-4695.9726 	-0.0014306202 	
-4970.9524 	-0.0014859155 	
-5245.9132 	-0.0015544472 	
-5520.9111 	-0.0016608043 	
-5795.8543 	-0.0017406939 	
-6070.8426 	-0.0018191646 	
-6345.8124 	-0.0018904861 	
-6620.804 	-0.0019508221 	
-6898.249 	-0.0020337597 	
-7173.5079 	-0.0021120716 	
-7448.456 	-0.00216547 	
-7723.407 	-0.0022532443 	
-7998.366 	-0.0023250405 	
-8273.323 	-0.002429611 	
-8548.27 	-0.0024936695 	
-8823.1967 	-0.0025677493 	
-9098.1134 	-0.0026396949 	
-9373.0144 	-0.0027207477 	
-9647.898 	-0.0027831798 	
-9922.7597 	-0.0028622404 	
-10197.614 	-0.0029450668 	
-10472.436 	-0.003016756 	
-10747.252 	-0.0030841141 	
-11022.047 	-0.0031513539 	
-11296.839 	-0.0032386498 	
-11571.609 	-0.0033173248 	
-11848.79 	-0.0034010554 	
-11859.06 	-0.0033904053 	
-11582.137 	-0.0033139825 	
-11305.173 	-0.0032432289 	
-11029.749 	-0.0031686489 	
-10754.446 	-0.0030979275 	
-10479.16 	-0.003006074 	
-10203.886 	-0.0029555415 	
-9928.6881 	-0.0029063639 	
-9653.4813 	-0.0028135086 	
-9378.3348 	-0.0027504981 	
-9103.2132 	-0.0026717959 	
-8825.9531 	-0.0026067546 	
-8549.1409 	-0.0025236471 	
-8272.4817 	-0.0024641062 	
-7997.4383 	-0.0023861048 	
-7722.3819 	-0.0023123531 	
-7447.3505 	-0.002251901 	
-7172.3096 	-0.002190811 	
-6897.2931 	-0.0020956509 	
-6622.2751 	-0.0020182538 	
-6347.2361 	-0.0019487696 	
-6072.2219 	-0.0018778642 	
-5796.2293 	-0.0017798847 	
-5519.4232 	-0.0017181102 	
-5244.3961 	-0.0016520434 	
-4969.3785 	-0.001572994 	
-4694.3635 	-0.0014922636 	
-4419.3115 	-0.0014377869 	
-4144.3161 	-0.0013418996 	
-3869.2581 	-0.0012697981 	
-3594.255 	-0.0012061451 	
-3319.2298 	-0.0011274024 	
-3042.658 	-0.001065085 	
-2766.441 	-0.00097776682 	
-2491.4199 	-0.00090436696 	
-2215.6072 	-0.00084098084 	
-1938.6633 	-0.00075748203 	
-1663.6445 	-0.00068240427 	
-1388.6418 	-0.00058017964 	
-1114.6608 	-0.00049134636 	
-976.91092 	-0.00045472162 	
-926.94132 	-0.00044387757 	
-876.94397 	-0.00042463016 	
-826.67948 	-0.00041561062 	
-776.44149 	-0.00038804675 	
-726.43709 	-0.00037930033 	
-675.94288 	-0.00035305697 	
-625.93693 	-0.00033292208 	
-575.93582 	-0.00032441125 	
-525.94216 	-0.00030583107 	
-491.13133 	-0.00029677235 	
-471.15316 	-0.00030116363 	
-451.16492 	-0.00028385095 	
-431.17829 	-0.00028029008 	
-411.17964 	-0.00027275679 	
-391.1744 	-0.00026685606 	
-371.10901 	-0.00026139392 	
-350.80505 	-0.00025329722 	
-330.79592 	-0.00024989746 	
-310.80151 	-0.00023625636 	
-290.80218 	-0.00023825961 	
-270.80263 	-0.00022576308 	
-250.81044 	-0.00022222004 	
-230.82642 	-0.00020840072 	
-210.8207 	-0.00019387115 	
-190.82317 	-0.00020138427 	
-170.82622 	-0.00018510343 	
-150.8357 	-0.00017301276 	
-130.82716 	-0.00017251221 	
-110.84092 	-0.00016265945 	
-95.979183 	-0.00016341539 	
-85.993688 	-0.00015833252 	
-76.003069 	-0.0001503336 	
-65.998263 	-0.0001524125 	
-56.003358 	-0.00014058001 	
-45.998765 	-0.00013215032 	
-36.000875 	-0.00013226937 	
-26.003842 	-0.00012930602 	
-16.00325 	-0.00012565794 	
-5.9989944 	-0.00011523058 	
 3.9956284 	-0.00011916035 	
 13.999445 	-0.0001071582 	
 24.006307 	-0.00011671069 	
 33.988751 	-0.00010075695 	
 44.004635 	-0.00010060949 	
 53.998851 	-0.000092664363 	
 64.014276 	-0.000091806394 	
 73.988202 	-0.000090433793 	
 83.985184 	-0.000076871163 	
 94.030881 	-0.000080766381 	
 116.75441 	-0.000084939341 	
 156.66038 	-0.000060200409 	
 196.65682 	-0.000038758008 	
 236.66011 	-0.000015954886 	
 276.6554 	-0.0000050521783 	
 316.64542 	 0.000016333671 	
 356.64738 	 0.000014254444 	
 396.6417 	 0.000022501991 	
 436.63872 	 0.000055842546 	
 476.63783 	 0.000074328215 	
 520.46315 	 0.000069406028 	
 570.41718 	 0.000090376153 	
 620.42165 	 0.00010554806 	
 670.43061 	 0.00011465362 	
 720.4272 	 0.00013871176 	
 770.42184 	 0.00016721442 	
 820.4216 	 0.00017688202 	
 870.42535 	 0.00019635933 	
 920.42279 	 0.00020815048 	
 970.42877 	 0.0002347163 	
 1125.5919 	 0.00027914326 	
 1400.486 	 0.00036340001 	
 1675.4641 	 0.00045298336 	
 1950.4678 	 0.0004951684 	
 2225.4278 	 0.0005994345 	
 2500.4287 	 0.00068723634 	
 2775.4027 	 0.00075324951 	
 3050.3959 	 0.00083601092 	
 3325.3757 	 0.00089329774 	
 3600.3799 	 0.00098973776 	
 3875.3499 	 0.0010593361 	
 4150.3382 	 0.0011286134 	
 4425.3184 	 0.0012046001 	
 4700.3001 	 0.0012657473 	
 4975.2858 	 0.0013547511 	
 5250.253 	 0.0014213688 	
 5525.2301 	 0.001529201 	
 5800.2005 	 0.0016042188 	
 6075.1882 	 0.0016766246 	
 6352.2692 	 0.0017582237 	
 6627.8777 	 0.0018354059 	
 6902.8392 	 0.0018972867 	
 7177.8303 	 0.0019824705 	
 7452.7941 	 0.0020547481 	
 7727.7495 	 0.0021152992 	
 8005.1955 	 0.0022071976 	
 8280.4042 	 0.0022657552 	
 8555.3651 	 0.0023607963 	
 8830.2828 	 0.0024239691 	
 9105.2 	 0.0024968538 	
 9380.1013 	 0.0025786664 	
 9654.9854 	 0.0026458181 	
 9929.8579 	 0.0027105844 	
 10204.672 	 0.0027980307 	
 10479.514 	 0.0028730065 	
 10754.323 	 0.0029383218 	
 11029.124 	 0.0030250846 	
 11303.906 	 0.00309026 	
 11578.673 	 0.0031644207 	
 11853.393 	 0.0032392471 	

	
	
