Version 1.25
******************************************** Units *******************************************
System CGS
TemperatureUnit C
MomentUnit emu
AppliedFieldUnit Oe
 
******************************************** Setup ********************************************
 
Experiment CustomField
Minor False
Acquisition Continuous
EditedPoint No
MaxField 12000
FieldIncrement 114.285714285714
Points 421
MinField 0
RampRate 11.4285714285714
AverageTime 10
TimeInterval 0
TimeConstant 0.1
TimeConstantIndex 0
Sensitivity -0.0064
SensitivityIndex 5
SensitivityY -0.004
SensitivityIndexY 5
SaturationField 8000
ExperimentTime 4210
Use735Domains False
AutoRangeEnabled False
NumberOfVertices 20
VertexPts
0
10
30
50
70
110
150
160
180
200
220
230
270
310
320
340
360
370
380
420
VertexField
-5
5
100
500
1000
12000
1000
500
100
-100
-500
-1000
-12000
-1000
-500
-100
100
500
1000
12000
StartAngle 0
EndAngle 0
AngleIncrement 0
StartTemp 0
FinishTemp 0
TempIncrement 0
TempPoints 0
LengthofSetPointsArray 421
SetPointArray
-5
-4
-3
-2
-1
0
1
2
3
4
5
9.75
14.5
19.25
24
28.75
33.5
38.25
43
47.75
52.5
57.25
62
66.75
71.5
76.25
81
85.75
90.5
95.25
100
120
140
160
180
200
220
240
260
280
300
320
340
360
380
400
420
440
460
480
500
525
550
575
600
625
650
675
700
725
750
775
800
825
850
875
900
925
950
975
1000
1275
1550
1825
2100
2375
2650
2925
3200
3475
3750
4025
4300
4575
4850
5125
5400
5675
5950
6225
6500
6775
7050
7325
7600
7875
8150
8425
8700
8975
9250
9525
9800
10075
10350
10625
10900
11175
11450
11725
12000
11725
11450
11175
10900
10625
10350
10075
9800
9525
9250
8975
8700
8425
8150
7875
7600
7325
7050
6775
6500
6225
5950
5675
5400
5125
4850
4575
4300
4025
3750
3475
3200
2925
2650
2375
2100
1825
1550
1275
1000
950
900
850
800
750
700
650
600
550
500
480
460
440
420
400
380
360
340
320
300
280
260
240
220
200
180
160
140
120
100
90
80
70
60
50
40
30
20
10
0
-10
-20
-30
-40
-50
-60
-70
-80
-90
-100
-120
-140
-160
-180
-200
-220
-240
-260
-280
-300
-320
-340
-360
-380
-400
-420
-440
-460
-480
-500
-550
-600
-650
-700
-750
-800
-850
-900
-950
-1000
-1275
-1550
-1825
-2100
-2375
-2650
-2925
-3200
-3475
-3750
-4025
-4300
-4575
-4850
-5125
-5400
-5675
-5950
-6225
-6500
-6775
-7050
-7325
-7600
-7875
-8150
-8425
-8700
-8975
-9250
-9525
-9800
-10075
-10350
-10625
-10900
-11175
-11450
-11725
-12000
-11725
-11450
-11175
-10900
-10625
-10350
-10075
-9800
-9525
-9250
-8975
-8700
-8425
-8150
-7875
-7600
-7325
-7050
-6775
-6500
-6225
-5950
-5675
-5400
-5125
-4850
-4575
-4300
-4025
-3750
-3475
-3200
-2925
-2650
-2375
-2100
-1825
-1550
-1275
-1000
-950
-900
-850
-800
-750
-700
-650
-600
-550
-500
-480
-460
-440
-420
-400
-380
-360
-340
-320
-300
-280
-260
-240
-220
-200
-180
-160
-140
-120
-100
-90
-80
-70
-60
-50
-40
-30
-20
-10
0
10
20
30
40
50
60
70
80
90
100
140
180
220
260
300
340
380
420
460
500
550
600
650
700
750
800
850
900
950
1000
1275
1550
1825
2100
2375
2650
2925
3200
3475
3750
4025
4300
4575
4850
5125
5400
5675
5950
6225
6500
6775
7050
7325
7600
7875
8150
8425
8700
8975
9250
9525
9800
10075
10350
10625
10900
11175
11450
11725
12000
FieldDomainFile C:\IDEASVSM\Default UserID\Experiments\HysCoFe2O4_Completa\fdomain.ini
TempDomainFile C:\IDEASVSM\Default UserID\Experiments\HysCoFe2O4_Completa\tdomain.ini
NumSelectedResults 0
ResultsSelected 
UserName1 
UserValue1 
UserName2 
UserValue2 
LinearBackgroundCorrection Off
MaxLinearFieldCorrection 
MinLinearFieldCorrection 
AutoLinearCorrection Off
FitOneRegion Off
BackgroundMode Off
BackgroundFilename 
AutoCenter Off
OffsetCorrection 
SmoothDeriv Off
DerivOrder 0
DerivPoints 0
MinExFieldOne 
MaxExFieldOne 
MinExFieldTwo 
MaxExFieldTwo 
MinPinFieldOne 
MaxPinFieldOne 
MinPinFieldTwo 
MaxPinFieldTwo 
HCenterStart 
Mass 
Volume 
Density 
MolarWeight 
NumberOfMoles 
Demagnetization 
SampleArea 
Thickness 
MomentScaling 0
XAxis 0
YAxis 0
SimpleSpinValve False
HsatMax 0
HsatMin 0
FieldAutoRange False
 
*************************************************** Experiment Data ********************************************
 
DataPoints 421
MomentX Data
-0.000052942572
-0.000064987593
-0.000066745257
-0.000067550037
-0.000068110529
-0.000064601968
-0.000062514818
-0.000068034366
-0.00006516914
-0.00006599955
-0.000069447604
-0.00006287672
-0.000058307439
-0.00005668101
-0.000057433625
-0.000059050994
-0.000052347971
-0.00005253722
-0.000051020131
-0.000048215253
-0.000045181748
-0.000044752894
-0.000041328319
-0.000047044566
-0.000040717004
-0.000038759067
-0.000037041689
-0.000034019669
-0.000036532326
-0.000031424314
-0.000027373463
-0.000020702687
-0.000020433235
-0.000014130631
-0.0000038760389
0.0000054578125
0.000011783964
0.000019723901
0.000021518578
0.000027483962
0.00003879213
0.000047372893
0.000057453945
0.000059048927
0.000070930878
0.000071971521
0.000080350591
0.000094128988
0.000095030071
0.0001051708
0.00011201423
0.00011788645
0.00012104825
0.00013445523
0.00013874917
0.000149757
0.00015900876
0.00016428508
0.00016968886
0.00018144874
0.00019164874
0.00019211689
0.00020066422
0.000208299
0.00021907362
0.00021904609
0.00022743356
0.0002392818
0.00024494182
0.00026298561
0.00026511693
0.0002980869
0.00038445505
0.00046686187
0.00052659248
0.00061955217
0.00068288993
0.0007522086
0.00084962234
0.00091872275
0.0009854477
0.0010454212
0.0011291214
0.0011996081
0.0012672167
0.001345078
0.0014231461
0.0014973052
0.0015697711
0.0016509455
0.0017266468
0.0018000846
0.0018756662
0.0019371729
0.0020207298
0.0020821574
0.0021648979
0.00224089
0.0022957786
0.0023817757
0.0024617779
0.0025302242
0.0026003584
0.0026811645
0.0027471377
0.0028224455
0.0028867343
0.0029500304
0.003047659
0.0031050179
0.0031803711
0.003181248
0.0031181437
0.0030416113
0.0029825048
0.0029176963
0.002824039
0.0027610002
0.0026907188
0.0026169489
0.0025487345
0.0024671255
0.0023863828
0.0023194761
0.0022416779
0.0021994761
0.0021207501
0.0020458724
0.0019578789
0.0018922627
0.0018186322
0.0017393711
0.0016712561
0.0015937791
0.0015389403
0.0014509597
0.001368575
0.0012915792
0.0012312577
0.0011619669
0.0010840518
0.0010104523
0.00095263791
0.00085077532
0.00077998399
0.00072034522
0.00063307621
0.00057403062
0.00048366022
0.0004010716
0.00033227699
0.00026816189
0.00025981642
0.00024805086
0.000220699
0.00021756732
0.00020609885
0.0001757166
0.00014938538
0.00015206793
0.00011588878
0.00012940476
0.0001162431
0.00011657468
0.000099116708
0.000099450748
0.000079902178
0.00008052468
0.000075628931
0.000071787428
0.000061016456
0.000050476155
0.000047751893
0.00003605299
0.00003246626
0.000021197646
0.0000098886164
0.0000083007497
-0.0000067976862
-0.000012109204
-0.00001192746
-0.000020548394
-0.000032098014
-0.00002790597
-0.0000378185
-0.000046044894
-0.000045283083
-0.000048005295
-0.000051436291
-0.000057986424
-0.000063091202
-0.000059836476
-0.000070623554
-0.000075043362
-0.000080447577
-0.000081901823
-0.000087795454
-0.000089599296
-0.000092451796
-0.000099831983
-0.00010397123
-0.00010939821
-0.00011445012
-0.00012101612
-0.00012419854
-0.00014213096
-0.00015014104
-0.00015633357
-0.00015929003
-0.00017278029
-0.00018087941
-0.00017401227
-0.00018557972
-0.00019902496
-0.00019591561
-0.00021557296
-0.00020966573
-0.00022421864
-0.00023014131
-0.00023563584
-0.00024027972
-0.00027235985
-0.00027277241
-0.00028659598
-0.00029779804
-0.00032145494
-0.00035505843
-0.00035639172
-0.00037779203
-0.00037641893
-0.00040645643
-0.00041852082
-0.0005229128
-0.00062484875
-0.0006923363
-0.00075728613
-0.00081968487
-0.00092341311
-0.0010053665
-0.0010973453
-0.0011535521
-0.0012247627
-0.0012782454
-0.0013745068
-0.0014248384
-0.0015103975
-0.0015821318
-0.0016954247
-0.0017261966
-0.0018296221
-0.0019123301
-0.0019638538
-0.0020563128
-0.0021117328
-0.0021877479
-0.0022793181
-0.0023566327
-0.0024108465
-0.0024809333
-0.0025599648
-0.0026466812
-0.0027242987
-0.0027985999
-0.0028705491
-0.0029431847
-0.0030155278
-0.0030890791
-0.0031697607
-0.0032490735
-0.0033212283
-0.0034018831
-0.0034004174
-0.0033343007
-0.0032733097
-0.0031952418
-0.0031123331
-0.0030435549
-0.0029781973
-0.0028940851
-0.0028339988
-0.0027678855
-0.0027029022
-0.0026385498
-0.0025475642
-0.0024847841
-0.0024039874
-0.0023271022
-0.0022635373
-0.0021757067
-0.002103455
-0.0020330956
-0.0019703798
-0.0018927239
-0.0018282097
-0.0017397413
-0.001654234
-0.0016006614
-0.0015284847
-0.0014545699
-0.0013776027
-0.0012948657
-0.0012323516
-0.0011515072
-0.0010839003
-0.0010001124
-0.00092924846
-0.00084081135
-0.00076770383
-0.00069829341
-0.00064891426
-0.00052211562
-0.00049241443
-0.0004747651
-0.00046521141
-0.00043348818
-0.00043020984
-0.00040797195
-0.00038826958
-0.00038126413
-0.00035587366
-0.00036054886
-0.00032921741
-0.00032585586
-0.00032836285
-0.0003156514
-0.00030922301
-0.00029467552
-0.00029599118
-0.00028316769
-0.00027863859
-0.000272973
-0.00027624558
-0.00026442272
-0.00025391313
-0.00024393699
-0.00022899797
-0.00022740751
-0.00022721349
-0.00021252614
-0.0002021982
-0.00020275697
-0.00018996468
-0.00018760518
-0.00018362212
-0.00018707211
-0.00017937331
-0.00017465604
-0.00016678987
-0.00016054204
-0.00016712056
-0.00015377026
-0.00015282845
-0.00013755617
-0.0001413314
-0.00014462453
-0.00012352171
-0.00012977477
-0.00012881106
-0.00011524972
-0.00011769366
-0.00010927284
-0.000097545792
-0.00009696183
-0.000065894832
-0.000051458748
-0.000058813052
-0.000031218916
-0.000023881121
0.0000036835873
0.000016247527
0.000026528099
0.000050619147
0.000059840012
0.000073669743
0.000099406017
0.00010933804
0.00012516704
0.00013839126
0.00016264038
0.0001770571
0.00019163926
0.00020668704
0.00030453619
0.00036260259
0.0004587999
0.00055650484
0.0006241013
0.00069916438
0.00079492076
0.00081837493
0.00094930645
0.0009867054
0.0010706598
0.0011239584
0.0012308724
0.0012986821
0.0013573823
0.0014494005
0.0015173029
0.001603656
0.0016718271
0.0017451301
0.0018115972
0.0019037124
0.001968429
0.0020555935
0.0021186161
0.0021945135
0.0022766858
0.0023583378
0.0024251449
0.0024854531
0.0025716611
0.002651
0.0027248286
0.002791032
0.0028616281
0.0029443309
0.002995628
0.0030945565
0.0031680214
MomentY Data
0.0000077934118
0.0000012553834
0.000000662055
0.0000053985165
0.0000010566473
0.0000035411928
0.0000037920473
0.0000031619404
0.0000014664507
0.0000057385824
0.0000036638497
0.00000088014125
0.00000171597
0.0000025058984
0.0000050735137
-0.0000002779627
-0.000000098566948
0.00000035644054
0.0000064173029
0.0000036651895
0.0000028871821
0.000003534436
0.0000061035249
0.0000040863274
-0.00000017090796
-0.00000076468467
0.0000036461446
0.0000022477101
0.0000036102389
0.0000011709117
0.0000038612364
-0.00000012423033
0.000005760083
0.0000031671904
-0.00000045230389
0.0000012544822
0.0000039344976
0.0000013474225
0.0000036613987
0.0000048272989
-0.00000093718521
-0.00000077044
0.0000038967941
0.0000035989998
0.0000010054636
-0.0000012808894
0.0000023291682
-0.0000026296185
0.0000011376476
0.0000042509792
0.000004874439
0.00000049348352
0.0000040296935
0.0000027039908
0.0000028076504
0.0000011993646
0.0000018614434
0.00000062769888
0.0000048950574
0.00000091616627
0.0000043351219
0.0000039706324
0.000002496662
0.0000013839482
-0.0000010417508
0.0000053004168
0.0000021920537
0.0000050954054
0.0000027219628
0.0000020207595
0.0000026451539
-0.000001529684
0.0000041186951
0.0000045256708
0.0000022891187
0.0000026049756
-0.00000044651026
0.000002972164
0.00000092481131
0.0000037816189
0.0000024837636
0.0000035162257
0.000001595826
0.0000019310569
0.0000025975704
0.0000039848279
0.000004269819
0.0000033746242
0.0000036420439
0.0000026132058
0.0000024698924
0.0000034269046
0.0000021749448
0.0000030022191
0.0000032462118
0.00000076339712
0.0000033355235
-0.00000068219179
0.00000057339189
0.000001711421
0.0000044318053
-0.00000030282495
0.0000048915002
0.0000031842612
-0.00000035069463
0.0000027430056
0.0000018019055
0.0000034030627
0.0000029037427
0.0000019561338
0.0000033047054
0.0000013374328
0.0000027288579
0.0000027418994
0.0000034622954
0.0000038475416
0.0000045507334
0.0000030985258
0.0000019711303
0.0000034173488
0.0000043688343
0.0000039205454
0.00000088887209
-0.000000024352064
0.0000069234082
0.0000064009139
0.0000016350364
0.0000014677523
0.0000022967195
0.0000042654655
0.0000011863518
0.000002459402
0.0000025899457
0.0000015434742
0.0000040837525
0.0000032456969
0.0000012625265
0.0000039095734
-0.00000030693534
0.0000045235679
0.0000024886893
0.00000042407509
0.0000023498439
0.0000019935845
-0.00000095602982
0.0000054737279
0.00000095488071
0.0000013354492
0.0000035285853
-0.0000012015294
0.0000031191777
0.00000077414505
0.0000053995321
0.000007041044
0.0000036493968
0.0000026408003
0.0000026125668
0.0000040875338
0.0000039773414
0.00000068153376
0.0000035105751
0.0000034212016
0.000003717141
0.0000037058637
0.0000012599993
-0.00000029007437
0.0000042357347
0.0000030343436
0.0000020806645
0.0000049429176
0.0000023654651
0.0000012061453
0.0000027033566
0.00000069034574
0.00000046865464
0.0000053201149
0.0000026594399
0.0000036666582
0.0000020694351
0.000000963912
-0.00000077857014
0.0000024552154
0.0000026143025
0.0000026851176
0.00000076656817
0.0000046939705
-0.0000015143155
0.0000041545771
0.0000028828572
0.00000015640257
0.000001501212
0.0000022877311
0.0000021732138
0.0000047026966
0.0000048684547
0.0000025896357
0.0000047394321
-0.0000009935951
0.0000021550654
0.0000034320734
0.0000055991505
0.0000012920999
0.0000056501767
0.0000028351782
0.0000033401631
0.00000034116747
0.0000042634866
0.0000026400994
0.0000055169056
0.0000020611333
0.0000017047118
0.0000058190963
0.0000015356063
0.0000056116865
0.0000038304137
0.0000026145457
0.0000053675649
-0.000000087690342
0.000001202712
0.000002831993
-0.0000010480785
0.0000017052841
0.0000025447701
0.0000010670566
0.0000013338375
0.0000023604916
0.0000030875443
-0.00000051005362
-0.00000037230963
0.0000063872954
0.0000054249809
0.00000060625074
0.0000033498667
0.0000020167779
0.0000048143194
0.00000041635031
0.0000037528275
0.0000023478793
0.000004665427
0.0000029501008
0.0000011029052
0.0000048434256
0.0000019787978
0.0000024475574
0.0000049853418
0.0000041653822
0.0000030522393
0.0000020067547
0.0000039621161
-0.00000012385374
0.00000064639563
0.000001564927
0.0000020870017
0.0000066596267
0.0000029568099
0.0000060223863
0.000001228075
0.0000027289627
0.0000040089796
0.00000020411016
-0.00000071101184
0.0000048491952
0.0000041701839
0.0000043210552
-0.00000090011117
0.0000015473746
0.00000067298411
0.0000039916943
0.0000019211386
0.0000035046481
0.0000008753633
0.0000032349156
0.000001481285
0.0000043126343
0.0000014881754
0.0000037343834
0.0000029674052
0.0000034358309
0.000005419378
0.00000037874695
0.0000020887898
0.0000029874276
0.0000043679044
0.0000026352929
0.00000032268522
0.0000047067497
-0.000000019087818
0.000003185048
0.00000094437591
0.0000030972432
0.00000043763631
0.000003537998
0.00000018090726
0.00000076832296
-0.00000059939386
0.0000017836475
0.0000056584404
0.0000050934455
0.0000039165639
0.0000013661957
0.0000026284312
0.0000048032758
0.00000084314825
0.0000044470976
0.0000049580715
0.0000072076651
0.00000093008514
0.0000041200064
0.000003391175
-0.00000033634185
0.000001447401
0.0000065188214
0.000004827833
0.0000010712575
0.0000019712256
0.0000026734827
0.0000017743635
0.0000039157198
-0.00000076721669
0.00000026386262
0.0000017380618
0.0000010613775
0.0000027223777
0.0000009762811
0.0000032870148
-0.0000003799104
0.0000024535989
0.0000042750642
0.0000029966305
0.0000072409864
0.0000013393068
0.0000036886833
0.0000035496948
0.0000037571
0.0000027736949
0.0000049799678
0.0000033095263
0.0000042472456
0.0000016794347
0.0000023170709
0.0000026506709
0.0000052635667
0.0000035846852
0.0000035624932
0.0000047300813
0.0000046663472
0.0000019603347
0.0000031469153
0.0000048249386
0.00000018549441
0.0000020384454
0.0000020315122
0.0000038558767
0.0000049981544
0.0000030749415
0.0000018846988
0.0000021891785
0.0000033426046
0.0000050015781
0.0000010317468
0.0000036517523
0.0000032830571
0.0000057679507
0.0000055855749
0.0000058602998
0.0000038377045
0.0000046958302
0.000002733588
0.0000044290159
0.0000038737676
0.000002556734
-0.0000020079803
0.0000033721732
0.00000094159123
-0.00000095331664
0.0000044360302
0.0000015906382
0.0000053985784
0.000005157747
-0.000002071762
0.0000022439621
0.0000014463854
0.0000034874486
-0.00000008004665
0.000005106387
0.0000035238694
0.00000514307
0.0000042326305
0.0000032737492
0.0000023232602
-0.00000012043955
0.0000023196792
0.0000056446502
0.0000010291434
0.0000031059073
0.0000045340393
0.0000024386643
0.0000029548739
0.00000031011576
0.0000051330708
0.0000032033585
0.00000085120674
6.0272121E-09
0.0000013059282
0.0000043296717
0.0000029785202
0.0000019229888
0.0000039186142
0.0000058721253
0.0000036529159
0.0000051398227
0.0000048561666
0.0000025176524
0.0000026873206
-0.0000013431405
0.0000019238471
0.0000023501205
0.0000045198248
0.0000046469495
0.0000039910887
0.0000021364211
Field Data
-4.5378538
-3.6271985
-2.7224038
-1.8080471
-0.89718619
0.0091383683
0.92365527
1.8336015
2.7376725
3.6513296
4.5655019
7.0146675
11.745193
16.495717
21.238766
25.995206
30.762096
35.504367
40.300952
45.036942
49.799189
54.552796
59.281837
64.036207
68.804271
73.547572
78.277845
83.050252
87.782779
92.518549
97.27177
108.70904
128.65995
148.68148
168.67351
188.66855
208.67455
228.67089
248.67061
268.65471
288.65833
308.65334
328.65744
348.65112
368.65421
388.62999
408.63738
428.64191
448.62628
468.61258
488.61463
510.45457
535.4218
560.41651
585.41683
610.41675
635.42865
660.42038
685.41777
710.42319
735.42932
760.42377
785.41926
810.42021
835.42652
860.44065
885.43005
910.42633
935.43135
960.4357
985.43472
1123.0306
1397.7669
1672.7949
1947.8134
2222.8326
2500.2909
2775.544
3050.5104
3325.5054
3600.4917
3875.4516
4150.4181
4425.4077
4700.3717
4975.3426
5250.3246
5525.2879
5800.2601
6075.2463
6350.2
6625.1924
6900.1669
7175.1174
7450.0968
7725.0584
8000.0009
8274.9599
8549.8956
8824.8191
9099.7296
9374.6329
9649.5101
9924.3618
10199.216
10474.055
10748.875
11023.701
11298.506
11573.254
11848.017
11870.099
11595.186
11319.36
11041.542
10766.184
10489.522
10212.898
9937.6867
9662.4998
9387.3469
9112.2309
8837.1219
8562.0486
8286.989
8011.9326
7736.9031
7461.8533
7186.8055
6911.7807
6636.776
6361.7482
6086.7355
5811.6739
5536.6619
5261.6381
4986.6333
4711.6022
4436.5477
4161.5548
3886.5153
3611.4938
3336.4702
3061.4555
2786.444
2511.4113
2236.3931
1961.4071
1686.4086
1411.3536
1136.3887
977.15881
927.22805
877.23537
827.23799
777.23514
727.24003
677.22827
627.2364
577.23382
527.20271
491.40605
471.43608
451.44562
431.43938
411.45121
391.44526
371.45467
351.46637
331.47032
311.46807
291.47578
271.48894
251.47925
231.49505
211.4881
191.50677
171.51356
151.51282
131.51695
111.52738
96.743016
86.734128
76.758108
66.745268
56.780297
46.752101
36.742086
26.75504
16.755775
6.7595567
-3.2534946
-13.237251
-23.247393
-33.324494
-43.345347
-53.350968
-63.350405
-73.403284
-83.437252
-93.447977
-107.83189
-127.82072
-147.81206
-167.80381
-187.80981
-207.80321
-227.80871
-247.79884
-267.79464
-287.8007
-307.78891
-327.78239
-347.777
-367.77795
-387.76661
-407.76722
-427.74877
-447.76043
-467.74713
-487.74166
-521.59371
-571.57332
-621.57256
-671.67339
-722.06869
-772.06939
-822.07465
-872.07468
-922.07522
-972.0711
-1127.2269
-1402.1226
-1677.1121
-1952.1045
-2227.0812
-2502.0873
-2777.0551
-3052.044
-3327.0389
-3602.001
-3877.0154
-4151.9894
-4426.9664
-4701.9466
-4976.9294
-5251.9111
-5526.8641
-5801.8479
-6076.8229
-6351.804
-6626.7826
-6901.7461
-7176.7251
-7451.6777
-7726.6577
-8001.6114
-8276.5612
-8551.4904
-8826.4227
-9101.3532
-9376.2365
-9651.1226
-9926.0094
-10203.137
-10478.421
-10753.812
-11030.79
-11305.573
-11580.31
-11855.064
-11876.244
-11601.095
-11325.601
-11050.206
-10774.871
-10499.561
-10224.314
-9949.0993
-9673.9131
-9398.7611
-9123.6367
-8848.5364
-8573.4803
-8294.8035
-8017.8436
-7742.8057
-7467.7804
-7192.729
-6917.7094
-6642.6653
-6367.1341
-6089.8868
-5812.3115
-5537.0729
-5262.0588
-4987.0321
-4712.0067
-4436.9879
-4161.9524
-3884.2117
-3609.1643
-3334.1394
-3059.1211
-2784.1024
-2509.089
-2234.085
-1959.0581
-1684.0488
-1409.0454
-1134.082
-976.74484
-926.7943
-876.7919
-826.79177
-776.793
-726.79373
-676.78759
-626.79482
-576.79753
-526.78934
-491.41098
-471.44742
-451.43714
-431.4535
-411.45175
-391.45393
-371.37911
-351.26787
-331.28131
-311.27124
-291.28426
-271.28389
-251.29559
-231.29408
-211.29246
-191.30946
-171.31575
-151.31776
-131.32967
-111.32522
-96.254857
-86.274921
-76.196559
-66.170949
-56.172132
-46.172686
-36.178092
-26.176565
-16.179788
-6.1737843
3.8262199
13.825352
23.830123
33.81912
43.827847
53.830558
63.828839
73.801171
83.82606
93.82558
117.66541
157.63859
197.63912
237.6334
277.64034
317.63217
357.66415
398.02458
438.0096
478.0078
521.9557
571.94378
621.94425
671.94003
721.93955
771.94404
821.93426
871.93749
921.93971
971.93565
1123.9602
1398.699
1673.6889
1948.672
2223.6577
2498.6501
2773.611
3048.6052
3323.6047
3598.5672
3873.5797
4148.5451
4423.5286
4698.5126
4973.4863
5248.4731
5523.4448
5798.4301
6073.3843
6348.3671
6623.3455
6900.4241
7176.0298
7451.0061
7725.972
8000.9332
8275.881
8550.8302
8825.7494
9100.6713
9375.5404
9650.4406
9925.3139
10200.145
10475.824
10752.531
11027.355
11302.12
11578.082
11854.361
Time Data
0
10
20
30
40
50
60
70
80
90
100
110
120
130
140
150
160
170
180
190
200
210
220
230
240
250
260
270
280
290
300
310
320
330
340
350
360
370
380
390
400
410
420
430
440
450
460
470
480
490
500
510
520
530
540
550
560
570
580
590
600
610
620
630
640
650
660
670
680
690
700
710
720
730
740
750
760
770
780
790
800
810
820
830
840
850
860
870
880
890
900
910
920
930
940
950
960
970
980
990
1000
1010
1020
1030
1040
1050
1060
1070
1080
1090
1100
1110
1120
1130
1140
1150
1160
1170
1180
1190
1200
1210
1220
1230
1240
1250
1260
1270
1280
1290
1300
1310
1320
1330
1340
1350
1360
1370
1380
1390
1400
1410
1420
1430
1440
1450
1460
1470
1480
1490
1500
1510
1520
1530
1540
1550
1560
1570
1580
1590
1600
1610
1620
1630
1640
1650
1660
1670
1680
1690
1700
1710
1720
1730
1740
1750
1760
1770
1780
1790
1800
1810
1820
1830
1840
1850
1860
1870
1880
1890
1900
1910
1920
1930
1940
1950
1960
1970
1980
1990
2000
2010
2020
2030
2040
2050
2060
2070
2080
2090
2100
2110
2120
2130
2140
2150
2160
2170
2180
2190
2200
2210
2220
2230
2240
2250
2260
2270
2280
2290
2300
2310
2320
2330
2340
2350
2360
2370
2380
2390
2400
2410
2420
2430
2440
2450
2460
2470
2480
2490
2500
2510
2520
2530
2540
2550
2560
2570
2580
2590
2600
2610
2620
2630
2640
2650
2660
2670
2680
2690
2700
2710
2720
2730
2740
2750
2760
2770
2780
2790
2800
2810
2820
2830
2840
2850
2860
2870
2880
2890
2900
2910
2920
2930
2940
2950
2960
2970
2980
2990
3000
3010
3020
3030
3040
3050
3060
3070
3080
3090
3100
3110
3120
3130
3140
3150
3160
3170
3180
3190
3200
3210
3220
3230
3240
3250
3260
3270
3280
3290
3300
3310
3320
3330
3340
3350
3360
3370
3380
3390
3400
3410
3420
3430
3440
3450
3460
3470
3480
3490
3500
3510
3520
3530
3540
3550
3560
3570
3580
3590
3600
3610
3620
3630
3640
3650
3660
3670
3680
3690
3700
3710
3720
3730
3740
3750
3760
3770
3780
3790
3800
3810
3820
3830
3840
3850
3860
3870
3880
3890
3900
3910
3920
3930
3940
3950
3960
3970
3980
3990
4000
4010
4020
4030
4040
4050
4060
4070
4080
4090
4100
4110
4120
4130
4140
4150
4160
4170
4180
4190
4200
Temperature Data
0
0
0
0
0
0
0
0
0
0
0
0
0
0
0
0
0
0
0
0
0
0
0
0
0
0
0
0
0
0
0
0
0
0
0
0
0
0
0
0
0
0
0
0
0
0
0
0
0
0
0
0
0
0
0
0
0
0
0
0
0
0
0
0
0
0
0
0
0
0
0
0
0
0
0
0
0
0
0
0
0
0
0
0
0
0
0
0
0
0
0
0
0
0
0
0
0
0
0
0
0
0
0
0
0
0
0
0
0
0
0
0
0
0
0
0
0
0
0
0
0
0
0
0
0
0
0
0
0
0
0
0
0
0
0
0
0
0
0
0
0
0
0
0
0
0
0
0
0
0
0
0
0
0
0
0
0
0
0
0
0
0
0
0
0
0
0
0
0
0
0
0
0
0
0
0
0
0
0
0
0
0
0
0
0
0
0
0
0
0
0
0
0
0
0
0
0
0
0
0
0
0
0
0
0
0
0
0
0
0
0
0
0
0
0
0
0
0
0
0
0
0
0
0
0
0
0
0
0
0
0
0
0
0
0
0
0
0
0
0
0
0
0
0
0
0
0
0
0
0
0
0
0
0
0
0
0
0
0
0
0
0
0
0
0
0
0
0
0
0
0
0
0
0
0
0
0
0
0
0
0
0
0
0
0
0
0
0
0
0
0
0
0
0
0
0
0
0
0
0
0
0
0
0
0
0
0
0
0
0
0
0
0
0
0
0
0
0
0
0
0
0
0
0
0
0
0
0
0
0
0
0
0
0
0
0
0
0
0
0
0
0
0
0
0
0
0
0
0
0
0
0
0
0
0
0
0
0
0
0
0
0
0
0
0
0
0
0
0
0
0
0
0
0
0
0
0
0
0
0
0
0
0
0
0
0
0
0
0
0
0
0
0
0
0
0
0
0
0
0
0
0
0
0
0
0
0
0
0
0
0
0
0
0
0
0
0
0
0
0
0
Angle Data
0
0
0
0
0
0
0
0
0
0
0
0
0
0
0
0
0
0
0
0
0
0
0
0
0
0
0
0
0
0
0
0
0
0
0
0
0
0
0
0
0
0
0
0
0
0
0
0
0
0
0
0
0
0
0
0
0
0
0
0
0
0
0
0
0
0
0
0
0
0
0
0
0
0
0
0
0
0
0
0
0
0
0
0
0
0
0
0
0
0
0
0
0
0
0
0
0
0
0
0
0
0
0
0
0
0
0
0
0
0
0
0
0
0
0
0
0
0
0
0
0
0
0
0
0
0
0
0
0
0
0
0
0
0
0
0
0
0
0
0
0
0
0
0
0
0
0
0
0
0
0
0
0
0
0
0
0
0
0
0
0
0
0
0
0
0
0
0
0
0
0
0
0
0
0
0
0
0
0
0
0
0
0
0
0
0
0
0
0
0
0
0
0
0
0
0
0
0
0
0
0
0
0
0
0
0
0
0
0
0
0
0
0
0
0
0
0
0
0
0
0
0
0
0
0
0
0
0
0
0
0
0
0
0
0
0
0
0
0
0
0
0
0
0
0
0
0
0
0
0
0
0
0
0
0
0
0
0
0
0
0
0
0
0
0
0
0
0
0
0
0
0
0
0
0
0
0
0
0
0
0
0
0
0
0
0
0
0
0
0
0
0
0
0
0
0
0
0
0
0
0
0
0
0
0
0
0
0
0
0
0
0
0
0
0
0
0
0
0
0
0
0
0
0
0
0
0
0
0
0
0
0
0
0
0
0
0
0
0
0
0
0
0
0
0
0
0
0
0
0
0
0
0
0
0
0
0
0
0
0
0
0
0
0
0
0
0
0
0
0
0
0
0
0
0
0
0
0
0
0
0
0
0
0
0
0
0
0
0
0
0
0
0
0
0
0
0
0
0
0
0
0
0
0
0
0
0
0
0
0
0
0
0
0
0
0
0
0
0
0
0
Bx Data
0
0
0
0
0
0
0
0
0
0
0
0
0
0
0
0
0
0
0
0
0
0
0
0
0
0
0
0
0
0
0
0
0
0
0
0
0
0
0
0
0
0
0
0
0
0
0
0
0
0
0
0
0
0
0
0
0
0
0
0
0
0
0
0
0
0
0
0
0
0
0
0
0
0
0
0
0
0
0
0
0
0
0
0
0
0
0
0
0
0
0
0
0
0
0
0
0
0
0
0
0
0
0
0
0
0
0
0
0
0
0
0
0
0
0
0
0
0
0
0
0
0
0
0
0
0
0
0
0
0
0
0
0
0
0
0
0
0
0
0
0
0
0
0
0
0
0
0
0
0
0
0
0
0
0
0
0
0
0
0
0
0
0
0
0
0
0
0
0
0
0
0
0
0
0
0
0
0
0
0
0
0
0
0
0
0
0
0
0
0
0
0
0
0
0
0
0
0
0
0
0
0
0
0
0
0
0
0
0
0
0
0
0
0
0
0
0
0
0
0
0
0
0
0
0
0
0
0
0
0
0
0
0
0
0
0
0
0
0
0
0
0
0
0
0
0
0
0
0
0
0
0
0
0
0
0
0
0
0
0
0
0
0
0
0
0
0
0
0
0
0
0
0
0
0
0
0
0
0
0
0
0
0
0
0
0
0
0
0
0
0
0
0
0
0
0
0
0
0
0
0
0
0
0
0
0
0
0
0
0
0
0
0
0
0
0
0
0
0
0
0
0
0
0
0
0
0
0
0
0
0
0
0
0
0
0
0
0
0
0
0
0
0
0
0
0
0
0
0
0
0
0
0
0
0
0
0
0
0
0
0
0
0
0
0
0
0
0
0
0
0
0
0
0
0
0
0
0
0
0
0
0
0
0
0
0
0
0
0
0
0
0
0
0
0
0
0
0
0
0
0
0
0
0
0
0
0
0
0
0
0
0
0
0
0
0
0
0
0
0
0
Hint Data
0
0
0
0
0
0
0
0
0
0
0
0
0
0
0
0
0
0
0
0
0
0
0
0
0
0
0
0
0
0
0
0
0
0
0
0
0
0
0
0
0
0
0
0
0
0
0
0
0
0
0
0
0
0
0
0
0
0
0
0
0
0
0
0
0
0
0
0
0
0
0
0
0
0
0
0
0
0
0
0
0
0
0
0
0
0
0
0
0
0
0
0
0
0
0
0
0
0
0
0
0
0
0
0
0
0
0
0
0
0
0
0
0
0
0
0
0
0
0
0
0
0
0
0
0
0
0
0
0
0
0
0
0
0
0
0
0
0
0
0
0
0
0
0
0
0
0
0
0
0
0
0
0
0
0
0
0
0
0
0
0
0
0
0
0
0
0
0
0
0
0
0
0
0
0
0
0
0
0
0
0
0
0
0
0
0
0
0
0
0
0
0
0
0
0
0
0
0
0
0
0
0
0
0
0
0
0
0
0
0
0
0
0
0
0
0
0
0
0
0
0
0
0
0
0
0
0
0
0
0
0
0
0
0
0
0
0
0
0
0
0
0
0
0
0
0
0
0
0
0
0
0
0
0
0
0
0
0
0
0
0
0
0
0
0
0
0
0
0
0
0
0
0
0
0
0
0
0
0
0
0
0
0
0
0
0
0
0
0
0
0
0
0
0
0
0
0
0
0
0
0
0
0
0
0
0
0
0
0
0
0
0
0
0
0
0
0
0
0
0
0
0
0
0
0
0
0
0
0
0
0
0
0
0
0
0
0
0
0
0
0
0
0
0
0
0
0
0
0
0
0
0
0
0
0
0
0
0
0
0
0
0
0
0
0
0
0
0
0
0
0
0
0
0
0
0
0
0
0
0
0
0
0
0
0
0
0
0
0
0
0
0
0
0
0
0
0
0
0
0
0
0
0
0
0
0
0
0
0
0
0
0
0
0
0
0
0
0
0
0
0
Torque Data
-3.53653633515948E-05
-4.5535247854049E-06
-1.802381047809E-06
-9.76077210212715E-06
-9.48009365260787E-07
3.23607240277082E-08
3.50254447273427E-06
5.7977386603506E-06
4.01466175399575E-06
2.0953455779159E-05
1.67273127666644E-05
6.17389822178438E-06
2.015439883221E-05
4.13365908371528E-05
1.07755170272094E-04
-7.2256976468162E-06
-3.03212591680301E-06
1.26551957458382E-05
2.58623416142361E-04
1.65068926930509E-04
1.43779327075317E-04
1.92813366083056E-04
3.61828168247241E-04
2.61672907256172E-04
-1.17591975958972E-05
-5.62407008241212E-05
2.85412341846387E-04
1.86672890227945E-04
3.16916803495903E-04
1.08331051491123E-04
3.75589299016428E-04
-1.35049599131832E-05
7.4109199077585E-04
4.70902556113792E-04
-7.62916847129539E-05
2.3668133767481E-04
8.2102951615608E-04
3.08116302281025E-04
9.10482248182207E-04
1.29687658606282E-03
-2.70526317619299E-04
-2.377988792696E-04
1.2807103731131E-03
1.25479531114978E-03
3.70668389141756E-04
-4.97792034713106E-04
9.51785190827316E-04
-1.12716469641134E-03
5.10378610738928E-04
1.99206233043834E-03
2.38172220844257E-03
2.51900918003686E-04
2.1575857472183E-03
1.51536108720811E-03
1.64364579691623E-03
7.3211224119705E-04
1.18281446671341E-03
4.14545132855174E-04
0.00335515932713
6.50865764103801E-04
3.18817575103411E-03
3.01936325889215E-03
1.96092642051012E-03
1.12157959087312E-03
-8.70306245551216E-04
4.56069407666292E-03
1.94091021719369E-03
4.63899123818418E-03
2.54620933665378E-03
1.94080956491415E-03
2.60662649280341E-03
-1.7178819403304E-03
5.75697568197219E-03
7.57051903331892E-03
4.45877607805058E-03
5.79042468588456E-03
-1.11640553983463E-03
0.008249371957216
2.82114651919262E-03
1.25757940726921E-02
8.94277022656212E-03
1.36269625150261E-02
6.6233451148506E-03
8.54571407439813E-03
1.22095463969177E-02
1.98258840045385E-02
2.24179357332474E-02
1.86457702593072E-02
2.11248019156184E-02
1.58758688675885E-02
0.01568431071848
0.022703902311445
1.50074821182871E-02
2.15412745030223E-02
2.41845921433022E-02
5.89728733439181E-03
2.66841910019712E-02
-5.64510970635922E-03
4.90244079738668E-03
1.51029807289411E-02
4.03282298698469E-02
-2.83887273921086E-03
0.047200580584052
3.16017602145022E-02
-3.57681028141008E-03
0.028730391519708
1.93684569813125E-02
3.75143456890527E-02
3.28079543184062E-02
2.26388333253852E-02
3.91542057591918E-02
1.58754597418472E-02
3.16416149180694E-02
0.031036546392384
3.82290800755068E-02
4.14233408132544E-02
4.77350181154348E-02
3.16449279457684E-02
0.019588475366277
3.30201320965302E-02
4.10117631227187E-02
3.57249149387329E-02
7.85507101283777E-03
-2.0850355547831E-04
5.73742075959098E-02
5.12836907452031E-02
1.26501181917728E-02
1.09521523433376E-02
1.65060763345573E-02
2.94819621194158E-02
7.8735511537968E-03
1.56460962465764E-02
1.57643144352624E-02
8.97016872346338E-03
2.26103568757797E-02
1.70776824700919E-02
6.29575668703245E-03
1.84203546325015E-02
-1.36173327672572E-03
1.88250757073709E-02
9.67232904139629E-03
1.53154455826944E-03
7.84018414700178E-03
6.10327023223975E-03
-2.66392355576008E-03
1.37467821011853E-02
2.1354886311671E-03
2.61935954256932E-03
5.95063659575358E-03
-1.69578284419584E-03
3.54459829157199E-03
7.5646265582539E-04
5.0065976199954E-03
6.17665283852628E-03
3.01891967354443E-03
2.05252279088254E-03
0.001899963158009
2.76819344394053E-03
2.49473330130696E-03
3.93404335743763E-04
1.85078470637852E-03
1.68119916450968E-03
1.75239438184728E-03
1.67299593568199E-03
5.43613316792434E-04
-1.19351450526488E-04
1.65805827093252E-03
1.12712110060461E-03
7.31283599002865E-04
1.63843047860563E-03
7.36766849349357E-04
3.51562142110834E-04
7.33931417776004E-04
1.73607628935895E-04
1.08491229319532E-04
1.12514099198269E-03
5.09300745258123E-04
6.28881601185192E-04
3.13545947807982E-04
1.267707663084E-04
-8.68318878604332E-05
2.37524942725646E-04
2.2674924766572E-04
2.06104546733501E-04
5.11647979469196E-05
2.66525039099238E-04
-7.07974312018655E-05
1.52647829101831E-04
7.7130959700288E-05
2.62064627234175E-06
1.01475276327204E-05
-7.44312078010206E-06
-2.87673765472638E-05
-1.09325436019964E-04
-1.62238789439422E-04
-1.12248658020088E-04
-2.52853290305273E-04
6.29446519910155E-05
-1.58188877594774E-04
-2.86362773158297E-04
-5.23229287143538E-04
-1.39329574285811E-04
-7.22209653921224E-04
-4.19073530209092E-04
-5.60492094201411E-04
-6.40745977188807E-05
-8.85966201271986E-04
-6.01437638585774E-04
-1.3670828080695E-03
-5.51960450065512E-04
-4.9061724933826E-04
-1.79105330736203E-03
-5.03344703113057E-04
-1.9516154959105E-03
-1.40874169823791E-03
-1.01383352277908E-03
-2.18871701744258E-03
3.75094359313793E-05
-5.3852684228616E-04
-1.32465659793009E-03
5.1119154740031E-04
-8.89465460323011E-04
-1.45452269469373E-03
-6.63253102526896E-04
-8.95903155334125E-04
-0.001704437077368
-2.38379844429898E-03
4.19302151142733E-04
3.24681801443168E-04
-5.88956681115999E-03
-5.27346715094199E-03
-6.83382142272906E-04
-4.69692380705742E-03
-3.38236261910259E-03
-9.3980545651773E-03
-9.27245948015172E-04
-9.38990202684075E-03
-6.52019018424943E-03
-0.014239088482788
-9.81510012052112E-03
-3.9726656333052E-03
-1.87780356399542E-02
-8.21594749034332E-03
-1.08352543718714E-02
-2.34408109263479E-02
-2.07308131334167E-02
-1.60300894595262E-02
-1.10910605089363E-02
-2.29875949743412E-02
7.52637243482646E-04
-4.10577834821652E-03
-1.03704310138702E-02
-1.44039558436684E-02
-4.77943100945202E-02
-2.20331943949692E-02
-4.65329174772695E-02
-0.009826578920055
-2.25864267990672E-02
-3.42827505631958E-02
-1.80156254952463E-03
6.47116988522189E-03
-4.54672010298648E-02
-4.02469560834461E-02
-4.28908345331189E-02
9.18395758274029E-03
-1.62140425035066E-02
-7.23714459792732E-03
-0.044031541567497
-2.17195726854178E-02
-0.040584911438911
-1.03774879447512E-02
-3.84186469850064E-02
-0.017184528007075
-4.88431753407143E-02
-1.64446447341324E-02
-4.02374993995414E-02
-3.11564519091172E-02
-3.51290139725026E-02
-5.39179298662354E-02
-3.66396508119004E-03
-1.96320363183168E-02
-2.72562040899529E-02
-3.86495610751202E-02
-2.25936317628799E-02
-2.67661049225427E-03
-3.77379829589469E-02
1.47793266010963E-04
-2.37852390274592E-02
-6.79263999475839E-03
-2.14258283987261E-02
-2.90707153045704E-03
-2.25269077115318E-02
-1.10170473469817E-03
-4.46573237612204E-03
3.31888749863239E-03
-0.009385658023473
-2.82188239107368E-02
-2.40003493220848E-02
-1.73777466338768E-02
-5.68604147248468E-03
-0.010209383219685
-1.73358115404139E-02
-2.81117380036605E-03
-1.36042101019194E-02
-1.38037787625216E-02
-1.80846732180939E-02
-2.0778892599969E-03
-8.07133190997184E-03
-0.00571090418934
4.7392093656999E-04
-0.001641471420882
-6.36722516533158E-03
-4.4744081057519E-03
-9.3926989881425E-04
-1.62979310289331E-03
-2.0767426469811E-03
-1.28959626654085E-03
-2.65011056655728E-03
4.80887447109546E-04
-1.52195307475329E-04
-9.15592428501212E-04
-5.2157255742495E-04
-1.28345794293053E-03
-4.40729547620054E-04
-1.4181940400118E-03
1.563147989232E-04
-9.60470932048677E-04
-1.58766953778886E-03
-1.05262001291203E-03
-2.39880346028418E-03
-4.16887688376432E-04
-1.07445538541486E-03
-9.62975013656772E-04
-0.000944142661189
-6.41539210096192E-04
-1.05222964718279E-03
-6.33143689308798E-04
-7.276200653982E-04
-2.54128296870272E-04
-3.04300156663603E-04
-2.95086521090098E-04
-5.06643860018462E-04
-3.09268432439869E-04
-2.71449723300899E-04
-3.12993968468154E-04
-2.6211867087623E-04
-9.05139185580042E-05
-1.13849391239608E-04
-1.26300318883909E-04
-3.00126022898508E-06
-1.25849222069272E-05
7.77301240673278E-06
5.33088526460984E-05
1.19106634124991E-04
1.0399181558148E-04
8.26022906474836E-05
1.17844700216603E-04
2.13354570854059E-04
3.69122320627955E-04
8.6487269161608E-05
3.42627777563834E-04
3.86302259724911E-04
9.09251615537513E-04
1.10392810793009E-03
1.39260296649332E-03
1.06550158219953E-03
1.49154673637753E-03
9.777064284702E-04
1.76285719341082E-03
1.69674739696896E-03
1.2221387945252E-03
-1.04807676307271E-03
1.9286934868227E-03
5.85617251348928E-04
-6.40571611681099E-04
3.20254564637441E-03
1.22788367828633E-03
4.43727654225598E-03
4.49723297323503E-03
-1.91003965746902E-03
2.18098676223887E-03
1.62567962346108E-03
4.8778908693714E-03
-1.33973189587185E-04
0.009950673368064
7.83587932510438E-03
0.012850732369807
1.17396705137355E-02
9.98036883461584E-03
7.72159852004294E-03
-4.3340981421276E-04
8.98546225963224E-03
0.023417085928424
4.55244526340124E-03
0.014593144583482
2.25499823422116E-02
1.27992639784803E-02
1.63210828776107E-02
1.79818455726838E-03
3.11751116075084E-02
2.03360957109054E-02
5.63783633094867E-03
4.15903196306516E-05
9.37137967986036E-03
3.22604102476974E-02
2.30119636666344E-02
1.53857049331482E-02
3.24299848041102E-02
5.02115463534241E-02
3.22397203126755E-02
4.67758369329785E-02
4.55291861474306E-02
2.42964549376474E-02
2.66725005049363E-02
-1.37002278553725E-02
2.01538836225104E-02
2.52697435299855E-02
0.049841712607404
0.05252038088294
4.62091522378734E-02
2.53259069674171E-02
dMdH Data
-1.3226762090991E-05
-1.94261084862677E-06
-8.80159788843896E-07
-6.15343126317709E-07
3.87119709806941E-06
2.28224322166182E-06
-6.06579577784502E-06
3.16924887536488E-06
-9.08885839118424E-07
-3.77177693964256E-06
2.68290719092249E-06
9.65914040628255E-07
3.42368336629811E-07
-1.58677466751872E-07
-3.40037717284355E-07
1.40616271825026E-06
-3.99068294494337E-08
3.16285232097418E-07
5.92247449846812E-07
6.36990269509331E-07
9.02165450362218E-08
7.24158449884448E-07
-1.20231429190408E-06
1.32707153259688E-06
4.12779412480886E-07
3.63061074910477E-07
6.33227635446851E-07
-5.30933473807968E-07
1.07860221252299E-06
8.52232833272426E-07
5.83248974624189E-07
1.35057498630388E-08
3.14791327136338E-07
5.12934009202667E-07
4.6680833846794E-07
3.16212711186644E-07
3.97069513721011E-07
8.97351062914882E-08
2.98506512677578E-07
5.65306079599594E-07
4.29145221732822E-07
5.03949290395469E-07
7.97743086815433E-08
5.94005776107592E-07
5.20952373324092E-08
4.18798753860449E-07
6.8876384498911E-07
4.50893873562191E-08
5.07384008045512E-07
3.42136431015821E-07
2.68875280792895E-07
1.26637997086582E-07
5.36392700695465E-07
1.71755401530861E-07
4.4031460900675E-07
3.69894330298778E-07
2.11122639369102E-07
2.16173768541436E-07
4.70293240425477E-07
4.07899982924186E-07
1.87301580950979E-08
3.41954888661914E-07
3.05379595575369E-07
4.30876046885767E-07
-1.10057795334137E-09
3.35641111831416E-07
4.74000131219526E-07
2.26355347846154E-07
7.21626037069547E-07
8.52561420407689E-08
2.39614514620641E-07
3.14367449805504E-07
2.99630655787774E-07
2.1718760737914E-07
3.38011637005707E-07
2.28278483649615E-07
2.51836110111022E-07
3.54275067790101E-07
2.51278786887034E-07
2.4264827011382E-07
2.18117260007732E-07
3.04401445266969E-07
2.5632496647146E-07
2.4588164268777E-07
2.83161963684157E-07
2.83902582714505E-07
2.69705447963419E-07
2.63539005033963E-07
2.95194449757843E-07
2.75323809063126E-07
2.67053925853951E-07
2.7486766954754E-07
2.23700993451548E-07
3.03866035055717E-07
2.23404286271247E-07
3.00937468743465E-07
2.76376114257035E-07
1.99641588924245E-07
3.12803743586852E-07
2.91011802022841E-07
2.48983187906438E-07
2.55147389452455E-07
2.93998909229959E-07
2.40029804892922E-07
2.74006964077151E-07
2.33930572738519E-07
2.30313361908991E-07
3.55265006095231E-07
2.08769126617846E-07
2.74247988266252E-07
3.97110768951986E-08
2.29542800813347E-07
2.77466228709404E-07
2.12752593424473E-07
2.35360875660049E-07
3.385260715241E-07
2.27886228237606E-07
2.55372508323605E-07
2.68071990345471E-07
2.47914523161486E-07
2.96634874016779E-07
2.9349348803565E-07
2.43232258456201E-07
2.82841246042676E-07
1.53429623888046E-07
2.86245657284038E-07
2.72233246488453E-07
3.19920755592301E-07
2.38582847801362E-07
2.67742696761182E-07
2.88193048120954E-07
2.47679470802621E-07
2.8167145104951E-07
1.99405116867628E-07
3.1990176850149E-07
2.99575498318575E-07
2.79953067125863E-07
2.19307446342452E-07
2.51973050940587E-07
2.83286946056839E-07
2.67613622934935E-07
2.10216105090617E-07
3.70389619173084E-07
2.57412253669392E-07
2.16842470004476E-07
3.17320853674411E-07
2.14722167673991E-07
3.28621428844158E-07
3.00262202105033E-07
2.50194152053589E-07
4.02657440760651E-07
1.67140856658301E-07
2.35345654603834E-07
5.47065866251392E-07
6.26300300882853E-08
2.29391834521416E-07
6.07502115502433E-07
5.26710043053001E-07
-5.36482317512416E-08
7.23133066605958E-07
-3.77576567199286E-07
6.59072597505155E-07
-1.65869119570039E-08
8.72626340581739E-07
-1.6711885080025E-08
9.77137801504053E-07
-3.11397512529643E-08
2.4493073447967E-07
1.92113092335736E-07
5.38488020097739E-07
5.27218292651817E-07
1.36302787234E-07
5.84661881318501E-07
1.79478287847399E-07
5.63234975845894E-07
5.6597982216399E-07
7.9420298191236E-08
7.54893863927034E-07
2.65630742748378E-07
-9.09194144746488E-09
5.83111590055548E-07
1.15393638134426E-06
-4.2021206854036E-07
9.89981863287539E-07
8.25531153076111E-07
-7.5966903718276E-08
2.71948843233501E-07
3.43544627710737E-07
6.55061447016356E-07
5.10670920421976E-07
-3.25048369621356E-07
1.08046286065233E-06
4.41532997234205E-07
5.36286676098612E-07
1.45121977141069E-07
5.89032005109927E-07
1.80394356202255E-07
2.83749560697985E-07
7.35520284696941E-07
4.13481241368632E-07
3.77295107388372E-07
2.52736653420936E-07
3.28442215479303E-07
1.59186664499105E-07
8.96352094371689E-07
4.00636209949282E-07
3.09541376121568E-07
1.4789598666942E-07
6.74654677482271E-07
4.04833335499344E-07
-3.43559528341957E-07
5.78561110922159E-07
6.7244322344872E-07
-1.55460115644506E-07
9.83425102032849E-07
-2.95352491749001E-07
7.28317372776387E-07
2.95960954763373E-07
2.7490931469427E-07
2.32257522432386E-07
9.47656936581389E-07
8.25456621210172E-09
2.76475602429157E-07
2.2359030778532E-07
4.69426712411674E-07
6.72060391154524E-07
2.66629950529202E-08
4.28005943196434E-07
-2.74617034136025E-08
6.00799505879283E-07
7.77566162528247E-08
3.79751229284416E-07
3.70690335449172E-07
2.45416055134615E-07
2.36201212684566E-07
2.26899476047986E-07
3.77237771113563E-07
2.98024356619485E-07
3.34474566619236E-07
2.04416535951682E-07
2.58934077633753E-07
1.9450093463382E-07
3.50070733188594E-07
1.83037178676865E-07
3.11143460609173E-07
2.60869359670115E-07
4.12044603986865E-07
1.11904410368901E-07
3.76126920629148E-07
3.00777035221694E-07
1.87373490155234E-07
3.36259176217934E-07
2.01542663257922E-07
2.76466198173794E-07
3.330067641283E-07
2.8119134239692E-07
1.97177084689642E-07
2.54926722952672E-07
2.87458039670131E-07
3.15412076870337E-07
2.82365280102499E-07
2.70298134390936E-07
2.61741196739894E-07
2.62101645595747E-07
2.62794423213845E-07
2.67079534189571E-07
2.91292449219793E-07
2.88637943395335E-07
2.62632262855022E-07
2.93552778121519E-07
-6.92020774315482E-08
2.40294167887216E-07
2.21387761620943E-07
2.83476097968373E-07
3.01119363684238E-07
2.49820929134432E-07
2.37450726075126E-07
3.05623936512112E-07
2.18347795056582E-07
2.4027919113799E-07
2.36196062581144E-07
2.33923409025729E-07
3.30789246266486E-07
2.25279248218726E-07
2.91727069514395E-07
2.79544019206081E-07
2.31123827516958E-07
3.19324315382507E-07
2.62714730150141E-07
2.5581134079953E-07
2.27617779765052E-07
2.8009614521043E-07
2.32420535977085E-07
3.21424393235542E-07
3.10919694662928E-07
1.94790542154635E-07
2.62436487684411E-07
2.68762717312416E-07
2.79844601878667E-07
2.97892962752667E-07
2.27284824361183E-07
2.93953020253803E-07
2.45826914063537E-07
3.04662555673487E-07
2.57674498769878E-07
3.21584813311807E-07
2.65819525290071E-07
2.52392991800641E-07
1.79558325460703E-07
4.61147338154824E-07
1.88774158628515E-07
3.53336120089992E-07
1.91064628897814E-07
6.34462950396329E-07
6.55684129829594E-08
4.44764293558685E-07
3.93999016920723E-07
1.40129262691385E-07
5.07836924761323E-07
-9.34886865531427E-08
8.85610582288155E-07
1.68384296187656E-07
-1.25285103456823E-07
6.36092823929975E-07
3.21391378254403E-07
7.27453792463379E-07
-6.55378230041423E-08
6.3762801299174E-07
2.26607280092219E-07
2.83136940550435E-07
-1.6373559187031E-07
5.91132064056815E-07
5.25787085444985E-07
4.98769342914611E-07
7.46890501869349E-07
7.95906520542458E-08
9.70405192432986E-09
7.3444131135179E-07
5.16704697647449E-07
-2.79322850665736E-08
8.48837549566656E-07
2.36424361839597E-07
3.95209062742536E-07
-3.44117714533082E-07
7.69971087579661E-07
4.71753135123687E-07
7.87042475162073E-07
6.24687610201921E-07
-6.58064094057513E-07
1.33422896895391E-06
9.41809604439972E-08
1.52736055962297E-06
-3.77342969669171E-07
-3.29675742219166E-07
2.10844196269915E-06
-6.25136525487939E-07
9.63875690231144E-08
1.35989656180721E-06
-2.43787237943483E-07
8.4212242187625E-07
4.9190988358558E-07
1.46088452307271E-08
7.76664659193266E-07
3.60953716381442E-07
-1.83825706239967E-07
6.89994331342177E-07
1.83298327986774E-07
6.82963692408629E-07
3.14216166454337E-07
2.57025866163977E-07
5.48172904734925E-07
1.84461275568096E-07
2.76592020035011E-07
5.14768926497397E-07
1.98642366966723E-07
3.16551573668685E-07
2.64536143269623E-07
4.84951072160738E-07
2.88321598521026E-07
2.91666883350928E-07
9.89825656448251E-08
3.56153371857197E-07
2.11158300723045E-07
3.49829898637407E-07
3.55309166985774E-07
2.45812102443559E-07
2.72995469537669E-07
3.48212362297096E-07
8.52880459782658E-08
4.76179551757057E-07
1.35990000454525E-07
3.05327142978716E-07
1.93824720392315E-07
3.88800802955808E-07
2.46604311612348E-07
2.13465519072187E-07
3.34646074486938E-07
2.46931017767132E-07
3.14063578588725E-07
2.47910414760486E-07
2.66577302071727E-07
2.39885361049175E-07
3.34228210809864E-07
2.35353374090785E-07
3.17001126321482E-07
2.29205429711537E-07
2.76042943424172E-07
2.98863571888915E-07
2.97003628702543E-07
2.43003922204816E-07
2.19406983178538E-07
3.1359744372685E-07
2.88638074341889E-07
2.68632625638072E-07
2.4014669234871E-07
2.5512943293809E-07
3.00930049777313E-07
1.86694447982821E-07
3.58485950964264E-07
2.65908375229387E-07
2.65908375229387E-07
dMdT Data
0
0
0
0
0
0
0
0
0
0
0
0
0
0
0
0
0
0
0
0
0
0
0
0
0
0
0
0
0
0
0
0
0
0
0
0
0
0
0
0
0
0
0
0
0
0
0
0
0
0
0
0
0
0
0
0
0
0
0
0
0
0
0
0
0
0
0
0
0
0
0
0
0
0
0
0
0
0
0
0
0
0
0
0
0
0
0
0
0
0
0
0
0
0
0
0
0
0
0
0
0
0
0
0
0
0
0
0
0
0
0
0
0
0
0
0
0
0
0
0
0
0
0
0
0
0
0
0
0
0
0
0
0
0
0
0
0
0
0
0
0
0
0
0
0
0
0
0
0
0
0
0
0
0
0
0
0
0
0
0
0
0
0
0
0
0
0
0
0
0
0
0
0
0
0
0
0
0
0
0
0
0
0
0
0
0
0
0
0
0
0
0
0
0
0
0
0
0
0
0
0
0
0
0
0
0
0
0
0
0
0
0
0
0
0
0
0
0
0
0
0
0
0
0
0
0
0
0
0
0
0
0
0
0
0
0
0
0
0
0
0
0
0
0
0
0
0
0
0
0
0
0
0
0
0
0
0
0
0
0
0
0
0
0
0
0
0
0
0
0
0
0
0
0
0
0
0
0
0
0
0
0
0
0
0
0
0
0
0
0
0
0
0
0
0
0
0
0
0
0
0
0
0
0
0
0
0
0
0
0
0
0
0
0
0
0
0
0
0
0
0
0
0
0
0
0
0
0
0
0
0
0
0
0
0
0
0
0
0
0
0
0
0
0
0
0
0
0
0
0
0
0
0
0
0
0
0
0
0
0
0
0
0
0
0
0
0
0
0
0
0
0
0
0
0
0
0
0
0
0
0
0
0
0
0
0
0
0
0
0
0
0
0
0
0
0
0
0
0
0
0
0
0
0
0
0
0
0
0
0
0
0
0
0
0
0
0
0
0
0
0
 
*********************************************** Results ***************************************
 
TotalArea 1.54329377892753
AreaFirstQuad 0.78069349961777
AreaSecondQuad 0
AreaThirdQuad 0.738201356976733
AreaFourthQuad 2.43989223330299E-02
Coercivity 116.056701557603
PositiveCoercivity 392.631046872333
NegativeCoercivity 160.517643757128
Retentivity 4.6147393974875E-05
PositiveRetentivity -6.08940191153019E-05
NegativeRetentivity -1.53188807065052E-04
Magnetization 0.00329156555
PositiveMagnetization 0.003181248
NegativeMagnetization -0.0034018831
Flatness 3.19563202840246
Squareness 1.40198921376106E-02
SStar 0.47326635214495
SFD1 0.577590695396464
SFD2 9.40056277468392E-02
Slope 0
Intercept 0
SlopeAtHc 7.54893863927034E-07
dH1 49.023430599527
dH2 10.90998308415
InitialSlope -1.3226762090991E-05
FieldAtHalfMs 5870.90133331962
FieldAtMs 11870.099
MomentMean 9.17982200137769E-05
MomentRMS 1.40028302862255E-03
SFD3 -0.03625518189042
dH3 120.264358382176
UserField1 0
UserField2 0
CenterField 0
ExchangeField 0
ExchangeMoment 0
ExRegionOneIntercept 0
ExRegionOneSlope 0
ExRegionTwoIntercept 0
ExRegionTwoSlope 0
NegativeIntercept 0
NegativeSlope 0
AutoCenterOffset 0
PinningField 0
PinningMoment 0
PinRegionOneIntercept 0
PinRegionOneSlope 0
PinRegionTwoIntercept 0
PinRegionTwoSlope 0
PositiveIntercept 0
PositiveSlope 0
TotalOffset 0
BHMax 0
BCoercivity 0
BRetentivity 0
BNegativeCoercivity 0
BPositiveCoercivity 0
BNegativeRetentivity 0
BPositiveRetentivity 0
MomentYMean 2.68678589957268E-06
MomentYRMS 1.89110328516481E-06
YOffCorrection 0
Mrt 0
Ms1 0
Ms2 0
Ms3 0
Hc2 0
Hex2 0
HsatValue 0
HsatIntercept 0
HsatSlope 0
CenterH 0
Span .0065831311
SpanAsPercentOfRange -102.8614234375
RMSAsPercentOfRange -21.8794223222273
SpanAsPercentOfMean 7171.30582598662
RMSAsPercentOfMean 1525.39235337286
