Start Time:  10/1/2018 3:29:18 PM         Time Completed:  10/1/2018 4:37:33 PM     Elapsed Time:  01:08:14
Sample ID:     BFO_630_SV_300K_MvsH_011018

Experiment:    C:\IDEASVSM\Default UserID\Ciro-nanoDiscos\2018\a-RU_EB_3\a-RU_EB_3.exp
Data File:     C:\IDEASVSM\Default UserID\OSCAR GARZON\V2O3Ni_Inplane\NUEVOS DATOS\100K\BFO_630_SV_300K_MvsH_011018#1.txt
Plot File:     C:\IDEASVSM\Default UserID\OSCAR GARZON\V2O3Ni_Inplane\NUEVOS DATOS\100K\BFO_630_SV_300K_MvsH_011018#1.oc2
VSM Exp File:  C:\IDEASVSM\Default UserID\Ciro-nanoDiscos\2018\a-RU_EB_3\a-RU_EB_3.stp
VSM Data File: C:\IDEASVSM\Default UserID\OSCAR GARZON\V2O3Ni_Inplane\NUEVOS DATOS\100K\BFO_630_SV_300K_MvsH_011018#1.dat

***DATA***

Field(Oe)	 Moment(emu)	
-9.1472685 	-0.0000074007961 	
-7.3336693 	-0.0000065881959 	
-5.5013574 	-0.0000046906336 	
-3.6973201 	-0.000005214834 	
-1.8686067 	-0.0000040884993 	
-0.055634586 	-0.0000054431057 	
 1.7729934 	-0.0000032178326 	
 3.6014412 	-0.0000025471575 	
 5.4116448 	-0.0000033585141 	
 7.2411233 	-0.0000014828821 	
 9.0567898 	-0.0000020143489 	
 53.784458 	 0.0000080453532 	
 152.69041 	 0.000032003744 	
 251.72941 	 0.000058939811 	
 350.73362 	 0.00008326774 	
 449.75394 	 0.00010814786 	
 548.7626 	 0.00012284117 	
 647.79194 	 0.00013840496 	
 746.80595 	 0.00015709084 	
 845.79965 	 0.00017974584 	
 944.8081 	 0.00020197527 	
 1139.3488 	 0.00025244958 	
 1453.34 	 0.0003395618 	
 1767.6451 	 0.00040566805 	
 2081.9588 	 0.00046726897 	
 2396.2466 	 0.00054221767 	
 2710.4526 	 0.00061212893 	
 3024.6845 	 0.00068306265 	
 3338.911 	 0.0007560377 	
 3653.14 	 0.00081217524 	
 3967.3816 	 0.00088604342 	
 4281.5955 	 0.00095362542 	
 4595.828 	 0.0010239194 	
 4910.0481 	 0.0010970383 	
 5224.2738 	 0.0011684148 	
 5538.4616 	 0.0012280895 	
 5852.6848 	 0.0012982923 	
 6166.9438 	 0.0013623455 	
 6481.1895 	 0.0014267642 	
 6795.4181 	 0.0015073984 	
 7109.6177 	 0.0015698023 	
 7423.8449 	 0.0016431182 	
 7738.0668 	 0.0017118352 	
 8052.2749 	 0.0017785698 	
 8366.4566 	 0.0018450174 	
 8680.6542 	 0.0019094968 	
 8994.8183 	 0.0019776343 	
 9308.9769 	 0.0020492071 	
 9623.0988 	 0.0021186236 	
 9937.2315 	 0.0021794371 	
 10251.315 	 0.0022534749 	
 10565.394 	 0.0023152801 	
 10879.421 	 0.0023885859 	
 11193.471 	 0.0024590338 	
 11509.094 	 0.0025420315 	
 11824.605 	 0.0026070843 	
 11843.043 	 0.0026325608 	
 11528.379 	 0.0025661137 	
 11213.728 	 0.0024957777 	
 10899.23 	 0.0024255052 	
 10584.782 	 0.0023610704 	
 10270.423 	 0.0022909621 	
 9956.0985 	 0.0022294275 	
 9641.8268 	 0.0021653903 	
 9327.623 	 0.0020918107 	
 9013.4297 	 0.0020319799 	
 8699.2946 	 0.0019612852 	
 8385.1392 	 0.001893221 	
 8070.9418 	 0.0018372094 	
 7756.6341 	 0.0017679089 	
 7442.3427 	 0.0016996045 	
 7128.0366 	 0.0016323525 	
 6813.7546 	 0.0015599821 	
 6499.4587 	 0.0014958491 	
 6185.1703 	 0.0014237844 	
 5870.8934 	 0.0013605185 	
 5556.5893 	 0.0012883833 	
 5242.3239 	 0.0012215299 	
 4928.0344 	 0.0011525773 	
 4613.7391 	 0.0010828275 	
 4299.4613 	 0.0010170465 	
 3985.2025 	 0.00094022996 	
 3670.88 	 0.00086594413 	
 3356.5944 	 0.00080524375 	
 3042.316 	 0.00073477747 	
 2728.0364 	 0.00066093426 	
 2411.4884 	 0.00058206721 	
 2096.338 	 0.00052067174 	
 1782.0585 	 0.00044449641 	
 1467.768 	 0.00037402743 	
 1153.5671 	 0.00030685163 	
 990.18387 	 0.00027332171 	
 970.21309 	 0.00026375651 	
 950.2245 	 0.00025756081 	
 930.22584 	 0.00025505464 	
 910.2179 	 0.00025276272 	
 890.22135 	 0.00024535609 	
 870.23904 	 0.00023910883 	
 850.24426 	 0.00023676223 	
 830.24699 	 0.00023247273 	
 810.25887 	 0.00022639342 	
 790.25263 	 0.00021939545 	
 770.26127 	 0.00021715031 	
 750.26135 	 0.00021408571 	
 730.2652 	 0.00020939404 	
 710.27107 	 0.0002073832 	
 690.27762 	 0.00019784715 	
 670.28766 	 0.0001938021 	
 650.28664 	 0.00019201679 	
 630.29739 	 0.00018514767 	
 610.30205 	 0.00017858084 	
 590.30159 	 0.00017397303 	
 570.31133 	 0.00017182746 	
 550.31828 	 0.00016716978 	
 530.31963 	 0.00016214132 	
 510.3358 	 0.00015750364 	
 490.31801 	 0.0001507549 	
 470.33631 	 0.00014212586 	
 450.34996 	 0.00014095828 	
 430.34108 	 0.00013943771 	
 410.34088 	 0.00012845288 	
 390.36055 	 0.00012748364 	
 370.35461 	 0.00012449534 	
 350.37166 	 0.00011914305 	
 330.37385 	 0.00011513205 	
 310.38 	 0.00011092735 	
 290.37546 	 0.00010539591 	
 270.37129 	 0.000098829006 	
 250.38459 	 0.000091247169 	
 230.39074 	 0.00009133673 	
 210.39711 	 0.000084984955 	
 190.41151 	 0.000084397661 	
 170.41244 	 0.000075892205 	
 150.40952 	 0.000069592035 	
 130.41679 	 0.000059820061 	
 110.40897 	 0.000061031335 	
 90.433032 	 0.000055313333 	
 70.434948 	 0.00005277898 	
 50.420729 	 0.00004691146 	
 30.425449 	 0.000038332448 	
 10.426349 	 0.000030704951 	
-9.5777598 	 0.00003122538 	
-29.569804 	 0.000023946961 	
-49.570915 	 0.00001808217 	
-69.576898 	 0.00001702267 	
-89.619141 	 0.000010482438 	
-109.77128 	 0.000003583871 	
-129.9487 	-0.00000072545385 	
-150.16517 	-0.0000052921951 	
-170.17314 	-0.000011833503 	
-190.15637 	-0.000018245268 	
-210.33369 	-0.000016815719 	
-230.36567 	-0.000023415377 	
-250.34766 	-0.000027612163 	
-270.34794 	-0.00003543406 	
-290.34831 	-0.000038974488 	
-310.35938 	-0.000044811832 	
-330.34607 	-0.000048349962 	
-350.34603 	-0.000054601629 	
-370.337 	-0.000058822618 	
-390.33283 	-0.000065223237 	
-410.32592 	-0.000071045656 	
-430.3222 	-0.000075361052 	
-450.31171 	-0.00007595049 	
-470.30232 	-0.000081154906 	
-490.30396 	-0.000087402901 	
-510.30538 	-0.000095939528 	
-530.29889 	-0.000098257466 	
-550.2813 	-0.000096964693 	
-570.27617 	-0.00010555467 	
-590.27897 	-0.00011159395 	
-610.27714 	-0.00011734278 	
-630.26741 	-0.00012624666 	
-650.26941 	-0.00012683594 	
-670.25716 	-0.00013260172 	
-690.25379 	-0.0001372282 	
-710.25411 	-0.00014209137 	
-730.25052 	-0.00014606139 	
-750.24756 	-0.00015618165 	
-770.23239 	-0.00015854736 	
-790.23535 	-0.00016540544 	
-810.21545 	-0.00017151124 	
-830.21532 	-0.00017808834 	
-850.21943 	-0.00017874543 	
-870.20438 	-0.00018808512 	
-890.34534 	-0.00019121406 	
-910.39889 	-0.00019817806 	
-930.38671 	-0.00020234603 	
-950.39978 	-0.00020619971 	
-970.39059 	-0.00020908828 	
-990.38635 	-0.00021692455 	
-1141.2949 	-0.00024214123 	
-1455.2088 	-0.00031493552 	
-1769.4653 	-0.00039884746 	
-2083.7173 	-0.00047480769 	
-2397.9746 	-0.00054597905 	
-2712.6392 	-0.00062719298 	
-3029.5885 	-0.00067603314 	
-3346.0817 	-0.00077187467 	
-3661.2184 	-0.00085270765 	
-3975.4648 	-0.00091434219 	
-4292.0064 	-0.00098212762 	
-4607.0712 	-0.0010667188 	
-4921.296 	-0.0011333258 	
-5235.5308 	-0.0012068301 	
-5549.6789 	-0.0012975773 	
-5863.9727 	-0.001367273 	
-6178.2177 	-0.0014274057 	
-6492.4356 	-0.0015087444 	
-6807.0762 	-0.0015845522 	
-7126.0513 	-0.0016429667 	
-7441.4087 	-0.0017278218 	
-7755.6158 	-0.001804825 	
-8069.8195 	-0.001877518 	
-8384.0134 	-0.001949051 	
-8698.218 	-0.002024941 	
-9013.5404 	-0.0020994335 	
-9329.6892 	-0.0021765576 	
-9646.2874 	-0.0022466231 	
-9961.0769 	-0.0023181364 	
-10275.153 	-0.0023954061 	
-10589.21 	-0.0024595789 	
-10903.264 	-0.0025452176 	
-11217.294 	-0.002616084 	
-11531.272 	-0.0026971062 	
-11845.181 	-0.0027677297 	
-11850.149 	-0.0027766862 	
-11535.371 	-0.002704527 	
-11220.745 	-0.0026317389 	
-10906.214 	-0.0025582681 	
-10591.79 	-0.002487649 	
-10277.421 	-0.0024059953 	
-9963.0821 	-0.0023365812 	
-9648.8184 	-0.0022689828 	
-9333.6828 	-0.0021894661 	
-9017.2668 	-0.0021205503 	
-8703.1372 	-0.0020547387 	
-8388.9733 	-0.0019851477 	
-8074.7844 	-0.0019171335 	
-7760.4655 	-0.0018489767 	
-7446.1728 	-0.0017921211 	
-7131.8879 	-0.0017077362 	
-6816.94 	-0.0016417607 	
-6500.1697 	-0.0015609529 	
-6185.8856 	-0.0015023089 	
-5871.5948 	-0.0014231832 	
-5557.2849 	-0.0013546544 	
-5243.0213 	-0.0012822738 	
-4928.7205 	-0.0012090956 	
-4614.4519 	-0.0011404463 	
-4298.2487 	-0.001063973 	
-3982.7698 	-0.00099524258 	
-3668.4536 	-0.00091689501 	
-3354.1352 	-0.00085312689 	
-3039.8693 	-0.0007772792 	
-2725.5771 	-0.00070246885 	
-2411.314 	-0.00062951988 	
-2097.0481 	-0.00056018053 	
-1782.7808 	-0.00047703701 	
-1468.5081 	-0.00040146091 	
-1154.2634 	-0.00033544641 	
-990.26333 	-0.00029342558 	
-970.31548 	-0.00028564986 	
-950.32004 	-0.00027271632 	
-930.32264 	-0.0002713776 	
-910.32235 	-0.00027096962 	
-890.32958 	-0.00026976949 	
-870.32915 	-0.00026132884 	
-850.34098 	-0.00025594236 	
-830.3442 	-0.00025158331 	
-810.35813 	-0.00024755687 	
-790.35969 	-0.00024308929 	
-770.36632 	-0.00023679038 	
-750.36985 	-0.00023123649 	
-730.37589 	-0.00022994267 	
-710.37536 	-0.00022330037 	
-690.38204 	-0.00021617842 	
-670.37583 	-0.00021434525 	
-650.39405 	-0.00020708968 	
-630.38403 	-0.00019907498 	
-610.4024 	-0.00019555991 	
-590.403 	-0.00018955925 	
-570.41246 	-0.00018714583 	
-550.4179 	-0.00017954494 	
-530.41808 	-0.00017434371 	
-510.42312 	-0.00016808966 	
-490.41289 	-0.00016662783 	
-470.23623 	-0.00015633273 	
-450.23172 	-0.0001519918 	
-430.2457 	-0.00015074763 	
-410.25189 	-0.00014231017 	
-390.25118 	-0.00013778355 	
-370.23051 	-0.00012914733 	
-350.06312 	-0.00012693187 	
-330.06677 	-0.00012052463 	
-310.067 	-0.00011830981 	
-290.07446 	-0.00011118246 	
-270.08768 	-0.00010693835 	
-250.08534 	-0.000096024972 	
-230.08806 	-0.000096777382 	
-210.10075 	-0.000084297443 	
-190.10426 	-0.00008205946 	
-170.10853 	-0.000075345223 	
-150.11828 	-0.000071650023 	
-130.11931 	-0.000066125136 	
-110.12728 	-0.000056637015 	
-90.128061 	-0.000051784454 	
-70.118436 	-0.00004689391 	
-50.049124 	-0.00004286207 	
-29.91919 	-0.000041356537 	
-9.9186058 	-0.000033732677 	
 10.075791 	-0.000025003486 	
 30.079719 	-0.000020571139 	
 50.076163 	-0.000016777887 	
 70.067833 	-0.00001043536 	
 90.054498 	-0.0000061079181 	
 110.08264 	 0.0000021048181 	
 130.07964 	 0.0000034416577 	
 150.07061 	 0.0000091168953 	
 170.0707 	 0.000014535784 	
 190.07196 	 0.000020709495 	
 210.0639 	 0.000024399891 	
 230.05919 	 0.000027468555 	
 250.07251 	 0.00003270008 	
 270.05272 	 0.000036926282 	
 290.05084 	 0.000042950771 	
 310.05116 	 0.000043388291 	
 330.04975 	 0.000051265729 	
 350.02659 	 0.00005685766 	
 370.03307 	 0.000063253452 	
 390.02985 	 0.000069865713 	
 410.02171 	 0.000070078627 	
 430.02103 	 0.000072695019 	
 450.02177 	 0.00008043317 	
 470.00314 	 0.000082548949 	
 490.06147 	 0.000090130405 	
 510.19769 	 0.000095085159 	
 530.21218 	 0.000097838384 	
 550.38229 	 0.00010403275 	
 570.39129 	 0.00011005831 	
 590.38105 	 0.00011447878 	
 610.38206 	 0.00011795955 	
 630.36959 	 0.00012637734 	
 650.37654 	 0.00013277077 	
 670.35302 	 0.0001449128 	
 690.35141 	 0.00015066773 	
 710.35495 	 0.00015384343 	
 730.37917 	 0.00016558671 	
 750.53118 	 0.00016827499 	
 770.54023 	 0.00017429999 	
 790.53628 	 0.00018011603 	
 810.52285 	 0.00018513652 	
 830.52527 	 0.0001925967 	
 850.51401 	 0.00019530249 	
 870.51579 	 0.000202737 	
 890.50494 	 0.00020774793 	
 910.49368 	 0.00021197952 	
 930.49692 	 0.00021472993 	
 950.48936 	 0.00022321399 	
 970.4955 	 0.00022423834 	
 990.47637 	 0.00023432845 	
 1144.2375 	 0.00028379644 	
 1458.2728 	 0.0003487841 	
 1772.5143 	 0.0004282413 	
 2086.7994 	 0.00052210087 	
 2401.0417 	 0.00058990076 	
 2715.2639 	 0.00066537148 	
 3029.4977 	 0.00075711376 	
 3343.7569 	 0.00083637229 	
 3657.976 	 0.00091828575 	
 3972.2281 	 0.00099833868 	
 4286.47 	 0.0010718166 	
 4600.7093 	 0.0011527986 	
 4914.9261 	 0.0012263126 	
 5229.161 	 0.0012988514 	
 5543.3178 	 0.00137249 	
 5857.636 	 0.0014116383 	
 6171.8439 	 0.0014676304 	
 6486.0794 	 0.0015142852 	
 6803.1154 	 0.0015914336 	
 7117.6753 	 0.0016819958 	
 7431.9086 	 0.0017590276 	
 7746.1039 	 0.0018290806 	
 8060.3162 	 0.0019033105 	
 8374.5275 	 0.0019802909 	
 8688.7139 	 0.0020641912 	
 9002.8976 	 0.0021375343 	
 9317.0551 	 0.0022194659 	
 9631.1848 	 0.0022878114 	
 9945.3061 	 0.0023606308 	
 10259.351 	 0.0024394261 	
 10573.446 	 0.0025185542 	
 10887.472 	 0.0025866567 	
 11201.496 	 0.0026683294 	
 11515.482 	 0.002746365 	
 11829.429 	 0.0028272504 		
