Start Time:  10/1/2018 12:29:40 PM        Time Completed:  10/1/2018 1:38:12 PM     Elapsed Time:  01:08:31
Sample ID:     BFO_425_SV_300K_MvsH_011018

Experiment:    C:\IDEASVSM\Default UserID\Ciro-nanoDiscos\2018\a-RU_EB_3\a-RU_EB_3.exp
Data File:     C:\IDEASVSM\Default UserID\OSCAR GARZON\V2O3Ni_Inplane\NUEVOS DATOS\100K\BFO_425_SV_300K_MvsH_011018#2.txt
Plot File:     C:\IDEASVSM\Default UserID\OSCAR GARZON\V2O3Ni_Inplane\NUEVOS DATOS\100K\BFO_425_SV_300K_MvsH_011018#2.oc2
VSM Exp File:  C:\IDEASVSM\Default UserID\Ciro-nanoDiscos\2018\a-RU_EB_3\a-RU_EB_3.stp
VSM Data File: C:\IDEASVSM\Default UserID\OSCAR GARZON\V2O3Ni_Inplane\NUEVOS DATOS\100K\BFO_425_SV_300K_MvsH_011018#2.dat

***DATA***

Field(Oe)	 Moment(emu)	 Temperature(K)	
-9.1138529 	-0.000039716434 	 299.974 	
-7.2975804 	-0.000034485954 	 299.976 	
-5.4786346 	-0.000026790931 	 299.978 	
-3.6610255 	-0.000020398669 	 299.979 	
-1.8448558 	-0.000015133166 	 299.983 	
-0.030719521 	-0.0000067636385 	 299.987 	
 1.7833009 	 0.0000012761817 	 299.988 	
 3.6219531 	 0.0000071182568 	 299.991 	
 5.4267968 	 0.000011679503 	 299.994 	
 7.2382372 	 0.000020005433 	 299.997 	
 9.0637988 	 0.000028230353 	 300 	
 54.180155 	 0.00018492592 	 300.002 	
 153.16559 	 0.00047938054 	 300.004 	
 252.19596 	 0.00071108096 	 300.005 	
 351.2232 	 0.00089777472 	 300.007 	
 450.22529 	 0.0010542374 	 300.008 	
 549.23566 	 0.0011927042 	 300.008 	
 648.2612 	 0.0013153365 	 300.01 	
 747.26132 	 0.0014199624 	 300.011 	
 846.27139 	 0.0015228829 	 300.01 	
 945.28915 	 0.0016219172 	 300.012 	
 1140.9571 	 0.0017907825 	 300.011 	
 1455.0296 	 0.0020375491 	 300.011 	
 1769.3163 	 0.0022508096 	 300.009 	
 2083.633 	 0.0024442431 	 300.011 	
 2397.8897 	 0.0026282354 	 300.01 	
 2712.1237 	 0.0028097836 	 300.01 	
 3026.3758 	 0.0029775291 	 300.01 	
 3340.5858 	 0.0031366398 	 300.01 	
 3654.81 	 0.0032814304 	 300.009 	
 3969.0636 	 0.0034306929 	 300.007 	
 4283.2581 	 0.0035719085 	 300.008 	
 4597.5006 	 0.0037101477 	 300.006 	
 4911.7071 	 0.0038441425 	 300.007 	
 5225.9336 	 0.0039758544 	 300.003 	
 5540.175 	 0.0041140229 	 300.005 	
 5854.3114 	 0.0042566085 	 300.002 	
 6168.6097 	 0.0044004278 	 300.001 	
 6482.8368 	 0.004529624 	 300.003 	
 6797.0547 	 0.0046575799 	 300.001 	
 7111.2938 	 0.004786245 	 299.999 	
 7425.5058 	 0.0049088276 	 299.997 	
 7739.7138 	 0.0050264701 	 299.996 	
 8053.9445 	 0.0051623984 	 299.995 	
 8368.1312 	 0.0052787481 	 299.995 	
 8682.3235 	 0.0053960456 	 299.996 	
 8996.492 	 0.0055284203 	 299.997 	
 9310.647 	 0.0056613138 	 299.995 	
 9624.781 	 0.0057869196 	 299.996 	
 9938.8863 	 0.0059068843 	 299.996 	
 10252.947 	 0.0060238703 	 299.996 	
 10567.039 	 0.0061292612 	 299.996 	
 10881.092 	 0.0062396644 	 299.997 	
 11195.119 	 0.0063686542 	 299.999 	
 11509.139 	 0.0064765537 	 299.998 	
 11823.121 	 0.0065747769 	 300 	
 11858.379 	 0.0066105199 	 300.001 	
 11544.526 	 0.0065111341 	 300 	
 11229.856 	 0.006400085 	 300.001 	
 10915.339 	 0.0062913336 	 300.002 	
 10600.911 	 0.0061776138 	 300.003 	
 10286.531 	 0.0060763418 	 300.003 	
 9972.2012 	 0.0059514146 	 300.003 	
 9657.9516 	 0.0058484867 	 300.003 	
 9343.7181 	 0.0057387755 	 300.003 	
 9029.5446 	 0.0056198019 	 300.005 	
 8715.3696 	 0.0055140358 	 300.005 	
 8401.2362 	 0.0053906389 	 300.005 	
 8087.0529 	 0.0052734437 	 300.006 	
 7772.7478 	 0.0051562111 	 300.006 	
 7458.4609 	 0.0050320316 	 300.004 	
 7144.1318 	 0.004942322 	 300.005 	
 6829.8747 	 0.0048091858 	 300.006 	
 6515.5781 	 0.0046781274 	 300.005 	
 6201.2687 	 0.0045349193 	 300.006 	
 5886.9997 	 0.0044151092 	 300.005 	
 5572.6941 	 0.0042842878 	 300.006 	
 5258.4164 	 0.0041534316 	 300.005 	
 4944.1469 	 0.0040202855 	 300.005 	
 4629.8345 	 0.0038886256 	 300.004 	
 4315.5873 	 0.0037316987 	 300.004 	
 4001.3024 	 0.0035903322 	 300.004 	
 3686.9974 	 0.0034352851 	 300.003 	
 3372.6862 	 0.0032891217 	 300.003 	
 3058.4113 	 0.0031248741 	 300.003 	
 2744.144 	 0.0029539877 	 300.002 	
 2429.8523 	 0.0027799898 	 300.002 	
 2115.5646 	 0.0025947361 	 300.001 	
 1801.3193 	 0.0023842972 	 300.001 	
 1487.0391 	 0.0021674419 	 300.002 	
 1172.7818 	 0.0019169057 	 300.001 	
 993.4743 	 0.0017653582 	 300.001 	
 973.31134 	 0.0017364479 	 300.001 	
 953.31731 	 0.0017234684 	 300.002 	
 933.31622 	 0.0016996205 	 300.001 	
 913.3153 	 0.0016771176 	 300.003 	
 893.32867 	 0.0016591488 	 300.003 	
 873.33407 	 0.0016390516 	 300.004 	
 853.3342 	 0.0016176339 	 300.004 	
 833.33325 	 0.001597608 	 300.004 	
 813.33758 	 0.0015766905 	 300.004 	
 793.32811 	 0.0015519536 	 300.004 	
 773.15497 	 0.0015321135 	 300.006 	
 753.16357 	 0.001508462 	 300.005 	
 733.17356 	 0.0014881949 	 300.004 	
 713.16755 	 0.0014683919 	 300.004 	
 693.17537 	 0.0014396258 	 300.005 	
 673.17265 	 0.0014181465 	 300.003 	
 653.18588 	 0.001394237 	 300.004 	
 633.19469 	 0.0013686331 	 300.003 	
 613.19378 	 0.001345679 	 300.003 	
 593.19719 	 0.0013200626 	 300.003 	
 573.20229 	 0.0012957286 	 300.003 	
 553.20168 	 0.0012653174 	 300.002 	
 533.21471 	 0.0012389954 	 300.003 	
 513.2154 	 0.0012024383 	 300.003 	
 493.22246 	 0.001174291 	 300.003 	
 473.23793 	 0.0011485872 	 300.004 	
 453.23774 	 0.0011147753 	 300.004 	
 433.23736 	 0.0010823383 	 300.004 	
 413.24189 	 0.0010557134 	 300.003 	
 393.24144 	 0.0010201175 	 300.004 	
 373.25159 	 0.00098861333 	 300.005 	
 353.25064 	 0.00095222229 	 300.004 	
 333.26005 	 0.00092013488 	 300.005 	
 313.26362 	 0.00088560451 	 300.005 	
 293.26525 	 0.00085145578 	 300.004 	
 273.27177 	 0.00080507944 	 300.005 	
 253.27642 	 0.00076694751 	 300.004 	
 233.283 	 0.00072781596 	 300.004 	
 213.29995 	 0.00068029052 	 300.004 	
 193.28593 	 0.00063520315 	 300.004 	
 172.9794 	 0.00059069016 	 300.005 	
 152.895 	 0.00053831027 	 300.005 	
 132.91317 	 0.00048250619 	 300.005 	
 112.94046 	 0.00042525249 	 300.005 	
 92.910363 	 0.00036743085 	 300.006 	
 72.904869 	 0.00030477264 	 300.006 	
 52.932978 	 0.00023855583 	 300.005 	
 32.911811 	 0.00016475827 	 300.005 	
 12.914013 	 0.000088661617 	 300.005 	
-7.0804126 	 0.000011640029 	 300.006 	
-27.074538 	-0.000068063993 	 300.005 	
-47.084932 	-0.00013943917 	 300.005 	
-67.074438 	-0.00021274128 	 300.005 	
-87.073314 	-0.0002714897 	 300.004 	
-107.08427 	-0.00033527512 	 300.004 	
-127.07678 	-0.00039605364 	 300.003 	
-147.06919 	-0.00044922375 	 300.004 	
-167.08247 	-0.00050171142 	 300.003 	
-187.0714 	-0.0005493803 	 300.002 	
-207.07018 	-0.00059529068 	 300.001 	
-227.06343 	-0.00064334202 	 300.001 	
-247.06941 	-0.00068530491 	 300.001 	
-267.05488 	-0.00072869271 	 300 	
-287.06135 	-0.00076552666 	 300.001 	
-307.06212 	-0.00080313307 	 300.002 	
-327.04912 	-0.00084070743 	 300 	
-347.04208 	-0.00087841361 	 300.001 	
-367.11896 	-0.00091421879 	 300.001 	
-387.2367 	-0.00094871194 	 300.002 	
-407.22351 	-0.00098319813 	 300.001 	
-427.2276 	-0.001016155 	 300.002 	
-447.22196 	-0.0010479769 	 300.003 	
-467.21124 	-0.0010768377 	 300.002 	
-487.20927 	-0.0011066446 	 300.002 	
-507.20241 	-0.001137152 	 300.004 	
-527.20562 	-0.0011643727 	 300.004 	
-547.19781 	-0.0011959491 	 300.004 	
-567.18722 	-0.0012177706 	 300.006 	
-587.28376 	-0.0012456479 	 300.006 	
-607.3768 	-0.0012690036 	 300.006 	
-627.37563 	-0.0012927339 	 300.005 	
-647.37586 	-0.0013182771 	 300.006 	
-667.36898 	-0.0013430609 	 300.007 	
-687.50199 	-0.0013665589 	 300.006 	
-707.56052 	-0.0013886818 	 300.007 	
-727.5456 	-0.0014125483 	 300.008 	
-747.54001 	-0.0014342338 	 300.006 	
-767.55009 	-0.0014621775 	 300.007 	
-787.53892 	-0.0014807818 	 300.006 	
-807.53211 	-0.0015026627 	 300.007 	
-827.52252 	-0.0015245953 	 300.007 	
-847.52063 	-0.0015509235 	 300.007 	
-867.52 	-0.001568193 	 300.007 	
-887.51046 	-0.0015801946 	 300.006 	
-907.50704 	-0.0016035049 	 300.006 	
-927.50289 	-0.0016277645 	 300.005 	
-947.4937 	-0.0016432287 	 300.006 	
-967.49141 	-0.0016633266 	 300.005 	
-987.49221 	-0.0016851553 	 300.004 	
-1146.264 	-0.0018100223 	 300.003 	
-1460.4705 	-0.0020693811 	 300.004 	
-1774.7131 	-0.0023000401 	 300.004 	
-2088.9745 	-0.00247363 	 300.002 	
-2403.2372 	-0.0026950655 	 300.002 	
-2717.4796 	-0.0028632152 	 300.002 	
-3032.545 	-0.0030307402 	 300.001 	
-3349.0768 	-0.0031906343 	 300.002 	
-3663.3298 	-0.0033478728 	 300.002 	
-3977.5618 	-0.0035115638 	 300.003 	
-4291.7882 	-0.0036661954 	 300.001 	
-4606.0445 	-0.0038132276 	 300.003 	
-4920.2806 	-0.0039574267 	 300.004 	
-5234.981 	-0.0041001511 	 300.002 	
-5551.7631 	-0.0042547097 	 300.002 	
-5866.0939 	-0.0043990068 	 300.002 	
-6180.3355 	-0.0045132554 	 300.003 	
-6494.5404 	-0.0046627556 	 300.002 	
-6808.7958 	-0.0048018335 	 300.002 	
-7123.0226 	-0.0049386103 	 300.002 	
-7437.2274 	-0.0050701218 	 300.001 	
-7751.4631 	-0.0052009968 	 300.002 	
-8065.6644 	-0.0053210036 	 300.002 	
-8379.8591 	-0.0054573799 	 300.002 	
-8694.0424 	-0.0055915072 	 300.003 	
-9008.2161 	-0.0057181789 	 300.003 	
-9322.3958 	-0.0058507239 	 300.003 	
-9636.5281 	-0.0059928065 	 300.002 	
-9950.6372 	-0.0061142183 	 300.003 	
-10264.696 	-0.0062454495 	 300.002 	
-10578.772 	-0.0063687809 	 300.003 	
-10892.824 	-0.0065040764 	 300.002 	
-11206.851 	-0.0066254756 	 300.003 	
-11520.854 	-0.0067666461 	 300.002 	
-11834.81 	-0.0068910383 	 300.003 	
-11862.373 	-0.0069462041 	 300.002 	
-11548.321 	-0.0068245192 	 300.004 	
-11233.67 	-0.0067145969 	 300.005 	
-10919.153 	-0.0065949433 	 300.005 	
-10604.7 	-0.0064806509 	 300.006 	
-10290.331 	-0.0063639239 	 300.007 	
-9976.004 	-0.006235522 	 300.007 	
-9661.7698 	-0.0061140564 	 300.006 	
-9347.5209 	-0.0059934927 	 300.007 	
-9033.3543 	-0.0058648626 	 300.009 	
-8719.1893 	-0.0057356224 	 300.008 	
-8405.0385 	-0.0056163669 	 300.008 	
-8090.8681 	-0.0054829101 	 300.009 	
-7776.5448 	-0.0053605213 	 300.01 	
-7462.2545 	-0.0052308335 	 300.01 	
-7147.9629 	-0.0051067773 	 300.009 	
-6833.6859 	-0.0049754219 	 300.009 	
-6519.3767 	-0.0048442087 	 300.01 	
-6205.0936 	-0.0047088434 	 300.009 	
-5890.7923 	-0.0045806314 	 300.008 	
-5574.0497 	-0.0044348753 	 300.009 	
-5259.0762 	-0.0042972676 	 300.007 	
-4944.7944 	-0.0041548507 	 300.007 	
-4630.5089 	-0.0040028884 	 300.007 	
-4316.2453 	-0.003851838 	 300.006 	
-4001.9907 	-0.0037046656 	 300.006 	
-3687.6407 	-0.0035463558 	 300.006 	
-3373.3504 	-0.0033786536 	 300.005 	
-3059.082 	-0.0032229188 	 300.005 	
-2744.78 	-0.0030451941 	 300.003 	
-2430.5229 	-0.0028653716 	 300.005 	
-2116.2408 	-0.0026721869 	 300.004 	
-1801.974 	-0.0024748829 	 300.004 	
-1487.7119 	-0.0022289052 	 300.004 	
-1173.4806 	-0.001973618 	 300.003 	
-1008.053 	-0.0018308332 	 300.001 	
-988.22873 	-0.0018072341 	 299.999 	
-968.23184 	-0.001785765 	 300 	
-948.24454 	-0.0017666219 	 299.998 	
-928.23961 	-0.0017369324 	 299.999 	
-908.2553 	-0.0017140429 	 299.997 	
-888.262 	-0.0016908241 	 299.997 	
-868.26497 	-0.001669195 	 299.995 	
-848.26116 	-0.0016418073 	 299.994 	
-828.25645 	-0.0016274826 	 299.993 	
-808.27892 	-0.0015991717 	 299.994 	
-788.28111 	-0.0015777284 	 299.993 	
-768.28298 	-0.0015548448 	 299.993 	
-748.28885 	-0.0015349186 	 299.992 	
-728.28905 	-0.0015157403 	 299.991 	
-708.29325 	-0.0014887374 	 299.992 	
-688.30116 	-0.001464008 	 299.992 	
-668.1591 	-0.0014409494 	 299.992 	
-648.10695 	-0.0014148069 	 299.993 	
-628.10578 	-0.001391493 	 299.993 	
-608.12097 	-0.0013709148 	 299.994 	
-588.12806 	-0.0013364313 	 299.994 	
-568.13679 	-0.0013135014 	 299.996 	
-548.13935 	-0.0012925783 	 299.996 	
-528.14716 	-0.0012584597 	 299.998 	
-508.13483 	-0.0012383609 	 299.999 	
-488.14247 	-0.001206399 	 299.999 	
-468.15742 	-0.0011766717 	 300 	
-448.17072 	-0.0011450529 	 300 	
-428.15361 	-0.0011215319 	 300.002 	
-408.17576 	-0.0010908544 	 300.002 	
-388.17371 	-0.0010625936 	 300.004 	
-368.17536 	-0.0010353351 	 300.004 	
-348.19337 	-0.00099484221 	 300.006 	
-328.18353 	-0.00095934841 	 300.007 	
-308.05328 	-0.00091887096 	 300.008 	
-288.00121 	-0.00088343654 	 300.008 	
-268.00548 	-0.00084283461 	 300.009 	
-248.00302 	-0.00079995972 	 300.011 	
-228.0085 	-0.00075845432 	 300.011 	
-208.02988 	-0.00071125261 	 300.011 	
-188.02391 	-0.0006603644 	 300.011 	
-168.02392 	-0.00061304079 	 300.01 	
-148.03423 	-0.0005625365 	 300.011 	
-128.03851 	-0.00050230095 	 300.01 	
-108.04743 	-0.00044615176 	 300.011 	
-88.039557 	-0.00038485968 	 300.01 	
-68.045683 	-0.00031479633 	 300.01 	
-48.036097 	-0.00024530902 	 300.009 	
-28.048005 	-0.00016511474 	 300.008 	
-8.0421543 	-0.000086724537 	 300.008 	
 11.950519 	-0.0000072409976 	 300.006 	
 31.953883 	 0.000072516711 	 300.007 	
 51.956681 	 0.00014612613 	 300.005 	
 72.150874 	 0.00021615444 	 300.004 	
 92.137079 	 0.00028271342 	 300.003 	
 112.15111 	 0.00034905677 	 300.003 	
 132.1496 	 0.00040508234 	 300.003 	
 152.14337 	 0.00046381533 	 300.003 	
 172.14583 	 0.00051505792 	 300.001 	
 192.14906 	 0.00056393785 	 300.001 	
 212.14625 	 0.00061272365 	 300 	
 232.14178 	 0.0006524252 	 300.001 	
 252.15016 	 0.00069791524 	 300 	
 272.13243 	 0.00074406083 	 299.999 	
 292.13132 	 0.00077883113 	 300 	
 312.12592 	 0.0008147983 	 299.999 	
 332.13538 	 0.00084977815 	 299.999 	
 352.10542 	 0.00088852648 	 299.999 	
 372.12372 	 0.00092588397 	 299.999 	
 392.10409 	 0.00095903699 	 299.999 	
 412.10465 	 0.00098929069 	 299.999 	
 432.09503 	 0.0010160757 	 299.999 	
 452.16868 	 0.0010515958 	 299.999 	
 472.28745 	 0.0010817607 	 299.998 	
 492.27525 	 0.001113891 	 299.998 	
 512.28344 	 0.0011420318 	 299.998 	
 532.27035 	 0.0011679043 	 299.999 	
 552.27621 	 0.0011940887 	 299.999 	
 572.2655 	 0.0012253102 	 299.999 	
 592.25844 	 0.0012522843 	 300 	
 612.25025 	 0.0012733651 	 299.999 	
 632.24107 	 0.001301872 	 300.001 	
 652.24333 	 0.001325649 	 299.999 	
 672.23767 	 0.0013459798 	 300 	
 692.24167 	 0.0013698048 	 300.001 	
 712.23152 	 0.001393047 	 299.999 	
 732.2187 	 0.0014141782 	 299.999 	
 752.23052 	 0.0014405821 	 300 	
 772.20481 	 0.0014618026 	 300 	
 792.21284 	 0.0014841889 	 300 	
 812.20775 	 0.0015095662 	 300 	
 832.20318 	 0.0015243914 	 299.999 	
 852.19202 	 0.0015465494 	 299.999 	
 872.19448 	 0.0015640727 	 299.999 	
 892.18532 	 0.0015866801 	 299.999 	
 912.18049 	 0.0016065278 	 299.998 	
 932.17071 	 0.0016271712 	 299.998 	
 952.17355 	 0.0016459346 	 299.998 	
 972.16543 	 0.0016643676 	 299.998 	
 1133.8928 	 0.0017977406 	 299.999 	
 1448.1556 	 0.0020715346 	 299.998 	
 1762.4102 	 0.0022716878 	 299.999 	
 2076.6956 	 0.0024912477 	 299.999 	
 2390.9357 	 0.0026717962 	 299.998 	
 2705.1532 	 0.0028475144 	 299.998 	
 3019.3902 	 0.0030186449 	 299.999 	
 3333.6508 	 0.0031820803 	 299.998 	
 3647.8882 	 0.0033307078 	 300 	
 3962.116 	 0.0034931413 	 300 	
 4276.3514 	 0.0036400184 	 299.999 	
 4590.5824 	 0.0038033367 	 299.999 	
 4904.8302 	 0.00393372 	 299.999 	
 5219.0425 	 0.0040563959 	 299.999 	
 5533.1995 	 0.004225496 	 299.999 	
 5847.4905 	 0.0043569836 	 300 	
 6161.7446 	 0.004492801 	 299.998 	
 6475.9637 	 0.004621632 	 299.998 	
 6790.1818 	 0.0047610695 	 299.999 	
 7104.4137 	 0.0048855863 	 299.999 	
 7418.6348 	 0.0050210767 	 299.999 	
 7732.8522 	 0.0051458938 	 299.998 	
 8047.0636 	 0.0052861293 	 299.997 	
 8361.2685 	 0.005411937 	 299.997 	
 8675.4556 	 0.0055380069 	 299.996 	
 8989.6329 	 0.0056619696 	 299.997 	
 9305.8201 	 0.0057793658 	 299.996 	
 9621.0655 	 0.0059080751 	 299.997 	
 9935.1646 	 0.0060337106 	 299.996 	
 10249.232 	 0.0061655284 	 299.996 	
 10563.32 	 0.0062894941 	 299.997 	
 10877.351 	 0.0064073365 	 299.995 	
 11191.386 	 0.0065421138 	 299.996 	
 11505.432 	 0.0066668041 	 299.994 	
 11822.476 	 0.0067912293 	 299.993 	

	
	
