Version 1.25
******************************************** Units *******************************************
System CGS
TemperatureUnit C
MomentUnit emu
AppliedFieldUnit Oe
 
******************************************** Setup ********************************************
 
Experiment CustomField
Minor False
Acquisition Continuous
EditedPoint No
MaxField 12000
FieldIncrement 114.285714285714
Points 421
MinField 0
RampRate 11.4285714285714
AverageTime 10
TimeInterval 0
TimeConstant 0.1
TimeConstantIndex 0
Sensitivity -0.0064
SensitivityIndex 5
SensitivityY -0.004
SensitivityIndexY 5
SaturationField 8000
ExperimentTime 4210
Use735Domains False
AutoRangeEnabled False
NumberOfVertices 20
VertexPts
0
10
30
50
70
110
150
160
180
200
220
230
270
310
320
340
360
370
380
420
VertexField
-5
5
100
500
1000
12000
1000
500
100
-100
-500
-1000
-12000
-1000
-500
-100
100
500
1000
12000
StartAngle 0
EndAngle 0
AngleIncrement 0
StartTemp 0
FinishTemp 0
TempIncrement 0
TempPoints 0
LengthofSetPointsArray 421
SetPointArray
-5
-4
-3
-2
-1
0
1
2
3
4
5
9.75
14.5
19.25
24
28.75
33.5
38.25
43
47.75
52.5
57.25
62
66.75
71.5
76.25
81
85.75
90.5
95.25
100
120
140
160
180
200
220
240
260
280
300
320
340
360
380
400
420
440
460
480
500
525
550
575
600
625
650
675
700
725
750
775
800
825
850
875
900
925
950
975
1000
1275
1550
1825
2100
2375
2650
2925
3200
3475
3750
4025
4300
4575
4850
5125
5400
5675
5950
6225
6500
6775
7050
7325
7600
7875
8150
8425
8700
8975
9250
9525
9800
10075
10350
10625
10900
11175
11450
11725
12000
11725
11450
11175
10900
10625
10350
10075
9800
9525
9250
8975
8700
8425
8150
7875
7600
7325
7050
6775
6500
6225
5950
5675
5400
5125
4850
4575
4300
4025
3750
3475
3200
2925
2650
2375
2100
1825
1550
1275
1000
950
900
850
800
750
700
650
600
550
500
480
460
440
420
400
380
360
340
320
300
280
260
240
220
200
180
160
140
120
100
90
80
70
60
50
40
30
20
10
0
-10
-20
-30
-40
-50
-60
-70
-80
-90
-100
-120
-140
-160
-180
-200
-220
-240
-260
-280
-300
-320
-340
-360
-380
-400
-420
-440
-460
-480
-500
-550
-600
-650
-700
-750
-800
-850
-900
-950
-1000
-1275
-1550
-1825
-2100
-2375
-2650
-2925
-3200
-3475
-3750
-4025
-4300
-4575
-4850
-5125
-5400
-5675
-5950
-6225
-6500
-6775
-7050
-7325
-7600
-7875
-8150
-8425
-8700
-8975
-9250
-9525
-9800
-10075
-10350
-10625
-10900
-11175
-11450
-11725
-12000
-11725
-11450
-11175
-10900
-10625
-10350
-10075
-9800
-9525
-9250
-8975
-8700
-8425
-8150
-7875
-7600
-7325
-7050
-6775
-6500
-6225
-5950
-5675
-5400
-5125
-4850
-4575
-4300
-4025
-3750
-3475
-3200
-2925
-2650
-2375
-2100
-1825
-1550
-1275
-1000
-950
-900
-850
-800
-750
-700
-650
-600
-550
-500
-480
-460
-440
-420
-400
-380
-360
-340
-320
-300
-280
-260
-240
-220
-200
-180
-160
-140
-120
-100
-90
-80
-70
-60
-50
-40
-30
-20
-10
0
10
20
30
40
50
60
70
80
90
100
140
180
220
260
300
340
380
420
460
500
550
600
650
700
750
800
850
900
950
1000
1275
1550
1825
2100
2375
2650
2925
3200
3475
3750
4025
4300
4575
4850
5125
5400
5675
5950
6225
6500
6775
7050
7325
7600
7875
8150
8425
8700
8975
9250
9525
9800
10075
10350
10625
10900
11175
11450
11725
12000
FieldDomainFile C:\IDEASVSM\Default UserID\Experiments\HysCoFe2O4_Completa\fdomain.ini
TempDomainFile C:\IDEASVSM\Default UserID\Experiments\HysCoFe2O4_Completa\tdomain.ini
NumSelectedResults 0
ResultsSelected 
UserName1 
UserValue1 
UserName2 
UserValue2 
LinearBackgroundCorrection Off
MaxLinearFieldCorrection 
MinLinearFieldCorrection 
AutoLinearCorrection Off
FitOneRegion Off
BackgroundMode Off
BackgroundFilename 
AutoCenter Off
OffsetCorrection 
SmoothDeriv Off
DerivOrder 0
DerivPoints 0
MinExFieldOne 
MaxExFieldOne 
MinExFieldTwo 
MaxExFieldTwo 
MinPinFieldOne 
MaxPinFieldOne 
MinPinFieldTwo 
MaxPinFieldTwo 
HCenterStart 
Mass 
Volume 
Density 
MolarWeight 
NumberOfMoles 
Demagnetization 
SampleArea 
Thickness 
MomentScaling 0
XAxis 0
YAxis 0
SimpleSpinValve False
HsatMax 0
HsatMin 0
FieldAutoRange False
 
*************************************************** Experiment Data ********************************************
 
DataPoints 421
MomentX Data
0.000065172676
0.000058579597
0.000059575448
0.000063817812
0.000058460503
0.000056254076
0.000062851349
0.000064283192
0.000056393873
0.000060393458
0.000064483635
0.000061771359
0.000063250953
0.000063415723
0.00006424627
0.000072248568
0.00006405754
0.000062262361
0.000070638488
0.000078092533
0.000075085413
0.000082598707
0.000076465479
0.000081267824
0.000084324418
0.000083794497
0.000090805138
0.000090412306
0.000083996998
0.000094893499
0.000091613342
0.00010069508
0.00010473568
0.00011373256
0.00011787088
0.00012416634
0.00013412771
0.00014527465
0.00014932613
0.00015763632
0.00016204224
0.00017378285
0.00017606711
0.00018331444
0.00019159832
0.00019754702
0.00020895199
0.00021492447
0.00022082678
0.00022735397
0.00023273657
0.00024408594
0.00025428493
0.00025757514
0.000271177
0.00027416137
0.00028325555
0.00029080255
0.00030124461
0.00030435738
0.00031157103
0.00032387526
0.00033060112
0.00033663497
0.00034182661
0.00035464042
0.00036657002
0.00037031571
0.00037593712
0.0003899158
0.0003892822
0.00043670647
0.00050875181
0.00059910113
0.00067164727
0.00075857533
0.00083005657
0.00090883615
0.00096588912
0.0010551286
0.0011443062
0.0012084968
0.0012805982
0.0013494619
0.0014279235
0.0015082909
0.0015913622
0.0016674474
0.0017295572
0.001815865
0.0018746143
0.0019533751
0.0020272173
0.0020926537
0.0021837855
0.002236708
0.0023194169
0.0023946742
0.0024596777
0.0025291134
0.0026210035
0.0026758003
0.0027731169
0.0028294807
0.0028909248
0.0029934265
0.0030406021
0.0031001359
0.0031746625
0.0032543557
0.0033393976
0.0033348879
0.0032732787
0.0032016407
0.0031335171
0.0030441831
0.002990571
0.0029235863
0.0028397281
0.0027620819
0.0026857047
0.0026304854
0.0025444018
0.0024727615
0.002398527
0.0023202209
0.0022631514
0.0021780456
0.0020989188
0.0020418796
0.0019586766
0.0018928809
0.0018131055
0.001738691
0.0016728758
0.001569974
0.0014982264
0.0014386764
0.0013634052
0.0012886448
0.0012091981
0.0011275859
0.0010585185
0.00097328435
0.00090377645
0.00083222236
0.0007469324
0.00066169469
0.00059381036
0.00052218088
0.00043442322
0.00039999966
0.00036443301
0.00034062899
0.00033110687
0.0003157108
0.00029545429
0.00029524522
0.00027147504
0.00025949976
0.00023878261
0.00022268638
0.00021588325
0.00021030652
0.00020114318
0.00018797035
0.00018890193
0.00017723369
0.0001662213
0.00016052402
0.00014747858
0.00014690654
0.0001383738
0.00012347712
0.00012836029
0.00010521483
0.00010646191
0.000088704895
0.000088030227
0.000084116938
0.000070417511
0.000077537295
0.000060450871
0.000058943223
0.000047416739
0.000042377418
0.000037877375
0.000034954005
0.000033430077
0.000021908763
0.000027019893
0.000020628544
0.0000094667394
0.000011201892
0.000009616221
0.0000031778763
-0.000012588478
-0.000010475112
-0.000013761491
-0.000013749123
-0.00002451455
-0.000022167496
-0.000048346601
-0.000044779195
-0.000051476126
-0.000059258103
-0.000077677394
-0.000085246195
-0.000092997808
-0.000090887896
-0.00010023573
-0.00010693609
-0.00012080283
-0.00012425255
-0.00013365032
-0.00014113774
-0.00015289893
-0.000163682
-0.00016471874
-0.0001778639
-0.00018120954
-0.00018929651
-0.00020907957
-0.00022676059
-0.00024860054
-0.00026263255
-0.00028614176
-0.00030038548
-0.00031251733
-0.00032488314
-0.00034230864
-0.00035688172
-0.00047241617
-0.00053442417
-0.00066333872
-0.0007025995
-0.00079639575
-0.00087537408
-0.00095807209
-0.0010475664
-0.0010985783
-0.0011728975
-0.001267504
-0.0013177959
-0.0014306202
-0.0014859155
-0.0015544472
-0.0016608043
-0.0017406939
-0.0018191646
-0.0018904861
-0.0019508221
-0.0020337597
-0.0021120716
-0.00216547
-0.0022532443
-0.0023250405
-0.002429611
-0.0024936695
-0.0025677493
-0.0026396949
-0.0027207477
-0.0027831798
-0.0028622404
-0.0029450668
-0.003016756
-0.0030841141
-0.0031513539
-0.0032386498
-0.0033173248
-0.0034010554
-0.0033904053
-0.0033139825
-0.0032432289
-0.0031686489
-0.0030979275
-0.003006074
-0.0029555415
-0.0029063639
-0.0028135086
-0.0027504981
-0.0026717959
-0.0026067546
-0.0025236471
-0.0024641062
-0.0023861048
-0.0023123531
-0.002251901
-0.002190811
-0.0020956509
-0.0020182538
-0.0019487696
-0.0018778642
-0.0017798847
-0.0017181102
-0.0016520434
-0.001572994
-0.0014922636
-0.0014377869
-0.0013418996
-0.0012697981
-0.0012061451
-0.0011274024
-0.001065085
-0.00097776682
-0.00090436696
-0.00084098084
-0.00075748203
-0.00068240427
-0.00058017964
-0.00049134636
-0.00045472162
-0.00044387757
-0.00042463016
-0.00041561062
-0.00038804675
-0.00037930033
-0.00035305697
-0.00033292208
-0.00032441125
-0.00030583107
-0.00029677235
-0.00030116363
-0.00028385095
-0.00028029008
-0.00027275679
-0.00026685606
-0.00026139392
-0.00025329722
-0.00024989746
-0.00023625636
-0.00023825961
-0.00022576308
-0.00022222004
-0.00020840072
-0.00019387115
-0.00020138427
-0.00018510343
-0.00017301276
-0.00017251221
-0.00016265945
-0.00016341539
-0.00015833252
-0.0001503336
-0.0001524125
-0.00014058001
-0.00013215032
-0.00013226937
-0.00012930602
-0.00012565794
-0.00011523058
-0.00011916035
-0.0001071582
-0.00011671069
-0.00010075695
-0.00010060949
-0.000092664363
-0.000091806394
-0.000090433793
-0.000076871163
-0.000080766381
-0.000084939341
-0.000060200409
-0.000038758008
-0.000015954886
-0.0000050521783
0.000016333671
0.000014254444
0.000022501991
0.000055842546
0.000074328215
0.000069406028
0.000090376153
0.00010554806
0.00011465362
0.00013871176
0.00016721442
0.00017688202
0.00019635933
0.00020815048
0.0002347163
0.00027914326
0.00036340001
0.00045298336
0.0004951684
0.0005994345
0.00068723634
0.00075324951
0.00083601092
0.00089329774
0.00098973776
0.0010593361
0.0011286134
0.0012046001
0.0012657473
0.0013547511
0.0014213688
0.001529201
0.0016042188
0.0016766246
0.0017582237
0.0018354059
0.0018972867
0.0019824705
0.0020547481
0.0021152992
0.0022071976
0.0022657552
0.0023607963
0.0024239691
0.0024968538
0.0025786664
0.0026458181
0.0027105844
0.0027980307
0.0028730065
0.0029383218
0.0030250846
0.00309026
0.0031644207
0.0032392471
MomentY Data
0.0000039943694
0.0000034557484
0.00000074280739
0.0000022335766
0.0000042753408
0.0000016477966
0.0000032206629
-0.00000047540664
0.0000027553414
0.0000010912179
0.0000056119631
0.0000016520738
0.0000051595018
0.0000013726234
0.0000014466953
0.0000031521652
0.0000045787999
0.000003075571
0.0000013326883
0.0000036472605
0.0000011423254
0.0000027060173
0.0000020184182
0.0000041308162
0.000003261876
0.0000034294795
0.0000016912794
0.0000018837594
0.0000013429784
0.0000034188651
0.0000018303203
0.0000013238096
0.0000036337231
0.0000047124527
0.0000047781227
0.0000003798055
0.0000012260818
0.0000045927142
0.0000042647169
0.0000046287296
0.0000035549592
0.0000039660213
0.0000035873936
0.0000022635936
0.0000027109336
-0.00000012078289
0.0000028983878
0.0000046900413
0.0000049099444
0.0000088841672
0.0000044283579
0.0000042335223
0.0000051190566
0.0000037434815
0.0000022853659
0.0000010008096
0.000002422285
0.0000018494796
-0.00000043701171
0.000001717329
0.00000030120369
-0.00000036600584
0.0000057625053
0.0000011866569
0.000002851076
0.0000057533214
0.0000032608364
0.0000039934157
0.0000020128011
0.0000025964307
0.0000060770843
0.0000052158782
0.0000026307677
0.0000068837115
0.0000041812371
0.00000021412851
0.0000026707409
0.0000029158162
0.0000068020436
0.0000047871874
0.0000035859345
0.00000885632
0.0000024234818
0.0000053144071
0.0000069291064
0.0000048466108
0.0000043894003
-0.00000099069592
0.0000047155426
0.0000015053701
0.0000012613391
0.00000211565
-0.000000044541315
0.0000037460516
0.000004792876
0.0000027126263
0.0000029393575
0.0000072239157
0.0000016485452
0.00000071638585
0.0000012871647
0.0000014444875
0.0000038081025
0.0000038011311
0.0000021572446
0.00000076464652
0.0000047294615
0.0000050659464
0.00000189754
0.0000027627324
0.0000053031586
0.0000042307375
0.0000041267251
0.0000039604281
0.0000058003136
0.0000027964781
0.0000020007228
0.0000035728787
0.0000016842222
0.000002563486
0.0000024914692
0.0000034302757
0.0000027758883
0.0000046841905
0.0000027516554
0.0000029249285
0.00000083981988
0.0000042136525
0.0000027157877
0.0000045425937
0.0000038195656
0.0000013421297
0.0000028702019
0.0000032342528
0.0000014007282
0.0000043863819
0.0000025221108
0.0000041972493
0.0000038628385
-0.0000021858024
0.0000055338667
0.0000058697555
0.00000068562983
0.000002582898
0.0000035034035
0.0000013787269
-0.0000011840295
0.0000017496633
0.0000037094782
0.00000043422693
0.0000045247028
0.0000057781646
0.0000043681572
0.0000055928896
0.0000042350958
0.0000013968801
0.000000005903233
0.0000014562797
0.0000031137703
0.0000026506614
0.0000019773577
0.0000048868129
0.0000016731452
-0.00000020955092
0.0000034331273
-0.00000016948698
0.0000029041337
0.000006479964
0.0000064634129
0.0000044573639
0.0000042193268
0.0000061911819
0.0000019784068
0.0000033145378
0.0000034692667
0.0000029154967
0.0000022129296
0.0000052505253
0.00000011046882
0.000002300353
0.0000022660254
0.0000025807903
0.000003019924
0.0000031092977
0.00000044178965
0.0000073131653
0.0000027199172
0.0000036369275
0.0000039759062
-0.0000023705338
0.0000040374754
0.0000033673476
-0.000000046954211
0.0000038455914
-0.00000035303114
0.0000050078485
0.0000029763745
0.0000017479228
0.0000029413985
0.0000046400354
0.0000024560022
0.00000094846723
0.000002681732
0.0000047366902
0.0000039268349
0.0000051566169
0.0000012063932
0.0000022695064
0.0000051198767
-0.00000040926454
0.0000049066637
0.000004560108
0.0000046485517
0.0000036327122
0.0000053572605
0.000006252074
0.0000012498569
0.00000334177
0.000002384343
0.000004189205
0.0000038947342
-0.0000015787505
0.00000016453266
0.0000024325799
0.0000041134976
0.0000025886344
0.0000051712988
0.0000059618947
0.0000028631924
0.0000059478375
0.0000056837842
0.0000044341705
0.0000036295699
0.0000014557838
0.00000082851885
0.0000036234997
0.0000017934417
-0.00000006460672
0.0000030646037
0.0000012661122
0.0000011795187
0.0000015694046
-0.0000002252054
0.0000015282917
0.0000040363405
0.0000013134908
0.0000017061995
0.0000051372002
0.00000017181869
0.00000011453153
-0.0000001286173
0.000003554325
0.0000005221033
0.0000036187648
-0.0000021496343
0.000002543578
0.0000067971608
0.0000048487709
0.0000044756554
0.00000034197327
0.0000009024715
0.0000051866958
0.0000025990247
0.000001988368
0.0000016978502
-0.000001316781
0.0000010696125
0.00000041913981
0.0000013761281
0.0000031120776
0.0000033750771
0.0000029023264
-0.00000060077666
0.000005781841
0.0000048250244
0.000002397499
0.0000018999957
0.0000048368642
0.000003043208
-0.0000004887199
-0.000000068736069
0.0000011542654
0.00000051607127
0.0000030200432
0.00000074012753
0.000004098048
0.0000025667667
0.0000014240885
0.0000045591162
0.0000029667567
0.00000026443002
0.00000082701204
0.0000027952718
0.0000055031679
0.0000039526318
0.0000039118146
0.0000046820352
-0.0000011813211
0.000004112563
0.000003451042
0.0000067748496
0.00000050837037
0.0000021252917
0.0000057441327
0.000003407092
0.0000044392441
0.0000016010236
0.00000010134695
0.0000013683939
0.0000044250057
0.0000039184426
0.0000019515704
0.0000036041497
0.0000031004237
0.0000056888721
0.0000075493428
0.0000021435403
0.00000046977994
0.00000061605446
0.00000045637138
0.0000026948118
0.0000032585286
0.000003047571
0.00000087755676
-0.000000090250959
0.0000028238582
0.0000025746583
-0.00000033761502
0.0000029261206
0.0000032627343
0.00000023670193
0.0000048479221
-0.000000085339588
0.0000047887752
0.0000015909385
0.0000019212674
0.0000048161551
0.0000062692925
0.0000057240627
0.0000027706908
0.0000047554253
0.0000032694577
0.0000058785293
0.00000085257529
0.0000038987349
0.0000047221564
0.0000086657902
0.0000049730489
0.0000027668046
0.0000020740889
0.0000034616421
0.0000011902332
-0.00000071956632
0.0000025761985
0.0000017271995
0.0000030813836
0.00000055936807
0.00000367424
0.0000035186909
0.0000042757271
0.0000014249419
0.0000051110409
0.0000039595126
0.0000030426453
0.00000619009
0.000006239414
0.0000029492663
0.0000031468533
0.0000024902533
0.0000068886133
0.0000011913013
0.0000032347105
0.0000038017796
0.0000047453592
0.000001649804
0.0000035185526
0.000005369334
0.0000025720309
0.0000060931966
0.0000019839381
0.0000032565783
0.0000030495404
0.0000046981332
0.00000028103825
-0.00000045462607
0.0000013891839
0.0000067986103
0.00000091988561
0.0000021065377
0.0000042585514
0.0000022930478
0.00000019065376
0.0000026533078
0.0000020472096
0.0000025401115
0.000003525729
0.0000020589065
0.0000050164364
0.0000006479835
-0.00000071033476
0.0000034070538
0.0000014197969
0.000001153922
0.0000032359551
-0.00000011679168
0.0000012988376
0.0000028723572
0.0000039752052
0.0000037781094
0.0000029542492
0.0000049688862
0.0000065802142
0.0000038732098
0.0000035364769
0.0000017063808
-0.00000033296106
0.00000058042047
0.0000029263018
-0.0000023566722
0.0000036463641
0.00000041305065
Field Data
-4.6593842
-3.7433824
-2.8355031
-1.9309141
-1.0255025
-0.12115792
0.80192366
1.7021809
2.6069734
3.5265057
4.4352151
7.008483
11.752203
16.506849
21.238457
26.009115
30.747527
35.502772
40.249573
45.004354
49.75682
54.500645
59.194062
63.990131
68.751295
73.491714
78.24011
82.99311
87.732894
92.469952
97.21025
108.932
128.91519
148.92046
168.91676
188.91126
208.91529
228.91574
248.91968
268.90558
288.90325
308.90306
328.89289
348.89862
368.88886
388.88113
408.88183
428.87246
448.87495
468.87345
488.8703
510.64867
535.61708
560.63485
585.62997
610.62088
635.62023
660.62394
685.61701
710.63659
735.87876
760.88271
785.88177
810.88382
835.87444
860.88254
885.88054
910.87796
935.89249
960.89062
985.88311
1128.2403
1403.1872
1678.2005
1953.2149
2228.2307
2503.2279
2778.2058
3053.1712
3328.157
3603.1318
3878.1056
4153.0823
4428.0405
4703.0257
4977.9976
5252.9791
5527.9353
5802.9124
6077.8735
6352.865
6627.823
6902.8087
7177.7768
7452.7418
7727.7015
8002.6663
8277.6003
8552.5602
8827.4661
9102.3761
9377.2764
9652.1531
9927.0148
10201.856
10476.716
10751.53
11026.342
11301.159
11575.906
11850.69
11866.239
11591.067
11315.559
11040.161
10764.817
10489.53
10214.287
9939.0584
9663.8831
9388.7326
9112.9831
8835.7552
8560.6695
8285.6271
8008.2099
7732.7633
7457.729
7182.6805
6907.6669
6632.6428
6357.6198
6082.5988
5807.5712
5532.519
5257.53
4982.4873
4707.4707
4432.4512
4157.4141
3882.3962
3605.1249
3329.6276
3054.5773
2779.5573
2504.5524
2229.5274
1954.5233
1679.5179
1404.4847
1129.6514
975.42586
925.46417
875.45286
825.44983
775.4479
725.4584
675.44927
625.34527
574.95742
524.94993
490.76445
470.78728
450.78199
430.80185
410.79834
390.80314
370.80511
350.8112
330.82585
310.81929
290.82937
270.83331
250.83814
230.83659
210.84319
190.85614
170.85385
150.85298
130.86277
110.87682
95.756862
85.742051
75.745728
65.752446
55.731104
45.743423
35.759252
25.75534
15.758318
5.7549877
-4.2442344
-14.243116
-24.242712
-34.240236
-44.241524
-54.243439
-64.243288
-74.295035
-84.338312
-94.341006
-108.70772
-128.67986
-148.68241
-168.67137
-188.68073
-208.67218
-228.67385
-248.67545
-268.66133
-288.67414
-308.65565
-328.64553
-348.65033
-368.64196
-388.64011
-408.61466
-428.62444
-448.62558
-468.62464
-488.61
-521.81033
-571.75328
-621.76138
-671.78928
-722.24929
-772.62335
-822.74914
-872.7469
-922.74508
-972.75239
-1121.549
-1396.1511
-1671.1285
-1946.1205
-2221.0941
-2496.0852
-2771.087
-3046.0721
-3321.0351
-3596.029
-3871.0157
-4146.0022
-4420.9865
-4695.9726
-4970.9524
-5245.9132
-5520.9111
-5795.8543
-6070.8426
-6345.8124
-6620.804
-6898.249
-7173.5079
-7448.456
-7723.407
-7998.366
-8273.323
-8548.27
-8823.1967
-9098.1134
-9373.0144
-9647.898
-9922.7597
-10197.614
-10472.436
-10747.252
-11022.047
-11296.839
-11571.609
-11848.79
-11859.06
-11582.137
-11305.173
-11029.749
-10754.446
-10479.16
-10203.886
-9928.6881
-9653.4813
-9378.3348
-9103.2132
-8825.9531
-8549.1409
-8272.4817
-7997.4383
-7722.3819
-7447.3505
-7172.3096
-6897.2931
-6622.2751
-6347.2361
-6072.2219
-5796.2293
-5519.4232
-5244.3961
-4969.3785
-4694.3635
-4419.3115
-4144.3161
-3869.2581
-3594.255
-3319.2298
-3042.658
-2766.441
-2491.4199
-2215.6072
-1938.6633
-1663.6445
-1388.6418
-1114.6608
-976.91092
-926.94132
-876.94397
-826.67948
-776.44149
-726.43709
-675.94288
-625.93693
-575.93582
-525.94216
-491.13133
-471.15316
-451.16492
-431.17829
-411.17964
-391.1744
-371.10901
-350.80505
-330.79592
-310.80151
-290.80218
-270.80263
-250.81044
-230.82642
-210.8207
-190.82317
-170.82622
-150.8357
-130.82716
-110.84092
-95.979183
-85.993688
-76.003069
-65.998263
-56.003358
-45.998765
-36.000875
-26.003842
-16.00325
-5.9989944
3.9956284
13.999445
24.006307
33.988751
44.004635
53.998851
64.014276
73.988202
83.985184
94.030881
116.75441
156.66038
196.65682
236.66011
276.6554
316.64542
356.64738
396.6417
436.63872
476.63783
520.46315
570.41718
620.42165
670.43061
720.4272
770.42184
820.4216
870.42535
920.42279
970.42877
1125.5919
1400.486
1675.4641
1950.4678
2225.4278
2500.4287
2775.4027
3050.3959
3325.3757
3600.3799
3875.3499
4150.3382
4425.3184
4700.3001
4975.2858
5250.253
5525.2301
5800.2005
6075.1882
6352.2692
6627.8777
6902.8392
7177.8303
7452.7941
7727.7495
8005.1955
8280.4042
8555.3651
8830.2828
9105.2
9380.1013
9654.9854
9929.8579
10204.672
10479.514
10754.323
11029.124
11303.906
11578.673
11853.393
Time Data
0
10
20
30
40
50
60
70
80
90
100
110
120
130
140
150
160
170
180
190
200
210
220
230
240
250
260
270
280
290
300
310
320
330
340
350
360
370
380
390
400
410
420
430
440
450
460
470
480
490
500
510
520
530
540
550
560
570
580
590
600
610
620
630
640
650
660
670
680
690
700
710
720
730
740
750
760
770
780
790
800
810
820
830
840
850
860
870
880
890
900
910
920
930
940
950
960
970
980
990
1000
1010
1020
1030
1040
1050
1060
1070
1080
1090
1100
1110
1120
1130
1140
1150
1160
1170
1180
1190
1200
1210
1220
1230
1240
1250
1260
1270
1280
1290
1300
1310
1320
1330
1340
1350
1360
1370
1380
1390
1400
1410
1420
1430
1440
1450
1460
1470
1480
1490
1500
1510
1520
1530
1540
1550
1560
1570
1580
1590
1600
1610
1620
1630
1640
1650
1660
1670
1680
1690
1700
1710
1720
1730
1740
1750
1760
1770
1780
1790
1800
1810
1820
1830
1840
1850
1860
1870
1880
1890
1900
1910
1920
1930
1940
1950
1960
1970
1980
1990
2000
2010
2020
2030
2040
2050
2060
2070
2080
2090
2100
2110
2120
2130
2140
2150
2160
2170
2180
2190
2200
2210
2220
2230
2240
2250
2260
2270
2280
2290
2300
2310
2320
2330
2340
2350
2360
2370
2380
2390
2400
2410
2420
2430
2440
2450
2460
2470
2480
2490
2500
2510
2520
2530
2540
2550
2560
2570
2580
2590
2600
2610
2620
2630
2640
2650
2660
2670
2680
2690
2700
2710
2720
2730
2740
2750
2760
2770
2780
2790
2800
2810
2820
2830
2840
2850
2860
2870
2880
2890
2900
2910
2920
2930
2940
2950
2960
2970
2980
2990
3000
3010
3020
3030
3040
3050
3060
3070
3080
3090
3100
3110
3120
3130
3140
3150
3160
3170
3180
3190
3200
3210
3220
3230
3240
3250
3260
3270
3280
3290
3300
3310
3320
3330
3340
3350
3360
3370
3380
3390
3400
3410
3420
3430
3440
3450
3460
3470
3480
3490
3500
3510
3520
3530
3540
3550
3560
3570
3580
3590
3600
3610
3620
3630
3640
3650
3660
3670
3680
3690
3700
3710
3720
3730
3740
3750
3760
3770
3780
3790
3800
3810
3820
3830
3840
3850
3860
3870
3880
3890
3900
3910
3920
3930
3940
3950
3960
3970
3980
3990
4000
4010
4020
4030
4040
4050
4060
4070
4080
4090
4100
4110
4120
4130
4140
4150
4160
4170
4180
4190
4200
Temperature Data
0
0
0
0
0
0
0
0
0
0
0
0
0
0
0
0
0
0
0
0
0
0
0
0
0
0
0
0
0
0
0
0
0
0
0
0
0
0
0
0
0
0
0
0
0
0
0
0
0
0
0
0
0
0
0
0
0
0
0
0
0
0
0
0
0
0
0
0
0
0
0
0
0
0
0
0
0
0
0
0
0
0
0
0
0
0
0
0
0
0
0
0
0
0
0
0
0
0
0
0
0
0
0
0
0
0
0
0
0
0
0
0
0
0
0
0
0
0
0
0
0
0
0
0
0
0
0
0
0
0
0
0
0
0
0
0
0
0
0
0
0
0
0
0
0
0
0
0
0
0
0
0
0
0
0
0
0
0
0
0
0
0
0
0
0
0
0
0
0
0
0
0
0
0
0
0
0
0
0
0
0
0
0
0
0
0
0
0
0
0
0
0
0
0
0
0
0
0
0
0
0
0
0
0
0
0
0
0
0
0
0
0
0
0
0
0
0
0
0
0
0
0
0
0
0
0
0
0
0
0
0
0
0
0
0
0
0
0
0
0
0
0
0
0
0
0
0
0
0
0
0
0
0
0
0
0
0
0
0
0
0
0
0
0
0
0
0
0
0
0
0
0
0
0
0
0
0
0
0
0
0
0
0
0
0
0
0
0
0
0
0
0
0
0
0
0
0
0
0
0
0
0
0
0
0
0
0
0
0
0
0
0
0
0
0
0
0
0
0
0
0
0
0
0
0
0
0
0
0
0
0
0
0
0
0
0
0
0
0
0
0
0
0
0
0
0
0
0
0
0
0
0
0
0
0
0
0
0
0
0
0
0
0
0
0
0
0
0
0
0
0
0
0
0
0
0
0
0
0
0
0
0
0
0
0
0
0
0
0
0
0
0
0
0
0
0
0
0
0
0
0
0
0
0
0
0
0
0
0
0
0
0
0
0
0
0
0
0
0
0
0
Angle Data
0
0
0
0
0
0
0
0
0
0
0
0
0
0
0
0
0
0
0
0
0
0
0
0
0
0
0
0
0
0
0
0
0
0
0
0
0
0
0
0
0
0
0
0
0
0
0
0
0
0
0
0
0
0
0
0
0
0
0
0
0
0
0
0
0
0
0
0
0
0
0
0
0
0
0
0
0
0
0
0
0
0
0
0
0
0
0
0
0
0
0
0
0
0
0
0
0
0
0
0
0
0
0
0
0
0
0
0
0
0
0
0
0
0
0
0
0
0
0
0
0
0
0
0
0
0
0
0
0
0
0
0
0
0
0
0
0
0
0
0
0
0
0
0
0
0
0
0
0
0
0
0
0
0
0
0
0
0
0
0
0
0
0
0
0
0
0
0
0
0
0
0
0
0
0
0
0
0
0
0
0
0
0
0
0
0
0
0
0
0
0
0
0
0
0
0
0
0
0
0
0
0
0
0
0
0
0
0
0
0
0
0
0
0
0
0
0
0
0
0
0
0
0
0
0
0
0
0
0
0
0
0
0
0
0
0
0
0
0
0
0
0
0
0
0
0
0
0
0
0
0
0
0
0
0
0
0
0
0
0
0
0
0
0
0
0
0
0
0
0
0
0
0
0
0
0
0
0
0
0
0
0
0
0
0
0
0
0
0
0
0
0
0
0
0
0
0
0
0
0
0
0
0
0
0
0
0
0
0
0
0
0
0
0
0
0
0
0
0
0
0
0
0
0
0
0
0
0
0
0
0
0
0
0
0
0
0
0
0
0
0
0
0
0
0
0
0
0
0
0
0
0
0
0
0
0
0
0
0
0
0
0
0
0
0
0
0
0
0
0
0
0
0
0
0
0
0
0
0
0
0
0
0
0
0
0
0
0
0
0
0
0
0
0
0
0
0
0
0
0
0
0
0
0
0
0
0
0
0
0
0
0
0
0
0
0
0
0
0
0
0
Bx Data
0
0
0
0
0
0
0
0
0
0
0
0
0
0
0
0
0
0
0
0
0
0
0
0
0
0
0
0
0
0
0
0
0
0
0
0
0
0
0
0
0
0
0
0
0
0
0
0
0
0
0
0
0
0
0
0
0
0
0
0
0
0
0
0
0
0
0
0
0
0
0
0
0
0
0
0
0
0
0
0
0
0
0
0
0
0
0
0
0
0
0
0
0
0
0
0
0
0
0
0
0
0
0
0
0
0
0
0
0
0
0
0
0
0
0
0
0
0
0
0
0
0
0
0
0
0
0
0
0
0
0
0
0
0
0
0
0
0
0
0
0
0
0
0
0
0
0
0
0
0
0
0
0
0
0
0
0
0
0
0
0
0
0
0
0
0
0
0
0
0
0
0
0
0
0
0
0
0
0
0
0
0
0
0
0
0
0
0
0
0
0
0
0
0
0
0
0
0
0
0
0
0
0
0
0
0
0
0
0
0
0
0
0
0
0
0
0
0
0
0
0
0
0
0
0
0
0
0
0
0
0
0
0
0
0
0
0
0
0
0
0
0
0
0
0
0
0
0
0
0
0
0
0
0
0
0
0
0
0
0
0
0
0
0
0
0
0
0
0
0
0
0
0
0
0
0
0
0
0
0
0
0
0
0
0
0
0
0
0
0
0
0
0
0
0
0
0
0
0
0
0
0
0
0
0
0
0
0
0
0
0
0
0
0
0
0
0
0
0
0
0
0
0
0
0
0
0
0
0
0
0
0
0
0
0
0
0
0
0
0
0
0
0
0
0
0
0
0
0
0
0
0
0
0
0
0
0
0
0
0
0
0
0
0
0
0
0
0
0
0
0
0
0
0
0
0
0
0
0
0
0
0
0
0
0
0
0
0
0
0
0
0
0
0
0
0
0
0
0
0
0
0
0
0
0
0
0
0
0
0
0
0
0
0
0
0
0
0
0
0
0
Hint Data
0
0
0
0
0
0
0
0
0
0
0
0
0
0
0
0
0
0
0
0
0
0
0
0
0
0
0
0
0
0
0
0
0
0
0
0
0
0
0
0
0
0
0
0
0
0
0
0
0
0
0
0
0
0
0
0
0
0
0
0
0
0
0
0
0
0
0
0
0
0
0
0
0
0
0
0
0
0
0
0
0
0
0
0
0
0
0
0
0
0
0
0
0
0
0
0
0
0
0
0
0
0
0
0
0
0
0
0
0
0
0
0
0
0
0
0
0
0
0
0
0
0
0
0
0
0
0
0
0
0
0
0
0
0
0
0
0
0
0
0
0
0
0
0
0
0
0
0
0
0
0
0
0
0
0
0
0
0
0
0
0
0
0
0
0
0
0
0
0
0
0
0
0
0
0
0
0
0
0
0
0
0
0
0
0
0
0
0
0
0
0
0
0
0
0
0
0
0
0
0
0
0
0
0
0
0
0
0
0
0
0
0
0
0
0
0
0
0
0
0
0
0
0
0
0
0
0
0
0
0
0
0
0
0
0
0
0
0
0
0
0
0
0
0
0
0
0
0
0
0
0
0
0
0
0
0
0
0
0
0
0
0
0
0
0
0
0
0
0
0
0
0
0
0
0
0
0
0
0
0
0
0
0
0
0
0
0
0
0
0
0
0
0
0
0
0
0
0
0
0
0
0
0
0
0
0
0
0
0
0
0
0
0
0
0
0
0
0
0
0
0
0
0
0
0
0
0
0
0
0
0
0
0
0
0
0
0
0
0
0
0
0
0
0
0
0
0
0
0
0
0
0
0
0
0
0
0
0
0
0
0
0
0
0
0
0
0
0
0
0
0
0
0
0
0
0
0
0
0
0
0
0
0
0
0
0
0
0
0
0
0
0
0
0
0
0
0
0
0
0
0
0
0
0
0
0
0
0
0
0
0
0
0
0
0
0
0
0
0
0
0
Torque Data
-1.86113016713235E-05
-1.29361877393882E-05
-2.10623265704791E-06
-4.31284455037006E-06
-4.384372678752E-06
-1.99643608639072E-07
2.58272578039421E-06
-8.09228102341176E-07
7.18310173771876E-06
3.84818614429203E-06
2.48902634817628E-05
1.15785311420454E-05
6.06355125324654E-05
2.26576871976666E-05
3.07255759211521E-05
8.1985027185798E-05
1.40786773552847E-04
1.09191295982812E-04
5.36401350170959E-05
1.64142602672217E-04
5.6838479309228E-05
1.47479688231159E-04
1.19478372072728E-04
2.64331469774922E-04
2.2425819912942E-04
2.52038326582863E-04
1.32325886296734E-04
1.56339051097734E-04
1.1782338161149E-04
3.16142291691475E-04
1.77925893943075E-04
1.442052273472E-04
4.68442103843889E-04
7.01780623812242E-04
8.07105005366452E-04
7.174953555993E-05
2.56147234810722E-04
1.05134456970151E-03
1.06157196603859E-03
1.24469121775117E-03
1.0270392664974E-03
1.22511611559518E-03
1.1798682486715E-03
7.89764683280832E-04
1.0000332052397E-03
-4.69701867478657E-05
1.18509810771367E-03
2.0114295498326E-03
2.20395104705278E-03
4.16555012544084E-03
2.16489265508037E-03
2.16184253191034E-03
2.74185414844673E-03
2.09872618923028E-03
1.33837876345602E-03
6.11115238664448E-04
1.53965334882555E-03
1.22181050030162E-03
-2.99622661945187E-04
1.22039682446811E-03
2.21649397904624E-04
-2.78487515415026E-04
4.52864786479838E-03
9.62240880101358E-04
2.38314155489744E-03
4.95293394026836E-03
2.88871151088366E-03
3.63751434624797E-03
1.88376543335374E-03
2.49488590511003E-03
5.99129476941617E-03
5.88476398513146E-03
3.69145956281344E-03
1.15522480811557E-02
8.16685460415279E-03
4.77127719727257E-04
6.68547313455111E-03
8.10073747857396E-03
2.07678036206643E-02
1.59325112556218E-02
1.29205946296671E-02
0.034345744187392
1.00649193679521E-02
2.35324098722876E-02
3.25877654772345E-02
2.41264169305341E-02
2.30574280374337E-02
-5.47650294773398E-03
2.73638806262682E-02
9.14944903848235E-03
8.0131170215215E-03
0.01402215372995
-3.0746017669144E-04
2.68883222660829E-02
3.57200673074168E-02
2.09623663274495E-02
2.35226972089023E-02
5.97966867654947E-02
0.014099282065421
6.32387180539468E-03
1.17162572020437E-02
0.013545358543845
3.67563883504927E-02
3.77338846864403E-02
2.20078987659776E-02
8.01098443042832E-03
0.050848947201095
5.58588575600688E-02
0.02144440124886
3.19811305655544E-02
0.062846088589434
5.02029423212625E-02
4.78331471246817E-02
4.48144578308079E-02
6.40363959944896E-02
3.01035749910077E-02
0.020986641832284
3.64944084579869E-02
1.67395828043765E-02
2.47732290324866E-02
2.33917380999359E-02
3.12600444824407E-02
2.45270694813442E-02
4.00998067455398E-02
2.27991905521013E-02
2.34234413704922E-02
6.4941283466744E-03
3.14242784451725E-02
1.95066353549299E-02
3.13787241416385E-02
2.53338142759677E-02
8.53275035488806E-03
1.74582866326977E-02
1.87831534147994E-02
7.7495553803358E-03
0.023061534430707
1.25663850301928E-02
1.97584281003455E-02
1.71218431447312E-02
-9.08728571757384E-03
2.14846630473865E-02
2.11612017099619E-02
2.28289200535131E-03
7.8896615990154E-03
9.73791077327055E-03
3.45309376633956E-03
-2.6398262126583E-03
3.41975768700489E-03
6.23013503655978E-03
6.09865079512971E-04
5.11133685260392E-03
5.63617117417656E-03
4.04257297752752E-03
4.89631119598426E-03
3.49585910814371E-03
1.08320774009679E-03
4.2825499670072E-06
9.83643060280819E-04
1.94718152897148E-03
1.52401743983759E-03
1.03801378619996E-03
2.39827404512141E-03
7.87695477753056E-04
-9.44617807239308E-05
1.47899759212551E-03
-6.96249700356132E-05
1.13494456893982E-03
2.40280376381604E-03
2.26743763554448E-03
1.47461120097681E-03
1.31144816025397E-03
1.8005775315324E-03
5.35818462170508E-04
8.31412496711692E-04
8.00833694828553E-04
6.14712624662473E-04
4.22351201547744E-04
8.97072462027405E-04
1.66645506940836E-05
3.0103056555781E-04
2.51249690391228E-04
2.47128380608039E-04
2.58934477624124E-04
2.35516017855226E-04
2.90487501049839E-05
4.07570775903491E-04
1.24418323004576E-04
1.3005380697823E-04
1.02400815989108E-04
-3.73556254501484E-05
2.32356212660526E-05
-1.42918125206774E-05
6.68774273961476E-07
-9.32275647798768E-05
1.2087869548949E-05
-2.21554849601114E-04
-1.61448788631906E-04
-1.12292307842166E-04
-2.18531304506447E-04
-3.91332753256245E-04
-2.31701718286213E-04
-1.03105710068016E-04
-3.4508489831752E-04
-7.04262514359382E-04
-6.62344622346813E-04
-9.72954241022337E-04
-2.51740698981176E-04
-5.1897676608764E-04
-1.27318764231701E-03
1.09953555638238E-04
-1.41642692386672E-03
-1.4075030988102E-03
-1.5277257371789E-03
-1.26654630732503E-03
-1.97491101095058E-03
-2.42980672708814E-03
-5.10709852242154E-04
-1.4323642948588E-03
-1.06967726129394E-03
-1.9631646850112E-03
-0.001903006077462
8.23808319392665E-04
-9.40720880221248E-05
-1.51248423558426E-03
-2.76340359098573E-03
-1.86963935746958E-03
-3.99546620270698E-03
-4.90514373719556E-03
-2.49884229120356E-03
-5.4883377897645E-03
-5.52891466479424E-03
-4.9731394901045E-03
-5.06742800841189E-03
-2.4328017980183E-03
-1.61239751862142E-03
-8.04813380502177E-03
-4.47658328443284E-03
1.7903084190464E-04
-9.33500382812677E-03
-4.20480305673822E-03
-4.2415834512423E-03
-6.07518984625222E-03
9.3370208385188E-04
-6.75655697376205E-03
-1.89545443922703E-02
-6.52930024463792E-03
-8.9505744788834E-03
-2.83620256071022E-02
-9.95836093256867E-04
-6.95302891367178E-04
8.1618125719452E-04
-0.0235324891773
-3.6015985671217E-03
-2.59592378810419E-02
1.60114564996408E-02
-0.019645088130246
-5.43661798392528E-02
-4.01154478087007E-02
-0.038259110786158
-3.01729742735221E-03
-8.2107880472681E-03
-4.86149744218195E-02
-2.50751252050806E-02
-1.97300978591696E-02
-1.73140209694228E-02
0.013789904748516
-0.01149539507985
-4.61977868539107E-03
-1.55458975890759E-02
-3.60117451648584E-02
-0.039990579791709
-0.034418862917184
6.95827758252242E-03
-0.065364712763493
-5.32188080508756E-02
-0.025783773530554
-0.019910358939612
-4.93548108942812E-02
-3.02150630554248E-02
4.71784841558787E-03
6.44629867917901E-04
-1.05075240255833E-02
-4.55482082527744E-03
-2.58187748408869E-02
-6.1226914475912E-03
-3.27738860304384E-02
-1.98215527056027E-02
-1.06056862025192E-02
-3.26993928887755E-02
-2.04625905162888E-02
-1.7511283371385E-03
-5.24924067542264E-03
-1.69735106404124E-02
-3.18976230247995E-02
-2.18162476579778E-02
-2.05151052321631E-02
-2.32668050591232E-02
5.54555065361985E-03
-1.81746969603745E-02
-1.43022089223762E-02
-2.62136416910818E-02
-1.82721274422435E-03
-7.05433154433266E-03
-1.74774313127166E-02
-0.009425518999572
-1.10600210916976E-02
-3.54723941552992E-03
-1.96477612531935E-04
-2.27652098556855E-03
-6.14474788025826E-03
-4.36773436327008E-03
-1.90651043490877E-03
-3.3408352803956E-03
-2.71889786816009E-03
-4.70287382941451E-03
-5.86162297215277E-03
-1.55714717782973E-03
-3.17544405609827E-04
-3.85611237405208E-04
-2.62840624964832E-04
-1.41731513888549E-03
-1.60036548516104E-03
-1.43587270697436E-03
-3.95922825420859E-04
3.89142541724801E-05
-1.16111299808705E-03
-1.00714041570752E-03
1.2529197583333E-04
-1.02649788338903E-03
-1.07929919448406E-03
-7.35673172639143E-05
-1.40978631515018E-03
2.31101848735164E-05
-1.20107481497309E-03
-3.6723063839517E-04
-4.0504293815518E-04
-9.19033983393667E-04
-1.07095953984935E-03
-8.6339300419839E-04
-3.62481608602128E-04
-5.27095715243276E-04
-3.13799878899059E-04
-5.05516414523058E-04
-6.4798338593565E-05
-2.57309731297479E-04
-2.64456615401191E-04
-3.98615646949103E-04
-1.79034111817787E-04
-7.19475496632732E-05
-3.3192163188925E-05
-2.07663715727042E-05
4.75572957654288E-06
-1.00735291206924E-05
6.18450120839395E-05
5.87053537328245E-05
1.35595160612986E-04
3.02052330660876E-05
2.3520381345024E-04
2.60341613084762E-04
3.59097727227286E-04
1.33988542230814E-04
5.96736564765369E-04
6.20298748530788E-04
5.98356949085946E-04
1.4649473803099E-03
1.7261675759356E-03
9.33871666255346E-04
1.12231698468935E-03
9.8773830234261E-04
3.00783529388698E-03
5.67819266508179E-04
1.68354761616808E-03
2.16860039841353E-03
2.94412358470668E-03
1.10607910210044E-03
2.53486099767072E-03
4.13665217985456E-03
2.11014970622744E-03
5.30367278317381E-03
1.8260618411893E-03
3.16027727407769E-03
3.43253797296276E-03
6.5796697727352E-03
4.70869498601825E-04
-8.86733510575546E-04
3.09152847037242E-03
1.69994403142356E-02
2.55305300568515E-03
6.42577396327543E-03
0.014161283342761
8.25584320885922E-03
7.38850029750624E-04
0.011012124718698
9.05955431153664E-03
1.19392863374611E-02
1.75415094283482E-02
1.08097800283445E-02
2.77169653920156E-02
3.75843422069175E-03
-4.31541735200183E-03
0.021642522916483
9.41024021203913E-03
7.9653380153424E-03
2.32271365662195E-02
-8.70424343633088E-04
1.00370916139812E-02
2.29937809318326E-02
3.29163058339418E-02
3.23231053047419E-02
2.60868558976738E-02
0.04524270262824
6.17230757716985E-02
3.73957840701369E-02
3.51167130836325E-02
1.74130563710976E-02
-3.48927008972484E-03
6.24202921019181E-03
3.22745454136232E-02
-2.66396010216132E-02
4.22200575528393E-02
4.89605168335545E-03
dMdH Data
-7.19767035392289E-06
1.09689801276447E-06
4.68982488179715E-06
-5.91698736795508E-06
-2.43980784404104E-06
7.14700969333609E-06
1.59048207154657E-06
-8.71947877552035E-06
4.34958619724397E-06
4.50108362475396E-06
-1.05402006530295E-06
3.11905846044877E-07
3.46545252790625E-08
1.7553165858203E-07
1.6773992183049E-06
-1.72864411114947E-06
-3.7751556439258E-07
1.76458355848497E-06
1.56769470560263E-06
-6.32749397891535E-07
1.58380505183054E-06
-1.30677244319011E-06
1.00130857166567E-06
6.41984607125485E-07
-1.11787797660924E-07
1.47642298578299E-06
-8.26492741426471E-08
-1.35350218490969E-06
2.30026759224818E-06
-6.91972740954262E-07
7.74776633181906E-07
2.02199949057182E-07
4.49725497331453E-07
2.0695428654301E-07
3.14859586386256E-07
4.97968159415879E-07
5.57334459974651E-07
2.02534100782145E-07
4.15802640861808E-07
2.20321667474261E-07
5.87036076842731E-07
1.14271106857836E-07
3.62262711733089E-07
4.14396225357975E-07
2.97550003076189E-07
5.7022854200103E-07
2.98763970920377E-07
2.95078762694044E-07
3.2638397879841E-07
2.69172394652158E-07
5.21130369260877E-07
4.08475749957646E-07
1.31514919195436E-07
5.44180624057818E-07
1.19418220464962E-07
3.63776658193114E-07
3.01835207655185E-07
4.17798213664825E-07
1.24413359456874E-07
2.85777728301488E-07
4.92091449550972E-07
2.69044516073804E-07
2.41334210594732E-07
2.07743545378225E-07
5.12386386810675E-07
4.77222177774222E-07
1.49843063804184E-07
2.24725789371219E-07
5.59189027339243E-07
-2.53516156253352E-08
3.33135755208431E-07
2.62033650861312E-07
3.28527093053318E-07
2.63790332433502E-07
3.1608387590822E-07
2.59934428423271E-07
2.86494223717615E-07
2.07491451651735E-07
3.24523957237065E-07
3.24311900581435E-07
2.33442604349942E-07
2.62209125354985E-07
2.50451523176977E-07
2.85330265046991E-07
2.92274956095514E-07
3.0209777748685E-07
2.76717528100838E-07
2.25872627211502E-07
3.13890946755742E-07
2.13640421613031E-07
2.8644665730766E-07
2.68531054523928E-07
2.37978150920052E-07
3.31430545705816E-07
1.92473660685548E-07
3.00798138525367E-07
2.73728603955859E-07
2.36410836634725E-07
2.52579882788983E-07
3.3425521079626E-07
1.99333358312085E-07
3.54037282898115E-07
2.05062400472673E-07
2.23562187910692E-07
3.72923306410537E-07
1.71663743477405E-07
2.16634644775337E-07
2.71186280324727E-07
2.9006031003068E-07
3.09486360195645E-07
-2.90031513280614E-07
2.238934193886E-07
2.60021487579307E-07
2.47364178389096E-07
3.24445057818584E-07
1.94749842891237E-07
2.4336568050777E-07
3.04685632234439E-07
2.82169947666088E-07
2.77583358925388E-07
2.00251677700232E-07
3.10515644348928E-07
2.60429022664572E-07
2.69902022379095E-07
2.82268366921735E-07
2.07188979642515E-07
3.09437041125415E-07
2.87683081347473E-07
2.074050156065E-07
3.02529851020328E-07
2.39237081989507E-07
2.90070212820112E-07
2.70571026326085E-07
2.39282579815759E-07
3.74203331769633E-07
2.60859859214588E-07
2.16532383863374E-07
2.73694047149385E-07
2.71819329101418E-07
2.88878287558738E-07
2.94340597097499E-07
2.5070082356524E-07
3.0988568272785E-07
2.52737619082249E-07
2.60192054759752E-07
3.10117116625761E-07
3.09950688007925E-07
2.46847261908311E-07
2.60439394225861E-07
3.19312324962077E-07
2.23202719860796E-07
7.11878441261695E-07
4.75972734967351E-07
1.90430859889891E-07
3.07909514692732E-07
4.05215295211995E-07
4.18063661575347E-09
4.74416813028901E-07
2.37662055435982E-07
4.14280940715081E-07
4.7084990469638E-07
3.40545232382764E-07
2.78762767248062E-07
4.58622412055172E-07
6.58525928699513E-07
-4.65901816435949E-08
5.83469471742967E-07
5.50787214706878E-07
2.85072815837601E-07
6.52058124935022E-07
2.86164226770297E-08
4.26721064049617E-07
7.4501392086189E-07
-2.44139579182614E-07
1.15765502615863E-06
-6.23944003742425E-08
8.87749102727737E-07
3.37319326609293E-08
1.95760274654443E-07
6.85452880648655E-07
-4.70886493203222E-07
1.70611547237387E-06
1.50820256608355E-07
1.15342326975262E-06
5.02858898538739E-07
4.50559344055942E-07
2.92800473870089E-07
1.52333207249324E-07
1.15247460693795E-06
-5.1094284070576E-07
6.39184622171759E-07
1.1163053075856E-06
-1.7352227029972E-07
1.58606370937444E-07
6.43751554799742E-07
1.57633356212285E-06
-2.11339791230847E-07
3.26946052263353E-07
-1.23147056483665E-09
1.07625275750713E-06
-1.6336748960131E-07
1.31078116816726E-06
-1.78347560686012E-07
3.35031487381034E-07
3.88916836920321E-07
9.21358430729138E-07
3.78408452894183E-07
3.87549646028317E-07
-1.05570132513555E-07
4.67092527236305E-07
3.35328010745935E-07
6.93688006131102E-07
1.72444613292809E-07
4.70085230669036E-07
3.74405632521008E-07
5.88808759146013E-07
5.38889982798413E-07
5.18340454594084E-08
6.57288892577952E-07
1.6740454012337E-07
2.43581012598369E-07
3.96113165121404E-07
3.5356312277411E-07
4.36555402085636E-07
2.78081791898179E-07
4.66692777989306E-07
2.84159511500965E-07
2.42647870624604E-07
2.47325202637377E-07
3.48459055286117E-07
9.79395968765689E-08
4.20734036629727E-07
2.25502168541851E-07
4.68793819456566E-07
1.42780179624517E-07
3.41088311585357E-07
2.87192047470235E-07
3.00736330804833E-07
3.25477646083291E-07
1.85501932951967E-07
2.70264707347665E-07
3.44040525625804E-07
1.82890077724437E-07
4.10290920159237E-07
2.01088589052723E-07
2.49241710091039E-07
3.86756044318883E-07
2.90567651791352E-07
2.85360140776899E-07
2.59379393664323E-07
2.19410338352153E-07
2.98933482311809E-07
2.84502699095288E-07
1.94212653224373E-07
3.19236154805765E-07
2.61116020934032E-07
3.80315831202696E-07
2.32984902544855E-07
2.69452912358093E-07
2.61699634834843E-07
2.94843598240822E-07
2.27121952710166E-07
2.87637746546716E-07
3.01346567981655E-07
2.6085684552183E-07
2.45102541336747E-07
2.44690769482705E-07
3.17679917901541E-07
2.86330385413254E-07
3.0207914683907E-07
-1.03701071080833E-06
2.75971298880917E-07
2.55461359599082E-07
2.70782502614152E-07
2.56885685953295E-07
3.33665714929201E-07
1.83571641346441E-07
1.78699038037718E-07
3.3740191012722E-07
2.29007092585223E-07
2.86063326180132E-07
2.34585863598838E-07
3.0023062567329E-07
2.15213880470992E-07
2.83596697830233E-07
2.68133008357558E-07
2.19800720935863E-07
2.22112420370935E-07
3.46015966314749E-07
2.8142557941662E-07
2.52633990088679E-07
2.5782450506192E-07
3.55007706728369E-07
2.23168853576565E-07
2.40219236577049E-07
2.8743396786242E-07
2.93549079141139E-07
1.98059639631778E-07
3.48686923490357E-07
2.62131986708258E-07
2.31462845327925E-07
2.86310854423522E-07
2.25320875085602E-07
3.1612167245318E-07
2.66888104221821E-07
2.29815813412508E-07
3.01500809369695E-07
2.72991373680636E-07
3.71722277635819E-07
3.24231534303474E-07
2.65878561926878E-07
2.17012943869873E-07
3.84968603335977E-07
1.79441589877865E-07
5.48665860238437E-07
1.74913007655327E-07
5.19730083904669E-07
4.02649884663725E-07
1.70212821275367E-07
3.71650725311969E-07
2.60227061520797E-07
-2.19803915974285E-07
8.66143292255846E-07
1.78162601699236E-07
3.76689926570042E-07
2.9495922068418E-07
2.72216986562435E-07
3.98774426269555E-07
1.69910435886019E-07
6.82245687669703E-07
-1.00165855556161E-07
6.24840558912575E-07
1.77221204880506E-07
6.91518523300118E-07
7.26270786555044E-07
-3.75702399246307E-07
8.14166160339451E-07
6.0482018476758E-07
2.50168178187919E-08
4.92977168291785E-07
-5.08648484359534E-08
5.09025341257494E-07
8.00643083276422E-07
-2.0779013606061E-07
1.18385217268198E-06
8.42582002086441E-07
-1.19075124851337E-08
2.96422948688875E-07
3.64786404644846E-07
1.04229244202837E-06
-3.93188425280041E-07
1.19975710070495E-06
-9.54593957626278E-07
1.59817976439437E-06
1.47226145989699E-08
7.94972512100999E-07
8.56647621044539E-08
1.37618927591804E-07
1.35667244374352E-06
-3.87749899285237E-07
-1.83640489996074E-07
6.19930601862328E-07
5.36107738588734E-07
5.70031164936684E-07
2.72599791125405E-07
5.34779660025176E-07
-5.19781280717245E-08
2.06217957950029E-07
8.33575976410243E-07
4.62152007882175E-07
-1.1231377203863E-07
4.19788453504152E-07
3.03411015055254E-07
1.82078571519984E-07
4.81195617541116E-07
5.70114316254703E-07
1.93352928094055E-07
3.89516986226033E-07
2.35835074755828E-07
5.31252862157686E-07
2.86324206014664E-07
3.06506214574994E-07
3.25783580583327E-07
1.53398081553084E-07
3.79204611579866E-07
3.19278373270778E-07
2.40070588492003E-07
3.00958023689313E-07
2.08331011950696E-07
3.5068562589226E-07
2.53112484998363E-07
2.51928172944086E-07
2.7633516885943E-07
2.22368252141869E-07
3.23667012502833E-07
2.4227507862756E-07
3.92149746287964E-07
2.72821365499704E-07
2.63305595122982E-07
2.94495472443076E-07
2.80042886921121E-07
2.25052598272849E-07
3.0976929798819E-07
2.62862238592862E-07
2.20221534110623E-07
3.31229860945914E-07
2.12775250201029E-07
3.45653145592701E-07
2.29788042021302E-07
2.65115096472685E-07
2.97607177557909E-07
2.44290957534467E-07
2.35623061601287E-07
3.18201649769791E-07
2.72796006432788E-07
2.37675258088344E-07
3.15729564302896E-07
2.37189481115938E-07
2.69903954987317E-07
2.72373325567851E-07
2.72373325567851E-07
dMdT Data
0
0
0
0
0
0
0
0
0
0
0
0
0
0
0
0
0
0
0
0
0
0
0
0
0
0
0
0
0
0
0
0
0
0
0
0
0
0
0
0
0
0
0
0
0
0
0
0
0
0
0
0
0
0
0
0
0
0
0
0
0
0
0
0
0
0
0
0
0
0
0
0
0
0
0
0
0
0
0
0
0
0
0
0
0
0
0
0
0
0
0
0
0
0
0
0
0
0
0
0
0
0
0
0
0
0
0
0
0
0
0
0
0
0
0
0
0
0
0
0
0
0
0
0
0
0
0
0
0
0
0
0
0
0
0
0
0
0
0
0
0
0
0
0
0
0
0
0
0
0
0
0
0
0
0
0
0
0
0
0
0
0
0
0
0
0
0
0
0
0
0
0
0
0
0
0
0
0
0
0
0
0
0
0
0
0
0
0
0
0
0
0
0
0
0
0
0
0
0
0
0
0
0
0
0
0
0
0
0
0
0
0
0
0
0
0
0
0
0
0
0
0
0
0
0
0
0
0
0
0
0
0
0
0
0
0
0
0
0
0
0
0
0
0
0
0
0
0
0
0
0
0
0
0
0
0
0
0
0
0
0
0
0
0
0
0
0
0
0
0
0
0
0
0
0
0
0
0
0
0
0
0
0
0
0
0
0
0
0
0
0
0
0
0
0
0
0
0
0
0
0
0
0
0
0
0
0
0
0
0
0
0
0
0
0
0
0
0
0
0
0
0
0
0
0
0
0
0
0
0
0
0
0
0
0
0
0
0
0
0
0
0
0
0
0
0
0
0
0
0
0
0
0
0
0
0
0
0
0
0
0
0
0
0
0
0
0
0
0
0
0
0
0
0
0
0
0
0
0
0
0
0
0
0
0
0
0
0
0
0
0
0
0
0
0
0
0
0
0
0
0
0
0
0
0
0
0
0
0
0
0
0
0
0
0
0
0
0
0
0
0
 
*********************************************** Results ***************************************
 
TotalArea 2.41990571747069
AreaFirstQuad 1.58261219289621
AreaSecondQuad 5.29889808413426E-04
AreaThirdQuad 0.819170488597891
AreaFourthQuad 1.75931461681735E-02
Coercivity 166.180065524857
PositiveCoercivity 286.102614764604
NegativeCoercivity -46.2575162851102
Retentivity 7.04653542613861E-05
PositiveRetentivity 2.33413933613724E-05
NegativeRetentivity -1.175893151614E-04
Magnetization 0.0033702265
PositiveMagnetization 0.0033393976
NegativeMagnetization -0.0034010554
Flatness 1.61086387135751
Squareness 2.09081954169508E-02
SStar 0.731002284655704
SFD1 0.534211579436304
SFD2 0.848881934812446
Slope 0
Intercept 0
SlopeAtHc 1.57633356212285E-06
dH1 77.4047502499948
dH2 141.06725555
InitialSlope -7.19767035392289E-06
FieldAtHalfMs 5537.90286458626
FieldAtMs 11850.69
MomentMean 1.72548996535391E-04
MomentRMS 1.43460917543448E-03
SFD3 0.064952850766587
dH3 155.38619652844
UserField1 0
UserField2 0
CenterField 0
ExchangeField 0
ExchangeMoment 0
ExRegionOneIntercept 0
ExRegionOneSlope 0
ExRegionTwoIntercept 0
ExRegionTwoSlope 0
NegativeIntercept 0
NegativeSlope 0
AutoCenterOffset 0
PinningField 0
PinningMoment 0
PinRegionOneIntercept 0
PinRegionOneSlope 0
PinRegionTwoIntercept 0
PinRegionTwoSlope 0
PositiveIntercept 0
PositiveSlope 0
TotalOffset 0
BHMax 0
BCoercivity 0
BRetentivity 0
BNegativeCoercivity 0
BPositiveCoercivity 0
BNegativeRetentivity 0
BPositiveRetentivity 0
MomentYMean 2.90052983510926E-06
MomentYRMS 1.97857259008036E-06
YOffCorrection 0
Mrt 0
Ms1 0
Ms2 0
Ms3 0
Hc2 0
Hex2 0
HsatValue 0
HsatIntercept 0
HsatSlope 0
CenterH 0
Span .006740453
SpanAsPercentOfRange -105.319578125
RMSAsPercentOfRange -22.4157683661638
SpanAsPercentOfMean 3906.39942007282
RMSAsPercentOfMean 831.421337846049
