Version 1.25
******************************************** Units *******************************************
System CGS
TemperatureUnit C
MomentUnit emu
AppliedFieldUnit Oe
 
******************************************** Setup ********************************************
 
Experiment CustomField
Minor False
Acquisition Continuous
EditedPoint No
MaxField 12000
FieldIncrement 114.285714285714
Points 421
MinField 0
RampRate 11.4285714285714
AverageTime 10
TimeInterval 0
TimeConstant 0.1
TimeConstantIndex 0
Sensitivity -0.0064
SensitivityIndex 5
SensitivityY -0.004
SensitivityIndexY 5
SaturationField 8000
ExperimentTime 4210
Use735Domains False
AutoRangeEnabled False
NumberOfVertices 20
VertexPts
0
10
30
50
70
110
150
160
180
200
220
230
270
310
320
340
360
370
380
420
VertexField
-5
5
100
500
1000
12000
1000
500
100
-100
-500
-1000
-12000
-1000
-500
-100
100
500
1000
12000
StartAngle 0
EndAngle 0
AngleIncrement 0
StartTemp 0
FinishTemp 0
TempIncrement 0
TempPoints 0
LengthofSetPointsArray 421
SetPointArray
-5
-4
-3
-2
-1
0
1
2
3
4
5
9.75
14.5
19.25
24
28.75
33.5
38.25
43
47.75
52.5
57.25
62
66.75
71.5
76.25
81
85.75
90.5
95.25
100
120
140
160
180
200
220
240
260
280
300
320
340
360
380
400
420
440
460
480
500
525
550
575
600
625
650
675
700
725
750
775
800
825
850
875
900
925
950
975
1000
1275
1550
1825
2100
2375
2650
2925
3200
3475
3750
4025
4300
4575
4850
5125
5400
5675
5950
6225
6500
6775
7050
7325
7600
7875
8150
8425
8700
8975
9250
9525
9800
10075
10350
10625
10900
11175
11450
11725
12000
11725
11450
11175
10900
10625
10350
10075
9800
9525
9250
8975
8700
8425
8150
7875
7600
7325
7050
6775
6500
6225
5950
5675
5400
5125
4850
4575
4300
4025
3750
3475
3200
2925
2650
2375
2100
1825
1550
1275
1000
950
900
850
800
750
700
650
600
550
500
480
460
440
420
400
380
360
340
320
300
280
260
240
220
200
180
160
140
120
100
90
80
70
60
50
40
30
20
10
0
-10
-20
-30
-40
-50
-60
-70
-80
-90
-100
-120
-140
-160
-180
-200
-220
-240
-260
-280
-300
-320
-340
-360
-380
-400
-420
-440
-460
-480
-500
-550
-600
-650
-700
-750
-800
-850
-900
-950
-1000
-1275
-1550
-1825
-2100
-2375
-2650
-2925
-3200
-3475
-3750
-4025
-4300
-4575
-4850
-5125
-5400
-5675
-5950
-6225
-6500
-6775
-7050
-7325
-7600
-7875
-8150
-8425
-8700
-8975
-9250
-9525
-9800
-10075
-10350
-10625
-10900
-11175
-11450
-11725
-12000
-11725
-11450
-11175
-10900
-10625
-10350
-10075
-9800
-9525
-9250
-8975
-8700
-8425
-8150
-7875
-7600
-7325
-7050
-6775
-6500
-6225
-5950
-5675
-5400
-5125
-4850
-4575
-4300
-4025
-3750
-3475
-3200
-2925
-2650
-2375
-2100
-1825
-1550
-1275
-1000
-950
-900
-850
-800
-750
-700
-650
-600
-550
-500
-480
-460
-440
-420
-400
-380
-360
-340
-320
-300
-280
-260
-240
-220
-200
-180
-160
-140
-120
-100
-90
-80
-70
-60
-50
-40
-30
-20
-10
0
10
20
30
40
50
60
70
80
90
100
140
180
220
260
300
340
380
420
460
500
550
600
650
700
750
800
850
900
950
1000
1275
1550
1825
2100
2375
2650
2925
3200
3475
3750
4025
4300
4575
4850
5125
5400
5675
5950
6225
6500
6775
7050
7325
7600
7875
8150
8425
8700
8975
9250
9525
9800
10075
10350
10625
10900
11175
11450
11725
12000
FieldDomainFile C:\IDEASVSM\Default UserID\Experiments\HysCoFe2O4_Completa\fdomain.ini
TempDomainFile C:\IDEASVSM\Default UserID\Experiments\HysCoFe2O4_Completa\tdomain.ini
NumSelectedResults 0
ResultsSelected 
UserName1 
UserValue1 
UserName2 
UserValue2 
LinearBackgroundCorrection Off
MaxLinearFieldCorrection 
MinLinearFieldCorrection 
AutoLinearCorrection Off
FitOneRegion Off
BackgroundMode Off
BackgroundFilename 
AutoCenter Off
OffsetCorrection 
SmoothDeriv Off
DerivOrder 0
DerivPoints 0
MinExFieldOne 
MaxExFieldOne 
MinExFieldTwo 
MaxExFieldTwo 
MinPinFieldOne 
MaxPinFieldOne 
MinPinFieldTwo 
MaxPinFieldTwo 
HCenterStart 
Mass 
Volume 
Density 
MolarWeight 
NumberOfMoles 
Demagnetization 
SampleArea 
Thickness 
MomentScaling 0
XAxis 0
YAxis 0
SimpleSpinValve False
HsatMax 0
HsatMin 0
FieldAutoRange False
 
*************************************************** Experiment Data ********************************************
 
DataPoints 421
MomentX Data
-0.000030598411
-0.000027844364
-0.000034051513
-0.000037817615
-0.000029785692
-0.000035580222
-0.000036832036
-0.000035009527
-0.000037309884
-0.000033808833
-0.000035771506
-0.000029682467
-0.00002710128
-0.000027706702
-0.000025217958
-0.000031921676
-0.000025706627
-0.000022025121
-0.000023525158
-0.000015449907
-0.000019489527
-0.000014683932
-0.000012887723
-0.0000089606401
-0.000013196706
-0.0000057240017
-0.0000070290414
-0.0000059302164
-0.0000032689322
-0.0000039068609
-0.00000011768372
0.000010169728
0.0000089517939
0.000022871009
0.000027537111
0.000035484994
0.000043109383
0.000050588325
0.000057684112
0.000061364939
0.000076070146
0.000082394528
0.000087301556
0.000094122567
0.000098428406
0.00010262406
0.00011483418
0.00011847621
0.00012815515
0.00013098832
0.00014165278
0.00014760858
0.00015254965
0.00016366884
0.0001710543
0.00018271789
0.00019159
0.00019358081
0.00020009659
0.00021505375
0.00021804788
0.00022695556
0.000240534
0.0002447631
0.00025011915
0.00026143823
0.00026987931
0.00027984708
0.00028082762
0.00028882674
0.00029989266
0.00034263658
0.00041184794
0.0004913951
0.00057336477
0.00065864498
0.00072233961
0.00080338363
0.00086745467
0.00095708123
0.0010205576
0.0010980465
0.0011684617
0.0012364989
0.0013110827
0.0013784236
0.0014614769
0.0015519653
0.0016293046
0.0017013949
0.0017723061
0.0018331553
0.0018977868
0.001984531
0.0020541514
0.0021219614
0.0022078497
0.0022687486
0.0023408464
0.0023959369
0.0024800913
0.0025667818
0.0026135383
0.0027033225
0.0027744268
0.0028441054
0.0029149095
0.0029883464
0.0030504283
0.0031290041
0.0031990727
0.003207562
0.0031302234
0.0030731712
0.0029921678
0.0029226774
0.0028526142
0.0027787957
0.002714581
0.0026501882
0.0025725314
0.0024973327
0.0024086155
0.0023525473
0.0022795014
0.0022018461
0.0021431849
0.0020781087
0.001999854
0.0019258645
0.0018593948
0.0017750662
0.001706421
0.0016072016
0.0015490528
0.0014943804
0.0014111356
0.0013353606
0.0012392949
0.0012054144
0.0011136288
0.0010502539
0.00097339079
0.0008991687
0.00081427802
0.00074210548
0.00066040732
0.0005771004
0.00050761678
0.00042093848
0.00038034496
0.00029874563
0.00029799064
0.00027137275
0.00025921382
0.00024589306
0.00022009622
0.00020762788
0.00018133186
0.00017817699
0.00016012843
0.00015389677
0.00014566179
0.0001247385
0.00012565863
0.00012011705
0.00010464509
0.00010057306
0.00009404244
0.000095665087
0.000074917958
0.000076184855
0.000068951376
0.000060413117
0.000053227129
0.000033205302
0.00003812922
0.000023562064
0.000007202405
0.000021476012
0.00000044751361
0.0000034414268
-0.0000072015668
-0.000017248465
-0.000015015959
-0.00001328041
-0.000032762525
-0.000030139139
-0.000039272259
-0.000037798369
-0.000047925586
-0.000046607041
-0.00004829667
-0.000061111105
-0.000058799036
-0.00006594422
-0.000058484273
-0.000072456167
-0.000081578558
-0.000084116189
-0.000089038544
-0.000087989796
-0.000098334797
-0.00011154348
-0.00011836134
-0.00012207265
-0.00012776744
-0.00014468912
-0.00015351096
-0.00015427264
-0.00015589056
-0.00018139126
-0.00018373011
-0.00019014363
-0.00019730556
-0.00019265211
-0.00020613755
-0.00021410293
-0.00021196908
-0.00023118963
-0.00022799341
-0.00023974593
-0.00026511416
-0.00028843248
-0.00030206506
-0.00032578773
-0.00031994431
-0.00034643732
-0.0003544317
-0.00037425462
-0.00038109466
-0.00045598145
-0.00054609561
-0.00061431597
-0.00067413728
-0.00076467423
-0.00085925554
-0.00091274971
-0.00097452043
-0.0010754432
-0.0011559794
-0.0012074634
-0.0012800499
-0.0013782411
-0.0014504716
-0.0015087267
-0.0015851155
-0.001673094
-0.0017415432
-0.0018094905
-0.0018893148
-0.0019751098
-0.0020301595
-0.0021158172
-0.0021725766
-0.0022624548
-0.0023453424
-0.0024098591
-0.002497068
-0.0025577743
-0.0026361362
-0.0026959982
-0.0027745085
-0.0028617463
-0.0029276239
-0.0030011905
-0.003075719
-0.0031565411
-0.0032274457
-0.0032890556
-0.0033607509
-0.0033673892
-0.0032990391
-0.0032330832
-0.0031595268
-0.0030968733
-0.0030349332
-0.0029567831
-0.0028779694
-0.0028073069
-0.0027462541
-0.0026737146
-0.0026088148
-0.0025362749
-0.0024674471
-0.0023980466
-0.0023312373
-0.0022528803
-0.0021734857
-0.0020834336
-0.002026181
-0.0019491804
-0.0018982075
-0.0018129315
-0.00174308
-0.0016581386
-0.0015850153
-0.0015083491
-0.001438337
-0.0013549711
-0.0012888211
-0.0012308637
-0.0011349186
-0.0010792761
-0.0010011621
-0.00092998194
-0.00087954221
-0.00075892549
-0.00071902599
-0.00062637473
-0.00054610536
-0.00049743131
-0.00047790648
-0.00045831933
-0.00044831632
-0.00044240612
-0.00040745074
-0.00039155728
-0.00037064681
-0.00036679772
-0.00034171706
-0.00033758901
-0.00033858718
-0.00032518461
-0.00031577505
-0.00030518104
-0.00029159269
-0.00030260373
-0.00029382502
-0.00027785515
-0.00027294516
-0.00025886516
-0.00025340938
-0.000255527
-0.00024564249
-0.00024877122
-0.00022430942
-0.00022397155
-0.00021214537
-0.00021360583
-0.00019969181
-0.000190746
-0.00018167232
-0.00017885397
-0.00018302109
-0.00017835631
-0.00017228479
-0.00016433053
-0.00016384108
-0.0001579228
-0.00015178494
-0.00014741335
-0.0001339002
-0.0001373207
-0.0001406402
-0.0001256616
-0.00012662446
-0.00012075843
-0.00012332885
-0.00011303299
-0.00011600847
-0.000094998294
-0.000085922831
-0.000059365096
-0.000051590957
-0.0000484495
-0.000018925367
-0.0000085541437
0.0000203863
0.0000013577002
0.000035590736
0.00004859085
0.000077386425
0.000098620262
0.00010817867
0.00011667799
0.00011931926
0.00015688349
0.00017945103
0.00019404254
0.00020229222
0.00024527528
0.00029482255
0.00038655796
0.0004678913
0.00057699932
0.00064032127
0.00071299759
0.00079432491
0.00085281699
0.00094069181
0.0010140504
0.0011143594
0.0011556029
0.0012190504
0.001308076
0.0013859767
0.0014684331
0.0015446833
0.0016248408
0.0017107081
0.0017764659
0.0018425007
0.0019140748
0.0019811042
0.0020645749
0.0021221381
0.0022138616
0.0022950733
0.0023771732
0.0024284711
0.0025121916
0.0025857836
0.0026534534
0.0027385817
0.002807622
0.0028712236
0.0029447586
0.0030215301
0.0031024791
0.0031694328
MomentY Data
0.0000021697616
0.0000035942744
0.0000043975685
0.0000038362978
-0.00000073749532
0.0000075962445
0.0000014377832
0.0000036363552
0.0000038868807
0.0000024745559
-0.00000038215643
-0.0000023599814
0.0000030429601
0.0000037716387
-0.00000031778334
0.0000041778754
0.00000097919941
0.000000011272473
0.0000056718824
0.0000051530311
0.00000064332486
0.0000024694394
0.0000031100748
-0.0000015113162
0.0000013072681
0.00000693315
0.000001044755
0.000004391155
0.0000023861502
0.0000012434435
0.0000029223823
0.0000034324787
0.0000016247654
0.0000017880392
0.0000042538784
0.0000018436383
0.000007492809
0.0000044197843
0.00000085507389
0.0000041140984
0.0000054239557
0.0000046617363
0.0000051184414
0.00000018827438
0.00000070823667
0.0000060524223
0.0000019380712
0.0000033254432
0.0000043052814
0.0000058998296
0.0000001651001
0.0000035565327
0.000003190646
0.0000057064149
0.0000028611945
-0.000000015626007
0.000001602149
0.0000025679301
0.0000056965253
0.0000018364142
0.0000024247836
0.000003802223
0.0000023747204
0.0000053085516
0.0000033286761
0.0000043901489
0.00000046233649
0.0000033732699
0.0000016863345
0.0000017831039
0.0000011435222
0.0000055977247
0.0000018334674
-0.00000049921515
0.0000023927688
0.0000016914605
0.0000066522071
0.0000059115741
0.0000024538564
0.00000207026
0.0000019933032
0.0000054438971
0.000003745036
0.000003717575
0.0000043094013
0.0000025569438
0.0000010968923
-0.00000021391392
0.0000084926411
0.0000028753804
0.0000026779746
-0.000000034637414
0.0000041307447
0.0000039039754
-0.0000019009541
0.0000013216685
0.00000068068505
0.0000008630323
-0.00000027719019
0.00000019397731
0.00000012302875
0.0000052940223
0.0000044762371
0.0000028530454
0.0000014598607
0.000004175062
0.0000061314723
0.0000076161048
-0.00000024704457
0.0000026971386
0.00000084214212
0.0000034992932
0.0000034491442
0.0000048112676
-0.0000021705435
0.0000071612737
0.000006253657
0.0000037237262
-0.0000011544322
0.0000018702363
0.0000032641839
0.00000077034473
0.0000012498235
0.0000032749937
0.00000075032705
-0.00000033925055
0.0000027488803
0.0000050106047
0.0000061379906
0.0000012887429
0.0000020557975
0.0000020999526
0.0000014269924
0.0000034939955
0.0000021019696
-0.0000007800197
0.0000026591824
0.0000044961594
0.0000065111491
0.000003759136
0.0000027677725
0.0000041059778
0.0000036325549
0.0000045425986
0.0000036075638
0.0000019678068
0.000001232562
0.0000049287317
0.00000051882265
0.00000074582099
0.0000050305602
0.0000020835732
0.000004467797
0.0000027489994
0.0000053827808
0.0000026297521
0.0000050652836
-0.0000016456794
0.0000041266439
0.0000034246873
0.0000037626694
0.0000049654863
0.0000047980641
0.0000077363106
0.0000037287806
0.0000026186894
0.0000006555939
0.0000072303722
0.00000001525402
0.00000033847326
0.0000034013269
0.0000011299228
0.0000031603335
0.0000040521048
0.0000015749692
0.0000061111781
0.0000045849321
0.0000039636705
0.00000030325898
0.0000046279333
0.0000027932452
0.0000017003916
0.0000037088536
0.0000013724326
0.000001438508
0.0000069978807
0.0000033326052
0.0000026888989
0.0000039960287
0.0000014671325
0.0000020216893
0.0000058927677
0.0000015006399
0.0000022606515
0.0000053995702
0.0000039732026
-0.00000036101816
0.000005162711
0.0000017129611
0.000001532669
0.0000016880798
0.0000038979291
-0.00000010150907
0.0000050468824
0.0000031494473
0.0000033343885
0.0000015867948
0.0000018564939
-0.0000010544061
0.0000033268069
0.0000031601332
0.000005743365
0.000003091855
0.0000021820306
0.0000049819181
0.0000010374069
0.0000017477464
0.0000044622896
0.0000040712879
0.0000019971942
0.0000065708253
-0.00000058771136
0.0000052906892
0.0000041561602
0.0000026789378
0.0000035458992
0.0000025166748
0.0000056096837
0.0000017662286
0.0000030486487
0.0000039307545
0.0000012935399
0.0000041802977
0.0000026954888
0.0000052130029
0.0000053891657
0.0000045436857
0.0000026197623
0.0000022033452
-0.0000023420237
0.0000020238828
0.0000028499506
0.0000034787892
0.0000015792417
0.00000027659894
0.00000215281
0.000005080652
0.0000017990493
0.000001880207
0.0000059515569
0.000003989806
0.00000027755259
-0.0000015089225
0.0000032123373
0.0000023051452
0.0000036345814
0.0000026542281
0.0000011715697
0.0000023680114
0.0000044412087
0.0000020497894
-0.00000036396508
0.00000087203022
0.0000033564137
0.000002524104
0.0000038996838
0.0000028519772
0.0000032516288
0.00000582077
0.000003891425
0.0000010169172
0.000004392905
0.0000062082336
-0.00000058634279
0.0000014154291
0.0000026334619
0.0000018625879
0.0000017679404
0.0000015694188
0.0000051722429
0.0000027671098
0.0000021554755
0.0000043761586
0.0000051503322
0.000002666769
-0.0000017132901
0.0000032697867
0.000000085563638
-0.00000071510784
0.0000012251138
0.0000011711454
0.00000011097432
0.000001692953
0.0000046702383
0.0000043650196
0.0000052831838
0.0000024258136
0.0000049139784
0.0000027997445
0.0000015325498
0.0000046766566
0.0000018057536
0.0000049315259
0.0000025050114
0.0000047475717
0.00000051092621
0.0000020702456
0.0000016528463
0.0000073815819
0.0000051034209
-0.000000070948566
0.0000023925256
0.0000030979584
0.0000023998927
0.0000045395944
0.0000013268375
0.0000067011735
0.0000024941682
0.0000033158158
0.0000043969486
0.0000022786378
0.0000063362739
0.00000283648
0.0000017932509
0.0000034986542
-0.0000011824513
0.0000018335675
0.0000017670059
0.000003464527
0.000007314677
0.0000017130327
0.0000002221918
0.0000073155066
-0.00000053234096
0.0000038915823
0.0000028175448
0.0000017764521
0.0000070227238
0.0000026222419
0.000002424426
0.0000033449696
0.00000088723654
0.0000032870673
0.00000067987914
0.0000029978608
0.0000055214879
0.000002564783
0.0000011904764
0.0000027366541
0.0000047971199
0.000002354679
0.0000063038061
0.0000055269239
0.0000054656646
0.0000037012337
0.0000059113453
0.0000014445161
0.000000084843641
-0.00000011714938
0.0000016141938
0.0000012473869
0.0000081666466
0.0000046047352
0.0000053312585
0.0000037402771
0.0000036844633
0.0000036733244
0.0000054072425
0.00000091774938
0.0000019393014
0.0000025917577
0.0000035998867
-0.0000014359807
0.0000023715781
0.0000035846137
0.0000050335119
0.000003309593
0.0000014867401
0.0000017313766
0.0000026677274
0.0000051569221
0.0000031489466
0.0000033746814
0.0000058891103
0.0000016708229
0.00000079639426
0.0000026313972
0.000001711874
0.0000037843274
0.0000034023522
0.0000035622118
0.0000046003005
0.0000022665643
0.0000021556615
0.0000037518357
0.00000041790006
0.0000066174647
0.00000030063146
0.0000021577071
0.0000020654534
0.0000030964087
0.000003640456
0.00000048535345
0.0000023086022
0.0000026982783
0.0000028011893
0.000000034241697
0.0000021780347
0.0000031224965
0.0000016521215
0.0000023256111
0.0000045915125
0.0000028920173
0.0000031560324
0.0000054523989
0.0000044254014
0.0000020531081
0.00000046511169
0.0000043502091
0.000006536555
0.000001362915
Field Data
-4.6661701
-3.7570571
-2.8409525
-1.9406818
-1.0295124
-0.12002358
0.78965774
1.7044486
2.6102718
3.5178474
4.4253199
7.1325853
11.876099
16.624561
21.376732
26.126567
30.87968
35.632865
40.389706
45.131823
49.872653
54.613852
59.430053
64.113121
68.866872
73.635193
78.365826
83.115582
87.866022
92.643284
97.400058
109.18364
129.18155
149.18848
169.18349
189.17286
209.17993
229.16631
249.1724
269.17041
289.16902
309.16626
329.15444
349.16362
369.15862
389.14843
409.14533
429.13694
449.23649
469.3287
489.33445
511.04989
536.01598
561.01682
586.02085
611.00985
636.02005
661.0197
686.02908
711.01202
736.01574
761.21255
786.28031
811.28327
836.27044
861.27253
886.28539
911.27447
936.27908
961.27319
986.2798
1121.6004
1396.1927
1671.2414
1946.2425
2221.2622
2496.2458
2772.9195
3048.9598
3323.9344
3598.9056
3873.8645
4148.8425
4423.8254
4698.8143
4973.7712
5248.7616
5523.7175
5798.6907
6073.6756
6348.6415
6623.6024
6898.5998
7176.2306
7451.2594
7726.2388
8001.1857
8276.1347
8551.0561
8826.0011
9100.9107
9375.809
9650.6723
9925.5453
10200.393
10475.248
10750.073
11024.882
11299.701
11574.441
11849.213
11861.132
11585.71
11310.177
11034.774
10759.449
10482.301
10206.16
9930.9527
9655.7639
9380.6045
9105.4811
8830.3791
8555.3091
8280.2532
8005.196
7730.1629
7455.134
7180.0848
6905.0349
6630.0154
6354.9931
6079.9778
5804.9566
5529.9272
5254.9071
4979.4661
4702.1174
4427.0687
4152.0636
3877.0358
3602.0104
3326.9937
3051.9715
2776.9503
2501.9384
2226.9028
1951.9085
1676.8992
1401.8929
1127.1101
975.86332
925.88781
875.88478
825.88996
775.87616
725.8905
675.88753
625.88058
575.88599
525.8839
491.09403
471.11887
451.11733
431.13733
411.13744
391.141
371.13375
351.14684
331.14219
311.15843
291.16573
271.16738
251.17144
231.18714
211.18393
191.18674
171.19333
151.18942
131.20548
111.21046
96.11645
86.054691
76.058992
66.071992
56.066043
46.069147
36.070355
26.071524
16.08218
6.0722526
-3.9354071
-13.925615
-23.936476
-33.920195
-43.930339
-53.92731
-63.935912
-73.965005
-84.026904
-94.027642
-108.18006
-128.14917
-148.14037
-168.13521
-188.13091
-208.14058
-228.12999
-248.13825
-268.12696
-288.12449
-308.13104
-328.11133
-348.11511
-368.19337
-388.30045
-408.29045
-428.29733
-448.28911
-468.28168
-488.27024
-522.07043
-572.04234
-622.05035
-672.05042
-722.04449
-772.03611
-822.03961
-872.03881
-922.04854
-972.04895
-1122.9314
-1397.6438
-1672.6237
-1947.5821
-2222.5897
-2498.5559
-2775.3309
-3050.3068
-3325.2791
-3600.2654
-3875.2437
-4150.2317
-4425.2129
-4700.1924
-4975.1674
-5250.1687
-5525.1186
-5800.0996
-6075.0691
-6350.0601
-6625.0173
-6902.4867
-7177.7295
-7452.6816
-7727.6467
-8002.5972
-8277.5511
-8552.4968
-8827.4275
-9102.3423
-9377.2369
-9652.1308
-9927.0028
-10201.855
-10476.658
-10751.477
-11026.279
-11301.082
-11575.824
-11850.571
-11873.552
-11598.388
-11322.885
-11047.472
-10772.146
-10496.444
-10218.845
-9943.6311
-9668.4397
-9393.3106
-9118.1661
-8843.089
-8567.9999
-8292.9464
-8017.8844
-7742.8473
-7467.7997
-7192.7524
-6917.7287
-6642.7302
-6367.6861
-6092.6496
-5817.6541
-5542.6152
-5267.6055
-4992.5702
-4717.5445
-4441.8782
-4164.7426
-3889.7175
-3614.7046
-3339.6953
-3064.6582
-2789.6154
-2514.6229
-2239.6072
-1964.6002
-1689.5891
-1414.0669
-1136.8431
-976.78739
-926.84344
-876.85463
-826.84821
-776.84729
-726.8441
-676.8461
-626.85292
-576.85078
-526.57467
-491.31151
-471.33633
-451.3384
-431.35013
-411.35375
-391.35376
-371.35657
-351.35891
-331.38038
-311.38308
-291.38509
-271.38733
-251.2455
-231.19618
-211.20493
-191.2039
-171.21097
-151.21255
-131.2223
-111.22286
-96.17443
-86.192949
-76.196662
-66.198443
-56.190358
-46.190296
-36.192714
-26.183563
-16.199529
-6.1969182
3.8014834
13.808241
23.820847
33.796879
43.803805
53.801162
63.772673
73.819395
83.796819
93.822389
117.96188
157.94902
197.95345
237.94384
277.94503
317.94171
357.94707
397.94013
437.93514
477.9305
521.46206
571.38155
621.37697
671.37503
721.38899
771.37738
821.38421
871.38086
921.39414
971.387
1125.8731
1401.8445
1676.8148
1951.8216
2226.8178
2501.7847
2776.7716
3051.7565
3326.7562
3601.7221
3876.7002
4151.7058
4426.677
4701.6673
4979.359
5254.3761
5529.3418
5804.3146
6079.2973
6354.2639
6629.2318
6904.2025
7179.1894
7454.152
7729.1273
8004.0753
8279.0298
8553.9709
8828.8937
9103.797
9378.7202
9653.5894
9928.4609
10203.298
10478.116
10752.936
11027.751
11302.526
11577.278
11852.016
Time Data
0
10
20
30
40
50
60
70
80
90
100
110
120
130
140
150
160
170
180
190
200
210
220
230
240
250
260
270
280
290
300
310
320
330
340
350
360
370
380
390
400
410
420
430
440
450
460
470
480
490
500
510
520
530
540
550
560
570
580
590
600
610
620
630
640
650
660
670
680
690
700
710
720
730
740
750
760
770
780
790
800
810
820
830
840
850
860
870
880
890
900
910
920
930
940
950
960
970
980
990
1000
1010
1020
1030
1040
1050
1060
1070
1080
1090
1100
1110
1120
1130
1140
1150
1160
1170
1180
1190
1200
1210
1220
1230
1240
1250
1260
1270
1280
1290
1300
1310
1320
1330
1340
1350
1360
1370
1380
1390
1400
1410
1420
1430
1440
1450
1460
1470
1480
1490
1500
1510
1520
1530
1540
1550
1560
1570
1580
1590
1600
1610
1620
1630
1640
1650
1660
1670
1680
1690
1700
1710
1720
1730
1740
1750
1760
1770
1780
1790
1800
1810
1820
1830
1840
1850
1860
1870
1880
1890
1900
1910
1920
1930
1940
1950
1960
1970
1980
1990
2000
2010
2020
2030
2040
2050
2060
2070
2080
2090
2100
2110
2120
2130
2140
2150
2160
2170
2180
2190
2200
2210
2220
2230
2240
2250
2260
2270
2280
2290
2300
2310
2320
2330
2340
2350
2360
2370
2380
2390
2400
2410
2420
2430
2440
2450
2460
2470
2480
2490
2500
2510
2520
2530
2540
2550
2560
2570
2580
2590
2600
2610
2620
2630
2640
2650
2660
2670
2680
2690
2700
2710
2720
2730
2740
2750
2760
2770
2780
2790
2800
2810
2820
2830
2840
2850
2860
2870
2880
2890
2900
2910
2920
2930
2940
2950
2960
2970
2980
2990
3000
3010
3020
3030
3040
3050
3060
3070
3080
3090
3100
3110
3120
3130
3140
3150
3160
3170
3180
3190
3200
3210
3220
3230
3240
3250
3260
3270
3280
3290
3300
3310
3320
3330
3340
3350
3360
3370
3380
3390
3400
3410
3420
3430
3440
3450
3460
3470
3480
3490
3500
3510
3520
3530
3540
3550
3560
3570
3580
3590
3600
3610
3620
3630
3640
3650
3660
3670
3680
3690
3700
3710
3720
3730
3740
3750
3760
3770
3780
3790
3800
3810
3820
3830
3840
3850
3860
3870
3880
3890
3900
3910
3920
3930
3940
3950
3960
3970
3980
3990
4000
4010
4020
4030
4040
4050
4060
4070
4080
4090
4100
4110
4120
4130
4140
4150
4160
4170
4180
4190
4200
Temperature Data
0
0
0
0
0
0
0
0
0
0
0
0
0
0
0
0
0
0
0
0
0
0
0
0
0
0
0
0
0
0
0
0
0
0
0
0
0
0
0
0
0
0
0
0
0
0
0
0
0
0
0
0
0
0
0
0
0
0
0
0
0
0
0
0
0
0
0
0
0
0
0
0
0
0
0
0
0
0
0
0
0
0
0
0
0
0
0
0
0
0
0
0
0
0
0
0
0
0
0
0
0
0
0
0
0
0
0
0
0
0
0
0
0
0
0
0
0
0
0
0
0
0
0
0
0
0
0
0
0
0
0
0
0
0
0
0
0
0
0
0
0
0
0
0
0
0
0
0
0
0
0
0
0
0
0
0
0
0
0
0
0
0
0
0
0
0
0
0
0
0
0
0
0
0
0
0
0
0
0
0
0
0
0
0
0
0
0
0
0
0
0
0
0
0
0
0
0
0
0
0
0
0
0
0
0
0
0
0
0
0
0
0
0
0
0
0
0
0
0
0
0
0
0
0
0
0
0
0
0
0
0
0
0
0
0
0
0
0
0
0
0
0
0
0
0
0
0
0
0
0
0
0
0
0
0
0
0
0
0
0
0
0
0
0
0
0
0
0
0
0
0
0
0
0
0
0
0
0
0
0
0
0
0
0
0
0
0
0
0
0
0
0
0
0
0
0
0
0
0
0
0
0
0
0
0
0
0
0
0
0
0
0
0
0
0
0
0
0
0
0
0
0
0
0
0
0
0
0
0
0
0
0
0
0
0
0
0
0
0
0
0
0
0
0
0
0
0
0
0
0
0
0
0
0
0
0
0
0
0
0
0
0
0
0
0
0
0
0
0
0
0
0
0
0
0
0
0
0
0
0
0
0
0
0
0
0
0
0
0
0
0
0
0
0
0
0
0
0
0
0
0
0
0
0
0
0
0
0
0
0
0
0
0
0
0
0
0
0
0
0
0
Angle Data
0
0
0
0
0
0
0
0
0
0
0
0
0
0
0
0
0
0
0
0
0
0
0
0
0
0
0
0
0
0
0
0
0
0
0
0
0
0
0
0
0
0
0
0
0
0
0
0
0
0
0
0
0
0
0
0
0
0
0
0
0
0
0
0
0
0
0
0
0
0
0
0
0
0
0
0
0
0
0
0
0
0
0
0
0
0
0
0
0
0
0
0
0
0
0
0
0
0
0
0
0
0
0
0
0
0
0
0
0
0
0
0
0
0
0
0
0
0
0
0
0
0
0
0
0
0
0
0
0
0
0
0
0
0
0
0
0
0
0
0
0
0
0
0
0
0
0
0
0
0
0
0
0
0
0
0
0
0
0
0
0
0
0
0
0
0
0
0
0
0
0
0
0
0
0
0
0
0
0
0
0
0
0
0
0
0
0
0
0
0
0
0
0
0
0
0
0
0
0
0
0
0
0
0
0
0
0
0
0
0
0
0
0
0
0
0
0
0
0
0
0
0
0
0
0
0
0
0
0
0
0
0
0
0
0
0
0
0
0
0
0
0
0
0
0
0
0
0
0
0
0
0
0
0
0
0
0
0
0
0
0
0
0
0
0
0
0
0
0
0
0
0
0
0
0
0
0
0
0
0
0
0
0
0
0
0
0
0
0
0
0
0
0
0
0
0
0
0
0
0
0
0
0
0
0
0
0
0
0
0
0
0
0
0
0
0
0
0
0
0
0
0
0
0
0
0
0
0
0
0
0
0
0
0
0
0
0
0
0
0
0
0
0
0
0
0
0
0
0
0
0
0
0
0
0
0
0
0
0
0
0
0
0
0
0
0
0
0
0
0
0
0
0
0
0
0
0
0
0
0
0
0
0
0
0
0
0
0
0
0
0
0
0
0
0
0
0
0
0
0
0
0
0
0
0
0
0
0
0
0
0
0
0
0
0
0
0
0
0
0
0
Bx Data
0
0
0
0
0
0
0
0
0
0
0
0
0
0
0
0
0
0
0
0
0
0
0
0
0
0
0
0
0
0
0
0
0
0
0
0
0
0
0
0
0
0
0
0
0
0
0
0
0
0
0
0
0
0
0
0
0
0
0
0
0
0
0
0
0
0
0
0
0
0
0
0
0
0
0
0
0
0
0
0
0
0
0
0
0
0
0
0
0
0
0
0
0
0
0
0
0
0
0
0
0
0
0
0
0
0
0
0
0
0
0
0
0
0
0
0
0
0
0
0
0
0
0
0
0
0
0
0
0
0
0
0
0
0
0
0
0
0
0
0
0
0
0
0
0
0
0
0
0
0
0
0
0
0
0
0
0
0
0
0
0
0
0
0
0
0
0
0
0
0
0
0
0
0
0
0
0
0
0
0
0
0
0
0
0
0
0
0
0
0
0
0
0
0
0
0
0
0
0
0
0
0
0
0
0
0
0
0
0
0
0
0
0
0
0
0
0
0
0
0
0
0
0
0
0
0
0
0
0
0
0
0
0
0
0
0
0
0
0
0
0
0
0
0
0
0
0
0
0
0
0
0
0
0
0
0
0
0
0
0
0
0
0
0
0
0
0
0
0
0
0
0
0
0
0
0
0
0
0
0
0
0
0
0
0
0
0
0
0
0
0
0
0
0
0
0
0
0
0
0
0
0
0
0
0
0
0
0
0
0
0
0
0
0
0
0
0
0
0
0
0
0
0
0
0
0
0
0
0
0
0
0
0
0
0
0
0
0
0
0
0
0
0
0
0
0
0
0
0
0
0
0
0
0
0
0
0
0
0
0
0
0
0
0
0
0
0
0
0
0
0
0
0
0
0
0
0
0
0
0
0
0
0
0
0
0
0
0
0
0
0
0
0
0
0
0
0
0
0
0
0
0
0
0
0
0
0
0
0
0
0
0
0
0
0
0
0
0
0
0
0
Hint Data
0
0
0
0
0
0
0
0
0
0
0
0
0
0
0
0
0
0
0
0
0
0
0
0
0
0
0
0
0
0
0
0
0
0
0
0
0
0
0
0
0
0
0
0
0
0
0
0
0
0
0
0
0
0
0
0
0
0
0
0
0
0
0
0
0
0
0
0
0
0
0
0
0
0
0
0
0
0
0
0
0
0
0
0
0
0
0
0
0
0
0
0
0
0
0
0
0
0
0
0
0
0
0
0
0
0
0
0
0
0
0
0
0
0
0
0
0
0
0
0
0
0
0
0
0
0
0
0
0
0
0
0
0
0
0
0
0
0
0
0
0
0
0
0
0
0
0
0
0
0
0
0
0
0
0
0
0
0
0
0
0
0
0
0
0
0
0
0
0
0
0
0
0
0
0
0
0
0
0
0
0
0
0
0
0
0
0
0
0
0
0
0
0
0
0
0
0
0
0
0
0
0
0
0
0
0
0
0
0
0
0
0
0
0
0
0
0
0
0
0
0
0
0
0
0
0
0
0
0
0
0
0
0
0
0
0
0
0
0
0
0
0
0
0
0
0
0
0
0
0
0
0
0
0
0
0
0
0
0
0
0
0
0
0
0
0
0
0
0
0
0
0
0
0
0
0
0
0
0
0
0
0
0
0
0
0
0
0
0
0
0
0
0
0
0
0
0
0
0
0
0
0
0
0
0
0
0
0
0
0
0
0
0
0
0
0
0
0
0
0
0
0
0
0
0
0
0
0
0
0
0
0
0
0
0
0
0
0
0
0
0
0
0
0
0
0
0
0
0
0
0
0
0
0
0
0
0
0
0
0
0
0
0
0
0
0
0
0
0
0
0
0
0
0
0
0
0
0
0
0
0
0
0
0
0
0
0
0
0
0
0
0
0
0
0
0
0
0
0
0
0
0
0
0
0
0
0
0
0
0
0
0
0
0
0
0
0
0
0
0
0
Torque Data
-1.01244767020482E-05
-1.35038941538682E-05
-1.24932832239962E-05
-7.44503331984004E-06
7.59260576881968E-07
-9.1172845944531E-07
1.13535663232197E-06
6.19798052974272E-06
1.01458150811743E-05
8.70511003896966E-06
-1.69116445459196E-06
-1.68327686419134E-05
3.61384954006499E-05
6.27018376381107E-05
-6.79316929324488E-06
1.09153541555752E-04
3.02373644369888E-05
4.01670508625145E-07
2.29085662602574E-04
2.32565687518695E-04
3.20843175090536E-05
1.34865597914569E-04
1.84831910197964E-04
-9.68951983998602E-05
9.00274649123832E-05
5.1052383834795E-04
8.187308854263E-05
3.6497340347721E-04
2.09661525968504E-04
1.15196689308454E-04
2.84640205518173E-04
3.74770518688468E-04
2.0988971275837E-04
2.66754850428416E-04
7.19685993747616E-04
3.48766330016538E-04
1.56734526212337E-03
1.01286565902693E-03
2.13060813348636E-04
1.10739355310834E-03
1.56843995429241E-03
1.44125157697724E-03
1.68475771268982E-03
6.57385640740556E-05
2.61451671730595E-04
2.35529063574199E-03
7.92952780687496E-04
1.42707051899181E-03
1.93408950459829E-03
2.76895935638952E-03
8.0789166628445E-05
1.8175656451164E-03
1.71023724252308E-03
3.20139474079862E-03
1.67671963290533E-03
-9.54764419316895E-06
1.01899888708745E-03
1.69745238432297E-03
3.90798201075572E-03
1.30571256989868E-03
1.78467889569386E-03
2.89429986549865E-03
1.86719589227532E-03
4.30673910101173E-03
2.78367342676448E-03
3.78111465017972E-03
4.09762076350881E-04
3.07397474028945E-03
1.57887971423226E-03
1.71404997405444E-03
1.12783284671156E-03
6.27841026260988E-03
2.55987379956798E-03
-8.3430902618721E-04
0.004656908331234
3.7571772714431E-03
1.66055440341052E-02
1.63923190975849E-02
7.48170951857272E-03
0.006881408430944
7.17371004897792E-03
0.021088919717343
0.01553756452083
0.016445902711405
2.02490764528786E-02
1.27176534324586E-02
5.75732618357568E-03
-1.1816000633976E-03
4.92461989650078E-02
1.74641277761982E-02
1.70015006815059E-02
-2.29424458500194E-04
2.84963545612711E-02
2.80158277271272E-02
-1.41645021065935E-02
1.02115264454378E-02
5.44628748826378E-03
7.14257156525081E-03
-2.37026886505966E-03
1.71204395143504E-03
1.11967366728263E-03
4.96357419265407E-02
4.31986973892023E-02
2.83180313606566E-02
1.48911528652551E-02
0.043734809865376
6.59137748224779E-02
8.39666567196336E-02
-2.79152977467357E-03
3.12178715945226E-02
9.97872135615156E-03
4.15055785519024E-02
0.039960784449382
5.44162881503652E-02
-0.023951456979669
7.70513591501913E-02
0.065552715024757
0.038004945393392
-1.14646115735569E-02
1.80585601500096E-02
3.06200181811675E-02
7.0143593794996E-03
1.10364153130889E-02
2.80185834040527E-02
6.21289795680906E-03
-2.7157671458578E-03
2.12492925116009E-02
3.73547294595298E-02
4.40712930096029E-02
8.89881470162721E-03
1.36299690842815E-02
1.33451842833271E-02
8.67608211276872E-03
2.02824922380953E-02
1.16237388646131E-02
-4.09893105966987E-03
1.32413086145166E-02
2.11414693479136E-02
2.88253043816432E-02
1.56081717530496E-02
1.07307530687555E-02
1.47897747377691E-02
1.20854872672041E-02
1.38638814631399E-02
1.00180253766791E-02
4.92333139670112E-03
2.7447957689736E-03
9.62043329944945E-03
8.7001328672688E-04
1.04556115055197E-03
5.66999521007802E-03
2.03328266041502E-03
4.13667877985457E-03
2.40780673468913E-03
4.44558461960077E-03
2.04036196109994E-03
3.6768412450458E-03
-1.11229418483788E-03
2.58278627758546E-03
1.97222943620093E-03
1.97872725848266E-03
2.43852067797679E-03
2.26045853697957E-03
3.4899837819227E-03
1.6076165120398E-03
1.07664125607114E-03
2.564296536399E-04
2.68343514848175E-03
5.3564009202968E-06
1.12082776572839E-04
1.05835153812077E-03
3.28994796905644E-04
8.5697935512123E-04
1.01777299764691E-03
3.64112624936088E-04
1.29058260808793E-03
8.76578221320354E-04
6.78553951917765E-04
4.58495492959916E-05
6.07210210034484E-04
3.10638083584792E-04
1.6343560420182E-04
3.19164250512238E-04
1.04385840143939E-04
9.5045089067936E-05
3.9234348023507E-04
1.53530278851764E-04
9.69895378821095E-05
1.04182558156739E-04
2.359468894885E-05
1.22762081083172E-05
-2.31904398452307E-05
-2.08973335010385E-05
-5.4112030374114E-05
-1.83154474100189E-04
-1.74544137133681E-04
1.94687382299496E-05
-3.30082636177432E-04
-1.26699176326306E-04
-1.28785430926776E-04
-1.58726163101832E-04
-4.21678203913746E-04
1.30083030679719E-05
-7.47647026082488E-04
-5.29532983169433E-04
-6.27301542798535E-04
-3.30276390012984E-04
-4.23521934842061E-04
2.61638484443325E-04
-8.92006620604024E-04
-9.10511766582068E-04
-1.7697090305496E-03
-1.01447265621715E-03
-7.59597822342366E-04
-0.001834309214303
-4.02825566103105E-04
-7.1358816414188E-04
-1.91118672136677E-03
-1.82511402924477E-03
-9.35249455262256E-04
-3.20833844622907E-03
3.06826722431085E-04
-3.02649823018073E-03
-2.58534090706607E-03
-1.80038127364388E-03
-2.56029697945541E-03
-1.94296382272703E-03
-4.61138220097136E-03
-1.54021988653197E-03
-2.8110020828079E-03
-3.82088578443278E-03
-1.45255657086286E-03
-5.84256716255926E-03
-4.50853844996456E-03
-1.01527511352881E-02
-1.19779041764133E-02
-1.13526527134806E-02
-7.27070726184507E-03
-6.72087884630736E-03
7.78788246131467E-03
-7.28651521849512E-03
-1.10442531079612E-02
-1.44377812154576E-02
-6.98848074305793E-03
-1.30006823563606E-03
-0.010710590130394
-2.66742801059924E-02
-9.93996074974698E-03
-1.09053878686172E-02
-3.61561194200818E-02
-2.53355078873406E-02
-1.83879071040981E-03
1.04153174875808E-02
-2.30572882021604E-02
-1.71795132173683E-02
-2.80867609615914E-02
-2.12407183612213E-02
-9.69772805896167E-03
-2.02524099208635E-02
-3.92044478116192E-02
-1.86578847617116E-02
3.41298677848745E-03
-8.41694974499278E-03
-3.33191281978584E-02
-0.02575054301292
-4.08556534807404E-02
-3.06629672703244E-02
-3.58533663532352E-02
-0.06578099907314
-0.0450464509092
-1.20510494797212E-02
-0.05215938594856
-7.20055020874368E-02
6.63909198174915E-03
-1.56369133502352E-02
-2.83680360722374E-02
-1.95505495874276E-02
-0.018066308916838
-1.56057215886047E-02
-5.00075185924031E-02
-2.59923218157039E-02
-1.96539836334806E-02
-3.86987599779154E-02
-4.41280457745668E-02
-2.21153723781816E-02
1.37369619654644E-02
-2.53174591216709E-02
-6.38972110187309E-04
5.14359363241882E-03
-8.47500489502606E-03
-7.77960291717108E-03
-7.06649634920952E-04
-1.03145694182688E-02
-0.027169830993972
-2.41936239832579E-02
-2.78297280423909E-02
-1.21110446901147E-02
-2.31819117740388E-02
-1.24361240601199E-02
-6.38267543868148E-03
-1.81908730185105E-02
-6.52726584438656E-03
-1.64697938700583E-02
-7.67700372810348E-03
-1.32438991269242E-02
-1.28478674787621E-03
-4.63653695152832E-03
-3.24718217154926E-03
-1.24718403189973E-02
-7.21657857145821E-03
8.06573877119946E-05
-2.33698883633218E-03
-2.8713224204329E-03
-2.1043570254982E-03
-3.75355550376602E-03
-1.03075011614537E-03
-4.87070842155135E-03
-1.68816801891402E-03
-2.07852881641214E-03
-2.53638322952991E-03
-1.19987294758453E-03
-3.11308429758259E-03
-1.3369360733184E-03
-8.0936299200456E-04
-1.50914494399505E-03
4.86405776447375E-04
-7.175735353388E-04
-6.56189250193763E-04
-1.21729243038557E-03
-2.42394044383726E-03
-5.33409398266716E-04
-6.4743377640262E-05
-1.98533580377138E-03
1.3374827066568E-04
-8.99718961915614E-04
-5.95079352255864E-04
-3.3966456968319E-04
-1.20236735384009E-03
-3.96515884415845E-04
-3.181387558998E-04
-3.72037085525056E-04
-8.53294685096722E-05
-2.83322024148468E-04
-5.18045210314307E-05
-1.98453717290734E-04
-3.10254381793668E-04
-1.18468085945768E-04
-4.30865718689496E-05
-7.16553550365583E-05
-7.77110829365271E-05
-1.45917531502578E-05
2.39638142459687E-05
7.63170971998599E-05
1.30196760189916E-04
1.25090147509622E-04
2.58939416808866E-04
7.77166447077082E-05
5.41070577362239E-06
-8.6478963562251E-06
1.35264305689522E-04
1.17032818965304E-04
9.63352986231608E-04
7.27313412199504E-04
1.05534101291682E-03
8.89975895838064E-04
1.0240782624524E-03
1.16790304112072E-03
1.93550660965447E-03
3.65209307584619E-04
8.49288230111196E-04
1.23868005343985E-03
1.8772043343486E-03
-8.20492878136085E-04
1.47364401389636E-03
2.40662013037591E-03
3.63112006569398E-03
2.55294517720634E-03
1.22118484251382E-03
1.50868843069188E-03
2.45802839347744E-03
5.0093670879527E-03
3.54531427027646E-03
4.7307785598423E-03
9.87494730987244E-03
3.26114822599464E-03
1.77342491398583E-03
6.58318925458284E-03
4.7534831059784E-03
1.15488457410781E-02
1.13187962759336E-02
1.28300969649408E-02
1.78339858684101E-02
9.41010815038294E-03
9.5424171818355E-03
1.76398832256626E-02
2.08087442486154E-03
3.47706483622737E-02
1.66229409817303E-03
1.25240108230537E-02
1.25565052778958E-02
1.96753980220559E-02
2.41334266817008E-02
3.35097850287362E-03
1.65738924430567E-02
2.01133765865016E-02
2.16507486910979E-02
2.74073121187784E-04
1.80320141867341E-02
2.67097441963519E-02
1.45864051029846E-02
2.11718913553467E-02
4.30625110323025E-02
2.79183475518966E-02
3.13345442825332E-02
5.56324507915722E-02
4.63698692157624E-02
2.20769400003816E-02
5.12913590450919E-03
4.91683514581866E-02
0.07567551439729
0.01615329038664
dMdH Data
3.02937808611251E-06
-6.7755898180186E-06
-4.18329953424009E-06
8.81496130137821E-06
-6.37119431550572E-06
-1.37610168800652E-06
1.99226848418665E-06
-2.53952095729057E-06
3.85758607877956E-06
-2.16279060797986E-06
2.24914742381741E-06
5.44150847503613E-07
-1.27498545844949E-07
5.23706743717766E-07
-1.41135807875431E-06
1.30757442543445E-06
7.74534548939289E-07
-3.15343102701983E-07
1.7028789040844E-06
-8.52091300468483E-07
1.0135822183376E-06
3.72951419593991E-07
8.38570548196182E-07
-8.91099660036886E-07
1.56715630092857E-06
-2.75869994565209E-07
2.31343462695768E-07
5.60218463973864E-07
-1.3353437596682E-07
7.96585496809391E-07
8.73029246964124E-07
-6.09030693707493E-08
6.95719688128063E-07
2.33363324149375E-07
3.97605477311191E-07
3.8108473654563E-07
3.74201931515362E-07
3.54681349529068E-07
1.84059663936562E-07
7.35311454146063E-07
3.16262744258708E-07
2.45496488424659E-07
3.40894079617457E-07
2.15345786446612E-07
2.09889638770953E-07
6.10600643099681E-07
1.82177923638966E-07
4.81550084454626E-07
1.41008380860045E-07
5.33069742449046E-07
2.74265683771546E-07
1.97911246815181E-07
4.44752656310747E-07
2.95370786229261E-07
4.66748969546599E-07
3.54739666216185E-07
7.96335148692078E-08
2.60533447850366E-07
5.98694949433494E-07
1.19747381589619E-07
3.53524116743351E-07
5.41669459098061E-07
1.69143973353554E-07
2.14352005449197E-07
4.52725352160562E-07
3.3746960563486E-07
3.98885032982408E-07
3.92143688703798E-08
3.20040201471468E-07
4.4251979776547E-07
3.15871493327697E-07
2.52051350310988E-07
2.89211183328625E-07
2.98070334991387E-07
3.10087640994445E-07
2.31630649973307E-07
2.9292274618079E-07
2.32107558207986E-07
3.25944869089727E-07
2.30847339648662E-07
2.8181993745247E-07
2.56075758787976E-07
2.47423385235955E-07
2.71224765799637E-07
2.44914384763576E-07
3.02022543332423E-07
3.29101503186511E-07
2.81261228366982E-07
2.62160940473459E-07
2.57890887560966E-07
2.2130128320063E-07
2.35025858426298E-07
3.12444440602411E-07
2.53138580395944E-07
2.46600290785419E-07
3.12381408919322E-07
2.21491622082641E-07
2.62248773649487E-07
2.0036916474204E-07
3.06116628884549E-07
3.15354805759077E-07
1.70108195601231E-07
3.26638847758783E-07
2.58704366090747E-07
2.53510396390826E-07
2.57633403074683E-07
2.67228875327956E-07
2.25901047598602E-07
2.86000582368783E-07
2.55006332522966E-07
7.12249349777681E-07
2.80800371793104E-07
2.07061223156572E-07
2.94126788742316E-07
2.52394079723963E-07
2.52800669678294E-07
2.67321766778566E-07
2.33332110013069E-07
2.33994988168124E-07
2.82224775893536E-07
2.7332716882679E-07
3.22488386125872E-07
2.03832479005344E-07
2.65567471921162E-07
2.82324185660292E-07
2.13287782452366E-07
2.36615861096779E-07
2.84511643735012E-07
2.69003915289554E-07
2.41690861920701E-07
3.06624590078695E-07
2.4960502197514E-07
3.60770006094077E-07
2.11427578287993E-07
1.98794197224131E-07
3.02223706710329E-07
2.7321202515101E-07
3.49267966000203E-07
1.23199533390472E-07
3.33732080902367E-07
2.30432898197767E-07
2.79485245805073E-07
2.69876722679115E-07
3.08669586199173E-07
2.62434243754543E-07
2.97045764257427E-07
3.02940533676516E-07
2.52659164617342E-07
3.15186597543402E-07
1.47729479428844E-07
5.39511188271248E-07
1.51071995063182E-08
5.32325541072211E-07
2.43203795913257E-07
2.66341689693645E-07
5.16084813124404E-07
2.49351988491883E-07
5.25847307224296E-07
6.31042278774563E-08
3.60956112034517E-07
1.7912283087002E-07
4.12261028197022E-07
1.04608395153573E-06
-4.6052552552553E-08
2.77080523942882E-07
7.73735724959042E-07
2.03527721201065E-07
3.26744854507275E-07
-8.11134911133167E-08
1.03819946796799E-06
-6.33679793124492E-08
3.61703790562721E-07
4.26999630925078E-07
3.59581671612216E-07
1.00093070062255E-06
-2.46230495384602E-07
7.28597872999154E-07
8.17823065590677E-07
-7.1425389587839E-07
1.05168678951059E-06
-1.98351080329217E-07
1.05776669864583E-06
1.00512212302511E-06
-2.23541203564634E-07
-1.73451713575594E-07
1.94881641261448E-06
-2.62370294331555E-07
9.13418778655225E-07
-1.47546225257634E-07
1.01171732774006E-06
-1.31753580709784E-07
1.69128512330559E-07
1.28005323418236E-06
-2.3158394181567E-07
7.13794327034657E-07
-7.46220730259196E-07
1.39598857063154E-06
9.09592821604108E-07
2.52201994871941E-07
4.92199175700834E-07
-7.4103803321807E-08
5.18050178500694E-07
6.60724868942335E-07
3.40980973091057E-07
1.85605405162111E-07
2.84601894983774E-07
8.46532238820456E-07
4.40909904209562E-07
3.81055105607113E-08
8.09059918899994E-08
1.2746175627482E-06
1.17057860521544E-07
3.20615403688702E-07
3.56700730043341E-07
-2.31433405546704E-07
6.74609304652327E-07
3.98132042577354E-07
-1.06736368647514E-07
9.61384654399109E-07
-1.59902464209528E-07
3.47705737748812E-07
5.07649797656324E-07
4.66291700069649E-07
2.72651218288294E-07
4.74509676847675E-07
-1.16887990427196E-07
5.29823112382133E-07
1.59890158242532E-07
3.96381264205985E-07
1.36799678242639E-07
4.96325384430065E-07
3.28030915240812E-07
2.48092169645854E-07
2.1756494800668E-07
3.29216174389362E-07
3.42727877544424E-07
1.93276741035137E-07
2.24640486675378E-07
3.67028860725243E-07
2.92873499516158E-07
1.87229319549942E-07
2.6396242745138E-07
3.5708332060519E-07
2.62675944934078E-07
2.118559869079E-07
2.77776141421877E-07
3.1998011274054E-07
2.48923380160811E-07
2.47108497487903E-07
2.90279681880498E-07
3.12030381455731E-07
1.98399174827927E-07
3.11207777278825E-07
2.06433775192116E-07
3.26871301121487E-07
3.01463718014697E-07
2.34645516939385E-07
3.1718590252548E-07
2.20805824886055E-07
2.85040674419855E-07
2.17763462796286E-07
2.85602190517868E-07
3.17376087779041E-07
2.39683728200102E-07
2.67706684424842E-07
2.71191220403246E-07
2.94110304874055E-07
2.58019745053729E-07
2.2424638388015E-07
2.60950256053751E-07
2.88860362908506E-07
2.48397682836419E-07
2.39401748801284E-07
2.67076717511518E-07
2.27561145696375E-07
2.24663223335339E-07
2.81521547267821E-07
2.86372526969025E-07
2.56775829477229E-07
2.21906007034516E-07
2.63641468392063E-07
2.35933125658224E-07
2.63696017035935E-07
2.50234227159445E-07
2.52308570431393E-07
2.42910138304977E-07
2.84885234410333E-07
2.88657987189841E-07
3.27433962963918E-07
2.08192408322228E-07
2.79957286849637E-07
1.85331401468532E-07
3.10099619811961E-07
2.53969529401114E-07
3.08866923603058E-07
2.65868781207358E-07
2.78760130416903E-07
2.53974098393601E-07
3.0081267076478E-07
2.40523501309518E-07
2.10744295994842E-07
3.4887947425778E-07
2.02309070303606E-07
2.84006707319734E-07
2.58844004836495E-07
1.834067291431E-07
4.38595090306792E-07
1.45083234822158E-07
3.36275116850839E-07
2.89547181735478E-07
3.0410692626961E-07
3.90934837953345E-07
3.91830691708805E-07
2.000345155682E-07
1.18201825086418E-07
6.99062999780614E-07
3.1788191527661E-07
4.18266451543992E-07
7.69785053199726E-08
4.98858404120764E-07
1.1706409748871E-07
-4.99705134071364E-08
6.70197865479076E-07
4.70754097278055E-07
5.29796393147158E-07
6.79417839708923E-07
-5.50629363425561E-07
4.38986861462792E-07
7.99351603946835E-07
2.45532646907335E-07
7.04070759111289E-07
2.72819555790249E-07
-1.05135432083381E-07
4.93009737986127E-07
-1.56504970924779E-07
1.22302701410877E-06
1.6899473964047E-08
5.91355717101651E-07
-7.30586160753371E-08
6.95720480173445E-07
5.94467994335623E-07
9.09051472421778E-07
2.81939684204744E-07
-4.16786229627496E-07
4.66101157214393E-07
6.07148235680938E-07
7.95618380524412E-07
4.89002513799614E-08
5.9277442364479E-07
6.13625794577552E-07
4.37228886665245E-07
1.35040245203901E-06
-3.41619354641539E-07
-3.32747529278175E-07
1.49682330018229E-06
-9.63114551175877E-08
5.88278947894656E-07
-2.55846633359616E-07
1.03191565277771E-06
-2.96789110245103E-07
8.70365327918472E-07
2.26959542492912E-07
6.63869851413956E-07
1.94400179643159E-07
7.85340886108639E-08
7.3816459266119E-07
2.59245843556963E-07
7.2363664345764E-07
-4.75774347849895E-07
8.55925182321149E-07
2.98636529451276E-07
5.76840328296623E-07
4.24715643952985E-07
1.91175577612411E-07
1.6993895304431E-07
5.28376689067203E-08
7.51181988540365E-07
4.5138104252985E-07
2.91752710480096E-07
1.65017164451084E-07
2.78232540014927E-07
1.79537698471653E-07
3.33619339979627E-07
2.95750286901997E-07
3.96761918891971E-07
2.30289354827799E-07
2.64290117092851E-07
2.95751948561539E-07
2.12698704762224E-07
3.1958442846913E-07
2.66779754460446E-07
3.64752572311256E-07
1.49992071896984E-07
2.30726320164748E-07
3.20591504895536E-07
2.83257659251006E-07
2.99878857617514E-07
2.77300882123614E-07
2.91500156191644E-07
3.12282655420695E-07
2.39147187726276E-07
2.4015213257267E-07
2.60281853426473E-07
2.43776426321253E-07
3.03557083127102E-07
2.09360315405095E-07
3.33595194841328E-07
2.95378537439474E-07
2.98628924192536E-07
1.8660343473505E-07
3.04523226850264E-07
2.67734617046943E-07
2.4618703648796E-07
3.09740933811337E-07
2.51221899584453E-07
2.31430026926716E-07
2.67580008369266E-07
2.79397689018288E-07
2.94625698812019E-07
2.43700179807672E-07
2.43700179807672E-07
dMdT Data
0
0
0
0
0
0
0
0
0
0
0
0
0
0
0
0
0
0
0
0
0
0
0
0
0
0
0
0
0
0
0
0
0
0
0
0
0
0
0
0
0
0
0
0
0
0
0
0
0
0
0
0
0
0
0
0
0
0
0
0
0
0
0
0
0
0
0
0
0
0
0
0
0
0
0
0
0
0
0
0
0
0
0
0
0
0
0
0
0
0
0
0
0
0
0
0
0
0
0
0
0
0
0
0
0
0
0
0
0
0
0
0
0
0
0
0
0
0
0
0
0
0
0
0
0
0
0
0
0
0
0
0
0
0
0
0
0
0
0
0
0
0
0
0
0
0
0
0
0
0
0
0
0
0
0
0
0
0
0
0
0
0
0
0
0
0
0
0
0
0
0
0
0
0
0
0
0
0
0
0
0
0
0
0
0
0
0
0
0
0
0
0
0
0
0
0
0
0
0
0
0
0
0
0
0
0
0
0
0
0
0
0
0
0
0
0
0
0
0
0
0
0
0
0
0
0
0
0
0
0
0
0
0
0
0
0
0
0
0
0
0
0
0
0
0
0
0
0
0
0
0
0
0
0
0
0
0
0
0
0
0
0
0
0
0
0
0
0
0
0
0
0
0
0
0
0
0
0
0
0
0
0
0
0
0
0
0
0
0
0
0
0
0
0
0
0
0
0
0
0
0
0
0
0
0
0
0
0
0
0
0
0
0
0
0
0
0
0
0
0
0
0
0
0
0
0
0
0
0
0
0
0
0
0
0
0
0
0
0
0
0
0
0
0
0
0
0
0
0
0
0
0
0
0
0
0
0
0
0
0
0
0
0
0
0
0
0
0
0
0
0
0
0
0
0
0
0
0
0
0
0
0
0
0
0
0
0
0
0
0
0
0
0
0
0
0
0
0
0
0
0
0
0
0
0
0
0
0
0
0
0
0
0
0
0
0
0
0
0
0
0
 
*********************************************** Results ***************************************
 
TotalArea 1.67402171586146
AreaFirstQuad 0.951439848153213
AreaSecondQuad 0
AreaThirdQuad 0.697608702380328
AreaFourthQuad 2.49731653279212E-02
Coercivity 138.452576031738
PositiveCoercivity 369.768118280705
NegativeCoercivity 92.8629662172285
Retentivity 5.09749616888414E-05
PositiveRetentivity -4.71255449769757E-05
NegativeRetentivity -1.49075468354658E-04
Magnetization 0.0032874756
PositiveMagnetization 0.003207562
NegativeMagnetization -0.0033673892
Flatness 2.73244765892925
Squareness 1.55058068533927E-02
SStar 0.65193049363536
SFD1 0.579350248429151
SFD2 0.512758995424729
Slope 0
Intercept 0
SlopeAtHc 1.05776669864583E-06
dH1 58.2400417120948
dH2 70.9928038
InitialSlope 3.02937808611251E-06
FieldAtHalfMs 5707.9437451204
FieldAtMs 11861.132
MomentMean 1.10205698075035E-04
MomentRMS 1.40438324184205E-03
SFD3 0.104142646394993
dH3 124.033758363589
UserField1 0
UserField2 0
CenterField 0
ExchangeField 0
ExchangeMoment 0
ExRegionOneIntercept 0
ExRegionOneSlope 0
ExRegionTwoIntercept 0
ExRegionTwoSlope 0
NegativeIntercept 0
NegativeSlope 0
AutoCenterOffset 0
PinningField 0
PinningMoment 0
PinRegionOneIntercept 0
PinRegionOneSlope 0
PinRegionTwoIntercept 0
PinRegionTwoSlope 0
PositiveIntercept 0
PositiveSlope 0
TotalOffset 0
BHMax 0
BCoercivity 0
BRetentivity 0
BNegativeCoercivity 0
BPositiveCoercivity 0
BNegativeRetentivity 0
BPositiveRetentivity 0
MomentYMean 2.89343380979097E-06
MomentYRMS 2.03595028398458E-06
YOffCorrection 0
Mrt 0
Ms1 0
Ms2 0
Ms3 0
Hc2 0
Hex2 0
HsatValue 0
HsatIntercept 0
HsatSlope 0
CenterH 0
Span .0065749512
SpanAsPercentOfRange -102.7336125
RMSAsPercentOfRange -21.943488153782
SpanAsPercentOfMean 5966.07191356234
RMSAsPercentOfMean 1274.32906498705
