Version 1.25
******************************************** Units *******************************************
System CGS
TemperatureUnit C
MomentUnit emu
AppliedFieldUnit Oe
 
******************************************** Setup ********************************************
 
Experiment CustomField
Minor False
Acquisition Continuous
EditedPoint No
MaxField 12000
FieldIncrement 114.285714285714
Points 421
MinField 0
RampRate 11.4285714285714
AverageTime 10
TimeInterval 0
TimeConstant 0.1
TimeConstantIndex 0
Sensitivity -0.0064
SensitivityIndex 5
SensitivityY -0.004
SensitivityIndexY 5
SaturationField 8000
ExperimentTime 4210
Use735Domains False
AutoRangeEnabled False
NumberOfVertices 20
VertexPts
0
10
30
50
70
110
150
160
180
200
220
230
270
310
320
340
360
370
380
420
VertexField
-5
5
100
500
1000
12000
1000
500
100
-100
-500
-1000
-12000
-1000
-500
-100
100
500
1000
12000
StartAngle 0
EndAngle 0
AngleIncrement 0
StartTemp 0
FinishTemp 0
TempIncrement 0
TempPoints 0
LengthofSetPointsArray 421
SetPointArray
-5
-4
-3
-2
-1
0
1
2
3
4
5
9.75
14.5
19.25
24
28.75
33.5
38.25
43
47.75
52.5
57.25
62
66.75
71.5
76.25
81
85.75
90.5
95.25
100
120
140
160
180
200
220
240
260
280
300
320
340
360
380
400
420
440
460
480
500
525
550
575
600
625
650
675
700
725
750
775
800
825
850
875
900
925
950
975
1000
1275
1550
1825
2100
2375
2650
2925
3200
3475
3750
4025
4300
4575
4850
5125
5400
5675
5950
6225
6500
6775
7050
7325
7600
7875
8150
8425
8700
8975
9250
9525
9800
10075
10350
10625
10900
11175
11450
11725
12000
11725
11450
11175
10900
10625
10350
10075
9800
9525
9250
8975
8700
8425
8150
7875
7600
7325
7050
6775
6500
6225
5950
5675
5400
5125
4850
4575
4300
4025
3750
3475
3200
2925
2650
2375
2100
1825
1550
1275
1000
950
900
850
800
750
700
650
600
550
500
480
460
440
420
400
380
360
340
320
300
280
260
240
220
200
180
160
140
120
100
90
80
70
60
50
40
30
20
10
0
-10
-20
-30
-40
-50
-60
-70
-80
-90
-100
-120
-140
-160
-180
-200
-220
-240
-260
-280
-300
-320
-340
-360
-380
-400
-420
-440
-460
-480
-500
-550
-600
-650
-700
-750
-800
-850
-900
-950
-1000
-1275
-1550
-1825
-2100
-2375
-2650
-2925
-3200
-3475
-3750
-4025
-4300
-4575
-4850
-5125
-5400
-5675
-5950
-6225
-6500
-6775
-7050
-7325
-7600
-7875
-8150
-8425
-8700
-8975
-9250
-9525
-9800
-10075
-10350
-10625
-10900
-11175
-11450
-11725
-12000
-11725
-11450
-11175
-10900
-10625
-10350
-10075
-9800
-9525
-9250
-8975
-8700
-8425
-8150
-7875
-7600
-7325
-7050
-6775
-6500
-6225
-5950
-5675
-5400
-5125
-4850
-4575
-4300
-4025
-3750
-3475
-3200
-2925
-2650
-2375
-2100
-1825
-1550
-1275
-1000
-950
-900
-850
-800
-750
-700
-650
-600
-550
-500
-480
-460
-440
-420
-400
-380
-360
-340
-320
-300
-280
-260
-240
-220
-200
-180
-160
-140
-120
-100
-90
-80
-70
-60
-50
-40
-30
-20
-10
0
10
20
30
40
50
60
70
80
90
100
140
180
220
260
300
340
380
420
460
500
550
600
650
700
750
800
850
900
950
1000
1275
1550
1825
2100
2375
2650
2925
3200
3475
3750
4025
4300
4575
4850
5125
5400
5675
5950
6225
6500
6775
7050
7325
7600
7875
8150
8425
8700
8975
9250
9525
9800
10075
10350
10625
10900
11175
11450
11725
12000
FieldDomainFile C:\IDEASVSM\Default UserID\Experiments\HysCoFe2O4_Completa\fdomain.ini
TempDomainFile C:\IDEASVSM\Default UserID\Experiments\HysCoFe2O4_Completa\tdomain.ini
NumSelectedResults 0
ResultsSelected 
UserName1 
UserValue1 
UserName2 
UserValue2 
LinearBackgroundCorrection Off
MaxLinearFieldCorrection 
MinLinearFieldCorrection 
AutoLinearCorrection Off
FitOneRegion Off
BackgroundMode Off
BackgroundFilename 
AutoCenter Off
OffsetCorrection 
SmoothDeriv Off
DerivOrder 0
DerivPoints 0
MinExFieldOne 
MaxExFieldOne 
MinExFieldTwo 
MaxExFieldTwo 
MinPinFieldOne 
MaxPinFieldOne 
MinPinFieldTwo 
MaxPinFieldTwo 
HCenterStart 
Mass 
Volume 
Density 
MolarWeight 
NumberOfMoles 
Demagnetization 
SampleArea 
Thickness 
MomentScaling 0
XAxis 0
YAxis 0
SimpleSpinValve False
HsatMax 0
HsatMin 0
FieldAutoRange False
 
*************************************************** Experiment Data ********************************************
 
DataPoints 421
MomentX Data
-0.000061342172
-0.000060124077
-0.000068235609
-0.000064754782
-0.00006371275
-0.000064332104
-0.00006335572
-0.000067186578
-0.000069642006
-0.000066768735
-0.000066699099
-0.000064554057
-0.000062581517
-0.000059988084
-0.000059132632
-0.000058921591
-0.000058265758
-0.000056099998
-0.000055500158
-0.000050995997
-0.000049497378
-0.000051902227
-0.000042519549
-0.00004763238
-0.00004871796
-0.000041699282
-0.000035750528
-0.000044217207
-0.000034197135
-0.000031463783
-0.000029273263
-0.000032809619
-0.000020227135
-0.000013972906
-0.000013342916
-0.00000058580899
0.0000083424683
0.000017536904
0.000023685917
0.000027728967
0.000034601214
0.00003926008
0.00004944968
0.000054384357
0.000069050309
0.000072178018
0.0000761403
0.000084020225
0.000092451621
0.000098833957
0.0001052237
0.00011256576
0.00011869856
0.00012541502
0.00014000883
0.00014666571
0.00015083379
0.00016248051
0.0001679579
0.00018196062
0.00018843433
0.00019483633
0.00020449388
0.00020810042
0.00021374997
0.00022330249
0.00023133568
0.00024012701
0.00024418048
0.00025962086
0.00025906724
0.00030632571
0.00036762025
0.00046014653
0.00054281417
0.00060570337
0.00068960731
0.00074915219
0.00083926528
0.00090384025
0.00098183946
0.0010486564
0.0011201714
0.0011892576
0.0012723009
0.0013396809
0.0014124995
0.0015029176
0.0015685119
0.0016415076
0.0017182066
0.0017646261
0.0018453574
0.0019387394
0.0020078799
0.0020824795
0.0021476154
0.0022303797
0.0022990985
0.0023758729
0.002448749
0.0025277019
0.0025812606
0.0026607118
0.002744016
0.0028264663
0.0028894097
0.0029451301
0.0030333278
0.0030950062
0.0031968162
0.0031728977
0.0031125384
0.0030468909
0.002973007
0.002900408
0.002817762
0.0027427973
0.0026777859
0.0026197901
0.0025536914
0.0024673247
0.0023887356
0.0023156257
0.0022612058
0.0021760665
0.0021057833
0.0020397478
0.0019646856
0.0018912668
0.0018168053
0.0017423342
0.0016720803
0.0015977374
0.0015174304
0.0014425135
0.0013551729
0.0013052281
0.0012212792
0.0011632479
0.0010869692
0.0010069154
0.00092230253
0.0008588615
0.00077055317
0.00069831051
0.00062951251
0.00056218368
0.00047318499
0.00039234135
0.00033190176
0.00026409868
0.00026038039
0.0002422523
0.00022920988
0.00022785795
0.00020306219
0.00016305025
0.00016957982
0.00014653742
0.00013860117
0.00011475603
0.00010742913
0.00010170681
0.00010016746
0.000089162711
0.00008463241
0.000074863345
0.00006666457
0.000057983311
0.000064212955
0.000053480675
0.000034110502
0.000037948276
0.000010263872
0.000023777506
0.0000073199739
0.0000078748158
0.000003896932
-0.0000087411497
-0.000020198013
-0.000030236645
-0.000039304484
-0.00003904287
-0.000040326269
-0.000048144512
-0.000040492213
-0.000053378861
-0.000053315175
-0.00006018274
-0.000062039746
-0.000068578175
-0.000076338976
-0.000081433354
-0.000078971072
-0.00008669508
-0.000095670867
-0.000097630999
-0.000099480839
-0.00009980248
-0.00010745801
-0.00011110936
-0.00011685092
-0.00012683741
-0.00014161708
-0.00015566878
-0.00014612568
-0.00016408397
-0.00016897372
-0.00017584768
-0.00019081433
-0.00017985638
-0.00019042471
-0.00020034803
-0.00021159636
-0.00022167124
-0.00023465619
-0.00021998864
-0.00024035447
-0.00023232932
-0.00024227106
-0.00025018498
-0.0002830201
-0.00029568375
-0.00029886445
-0.0003328644
-0.00034682763
-0.00035668522
-0.00037813159
-0.00038170633
-0.00039348319
-0.00043395148
-0.00054621164
-0.00060401912
-0.00070070008
-0.00076996592
-0.00084293892
-0.00093327403
-0.00099106573
-0.0010747395
-0.0011372993
-0.0012147268
-0.0012878329
-0.0013637293
-0.0014197504
-0.0014962165
-0.001582403
-0.0016850658
-0.0017584924
-0.0018147642
-0.0019003175
-0.0019620577
-0.0020391722
-0.0021190216
-0.0022057778
-0.0022720018
-0.0023484061
-0.0024208665
-0.0024968274
-0.0025752076
-0.0026422682
-0.0027155343
-0.0028006186
-0.0028664591
-0.0029549987
-0.0030312341
-0.0030921185
-0.0031800933
-0.0032581219
-0.0033237791
-0.0033880159
-0.0034036996
-0.00332813
-0.003262802
-0.0031926425
-0.0031100931
-0.0030456076
-0.0029519931
-0.0029020893
-0.0028351803
-0.0027691036
-0.0026977252
-0.0026117347
-0.0025436427
-0.0024659797
-0.0023934481
-0.0023265635
-0.002264755
-0.0021858627
-0.0021200491
-0.0020253084
-0.0019708934
-0.0018956094
-0.0018072474
-0.0017393835
-0.0016495486
-0.0016169783
-0.0015243624
-0.0014461172
-0.0013663891
-0.0012941939
-0.0012353843
-0.0011535696
-0.0010763114
-0.00099163345
-0.0009211281
-0.00085851772
-0.00078055239
-0.0007150147
-0.00060666108
-0.00054051386
-0.0004879809
-0.0004817793
-0.00045529493
-0.00045512059
-0.00043588549
-0.00042135991
-0.00039100451
-0.00038755544
-0.00035875922
-0.00035378499
-0.00033060335
-0.00033102068
-0.00031713679
-0.0003280674
-0.00031271807
-0.00030194091
-0.00029121992
-0.00029195948
-0.00027828691
-0.00028079121
-0.00025253669
-0.00026469252
-0.00025286288
-0.00024443889
-0.00023869404
-0.00022972366
-0.00021451667
-0.00021994744
-0.00021115648
-0.00020171015
-0.00019269871
-0.00019764761
-0.00018754455
-0.00018315227
-0.00017509219
-0.00017338012
-0.00016359361
-0.00016325947
-0.00015805119
-0.00015203663
-0.00014855909
-0.00014835146
-0.00014035042
-0.0001365782
-0.00012964163
-0.00013249689
-0.00012628917
-0.00012180941
-0.00011793425
-0.00011315083
-0.000094044566
-0.000093086537
-0.00007664562
-0.000060323842
-0.000037815031
-0.000025665008
-0.000015060789
-0.00000074091799
0.000010239501
0.000028854573
0.000047793543
0.000048413429
0.000075259509
0.000093625786
0.000094087299
0.00012489371
0.00014722266
0.00014221924
0.00015811871
0.00018534535
0.00022050829
0.00030528625
0.00040222486
0.00051337215
0.0005288218
0.00061527857
0.00068648848
0.00076215948
0.00083516806
0.00092699342
0.0010162317
0.0010432122
0.0011308453
0.0011957479
0.001299927
0.0013524464
0.0014310838
0.0015234744
0.001580702
0.0016597247
0.0017446253
0.0018123762
0.001867817
0.0019490645
0.0020388912
0.002107064
0.0021913698
0.0022548037
0.0023432973
0.002408044
0.0024787683
0.002569507
0.0026384316
0.0027269163
0.0027915933
0.0028534546
0.002928623
0.0029905332
0.0030770032
0.0031562562
MomentY Data
0.00000032030581
0.0000031081246
-0.00000064819808
0.0000006145572
0.0000019331359
0.0000050270841
0.0000031295251
0.0000052409837
0.0000036509989
0.0000047262046
0.0000047563027
0.0000015986585
-0.00000066821095
0.0000017051887
0.0000036555718
0.0000025365113
0.0000040942428
0.0000012467527
0.00000059232238
0.0000020834874
0.0000034948204
0.0000028774593
0.0000035390805
0.0000033620547
-0.00000018251423
0.0000068405912
0.0000038070487
0.0000059115407
0.0000061032722
-0.00000012176509
0.0000012353325
0.000002974615
0.0000029653786
0.0000054518603
0.0000029948663
0.0000026065348
0.000003248658
0.0000079323908
-0.00000077440266
0.0000036105059
0.0000018665885
0.0000015004539
0.0000013210678
0.0000053399942
0.0000045613192
0.0000015977906
0.0000023031806
0.0000035775421
0.00000082656859
0.0000035376356
0.0000049604938
0.0000012116241
0.000003794174
0.000004971566
0.0000077902266
0.0000038772581
0.0000015319394
0.00000034402372
0.0000023040532
0.0000021509408
0.000002612071
0.0000035327052
0.0000039356754
0.0000041855
0.0000025549315
0.0000036213492
0.00000096187114
0.000002164216
0.000000049200078
0.000002383437
0.0000052285764
0.00000037178989
0.000001883831
0.000001103158
0.00000073997977
0.0000044451855
0.0000016769313
-0.00000081902977
0.0000034232043
0.0000032741402
0.0000017318535
0.0000051374767
0.0000042115734
0.0000049452254
0.0000065910336
0.000004198017
0.0000016134214
0.000003513398
0.0000014492702
0.0000021309995
0.000004779844
0.0000034765767
0.0000062825438
0.0000050075243
0.0000027430581
0.0000048526667
0.00000015269752
0.000002862606
0.000003463435
0.0000040267656
0.0000025124787
0.0000052650354
0.0000039730261
0.0000038080166
0.0000055217455
-0.0000018912792
0.00000064131263
0.0000020318412
0.00000083977219
0.0000022838448
0.00000067446229
0.0000033789013
-0.0000012411069
-0.00000061526776
0.0000046058987
0.0000037292622
0.0000013380384
0.00000087547772
0.0000022506188
0.0000043316744
0.00000037533281
-0.0000010205745
-0.000002361822
0.0000029774473
0.0000026485156
0.0000023563908
0.0000033252143
-0.00000021797657
0.0000016180706
0.0000022774696
0.0000045052574
0.0000016391658
0.0000041477059
-0.00000011242867
-0.0000012107419
0.0000011817646
0.0000025635957
0.0000048103903
0.0000016171311
0.0000045191906
0.0000042635296
0.00000046777724
0.0000004701423
0.0000016519975
0.0000037321614
0.0000031087874
-0.00000062767021
-0.00000064053529
0.0000041515587
0.0000013813447
0.0000026536178
0.0000012699842
0.00000038433077
0.0000052903316
0.0000039305876
0.0000032792853
0.0000021051692
0.00000039864542
0.00000044274806
0.0000026240491
0.0000035167692
0.0000026799439
0.000004439721
0.0000047274397
0.000002494459
0.0000029855774
0.0000011399269
0.0000027225684
0.0000023180436
0.0000016237163
0.0000064172933
0.0000024172973
0.0000045778607
0.0000012314653
0.0000034951161
0.0000012285995
0.000002227621
0.0000056267497
0.000003473296
0.0000041199397
0.0000031951283
0.000003589916
0.000003214116
0.0000026556014
0.0000043773268
0.0000040769671
0.0000034928176
0.0000063329932
0.00000098068235
0.0000027546166
0.0000044734857
0.0000033381603
0.0000017011928
0.0000022877883
0.0000042449711
0.00000001447205
0.000004568548
0.00000051103111
-0.0000029796027
0.000002716298
0.0000050795076
0.0000044598577
0.0000041473959
0.0000044869469
0.0000018976497
0.0000014049673
0.0000042248247
0.0000034269666
0.00000087460035
0.000004447665
0.00000087656973
0.0000022989177
0.00000056298254
0.000002905073
0.0000049824712
0.0000050189207
0.0000039292858
-0.0000019164084
0.000003792691
0.0000038348768
0.0000016869687
0.000003044877
0.0000040686749
0.000001683259
0.0000077799985
0.0000070246122
0.0000010147047
0.0000063651796
0.0000068975589
0.00000084428304
0.0000015280293
0.0000072050664
0.0000016793155
0.0000020084618
0.00000085069658
0.00000070484633
0.00000088645451
0.0000016933202
0.0000054261634
0.0000025644635
0.0000014836644
0.0000029588603
0.0000022375916
0.0000026127862
0.0000047435091
0.00000052092547
0.0000019276236
0.0000022824859
0.0000017411709
0.0000030282114
0.0000046530102
0.000004544668
0.00000016107562
0.0000041129539
0.0000030042027
0.0000025957393
0.0000038519381
-0.0000009381866
0.0000032071207
0.0000031769799
0.0000017935752
0.0000038614033
-0.0000002614927
0.0000010646677
0.0000014647579
0.0000054470966
-0.00000050867554
0.0000018223524
0.0000011258936
-0.00000054234025
-0.0000013757896
0.0000037212323
0.000001377592
0.0000039310263
-0.0000014980887
0.000001954317
0.0000028845118
0.0000059627101
0.0000020700025
0.0000029377983
-0.000001007347
0.0000038819883
0.0000056051538
0.0000011378001
0.000000088248272
0.000006675038
-0.00000023062707
-0.00000089150425
0.000002117319
0.0000036877059
0.0000022379445
0.0000023917865
0.0000045335958
-0.00000090102188
0.0000011613273
0.000006043472
0.00000046972748
0.000001011014
0.0000026275968
0.0000040357922
0.0000060564134
0.0000036685894
0.00000055790422
0.0000056767461
0.0000078685709
0.00000031560893
0.00000066908826
-0.00000050713539
0.0000031933211
-0.00000039285658
-0.00000034274097
-0.0000012820291
0.0000023902892
0.0000019627618
0.0000084242245
0.00000097110745
0.0000030596493
0.0000057921836
-0.00000091310022
0.0000060596749
0.00000039811616
0.0000024153803
0.0000012909078
0.0000052796696
0.0000094591804
0.0000016182565
-0.00000055132386
0.0000015269851
0.0000014864445
0.0000023726653
0.0000061449286
0.00000086551668
0.0000043263625
0.0000017687892
0.0000043143318
0.0000027668284
0.000000020255994
0.0000049791143
0.0000026272153
0.00000063278669
0.0000028412675
0.0000026074457
0.0000029641102
0.0000038405846
0.000002066512
0.0000015256595
0.0000023967933
0.0000041065596
0.0000046719406
0.0000023934983
0.0000057855079
0.0000019848775
0.0000020531081
0.00000022845268
-0.00000032665732
0.0000027025794
0.000003304057
-0.0000016309308
0.0000044162463
0.0000038495206
0.0000042155169
0.0000018596315
0.0000045724342
-0.00000055520061
-0.00000019793518
0.0000016523074
0.0000012842511
0.0000014614916
0.0000011611365
0.000002957816
0.00000061748503
0.0000016096829
0.0000035726927
0.00000022632119
0.0000019796084
0.0000039162205
0.0000036136339
0.0000035784195
0.0000058313081
0.0000048288868
0.00000050206178
0.0000029917191
0.0000015147352
0.00000015727998
0.0000026486777
0.000003061056
0.0000030254315
0.0000022414779
0.0000066121385
0.0000021461534
0.0000013392543
0.0000082583853
0.000004007387
0.000000049548174
0.0000029724883
0.0000042677829
-0.0000018438434
0.0000037646626
0.0000068679425
0.0000025962447
-0.00000022699835
0.0000021527098
0.000004036269
0.00000018192289
0.0000043031834
0.0000026651954
0.0000033614109
0.0000045983503
0.0000015170908
-0.00000011392593
0.0000001231432
-0.0000011706542
0.0000042776058
0.000001774497
0.0000022474002
0.0000037126206
0.00000069769375
0.0000030807303
0.0000035614441
0.0000022748422
0.0000061842486
Field Data
-4.5160565
-3.6038589
-2.6876515
-1.7802864
-0.87569731
0.027780017
0.94983632
1.8517428
2.7594214
3.6659662
4.5751909
7.2706028
12.01556
16.772474
21.543353
26.287069
31.057703
35.811661
40.550534
45.308765
50.062002
54.832958
59.589594
64.312869
69.064458
73.810128
78.550027
83.306316
88.051197
92.819967
97.565309
108.89159
128.86572
148.86522
168.9389
189.06757
209.05837
229.05882
249.06032
269.0626
289.06003
309.05257
329.0473
349.03753
369.03759
389.03279
409.02665
429.02732
449.00835
469.01055
489.02227
510.85013
536.02407
561.02202
586.02497
611.03481
636.03704
661.023
686.03269
711.03034
736.02449
761.04102
786.06947
811.29052
836.28341
861.28797
886.28878
911.29463
936.28998
961.29243
986.2818
1129.9951
1407.2792
1683.2527
1960.5275
2235.5406
2510.5247
2785.5116
3060.4965
3335.4693
3610.4403
3885.4198
4160.3949
4435.3633
4710.3324
4985.3276
5260.2897
5535.2633
5810.2346
6085.2235
6360.19
6635.1539
6910.1376
7185.0892
7460.0577
7735.0249
8009.9799
8285.2256
8562.6062
8837.5408
9112.4459
9387.3392
9662.2057
9937.104
10211.939
10486.771
10761.576
11036.408
11311.202
11585.985
11860.569
11871.649
11596.837
11321.323
11045.926
10770.594
10495.289
10220.05
9944.8221
9669.62
9394.4973
9119.38
8844.2808
8569.1958
8294.1272
8019.0689
7744.0312
7468.98
7193.9591
6918.9327
6643.9038
6368.8965
6093.8666
5818.8312
5543.8191
5268.7717
4993.7499
4718.738
4443.7141
4168.6958
3893.6641
3618.6418
3343.6262
3068.5845
2793.6002
2518.5443
2243.5411
1968.5276
1693.5288
1418.4973
1143.5222
977.88615
927.91717
877.70124
827.41312
777.41995
727.41097
677.25987
626.91798
576.91164
526.92094
491.69799
471.71127
451.72424
431.72953
411.73339
391.73119
371.73486
351.73965
331.76085
311.7546
291.75155
271.77277
251.7677
231.78047
211.77776
191.78119
171.78601
151.76977
131.59072
111.60331
96.475216
86.482285
76.499105
66.507062
56.539673
46.518838
36.499608
26.498736
16.515456
6.5033123
-3.4911951
-13.489668
-23.506061
-33.489663
-43.500939
-53.489056
-63.4922
-73.496886
-83.50841
-93.595546
-107.74868
-127.71213
-147.71221
-167.70509
-187.71043
-207.70486
-227.70011
-247.69185
-267.69531
-287.68772
-307.68118
-327.67755
-347.67524
-367.66972
-387.67077
-407.65705
-427.64705
-447.65005
-467.64644
-487.64385
-521.37718
-571.34071
-621.34305
-671.4
-721.83959
-771.8415
-821.83904
-871.83947
-921.83374
-971.84084
-1129.2505
-1404.2063
-1680.6572
-1956.9397
-2231.9141
-2509.3701
-2784.6554
-3059.6553
-3334.6025
-3609.6181
-3884.592
-4159.5662
-4434.5385
-4709.5535
-4984.5177
-5264.3053
-5539.9632
-5814.9346
-6089.9077
-6364.8818
-6639.8563
-6914.8202
-7189.808
-7464.7732
-7739.7551
-8014.7133
-8289.6401
-8564.5758
-8839.5147
-9114.4193
-9389.3121
-9664.2139
-9939.0851
-10213.933
-10488.765
-10763.578
-11038.377
-11313.149
-11587.926
-11864.947
-11882.662
-11607.846
-11332.335
-11056.926
-10781.608
-10506.316
-10231.061
-9955.828
-9680.6437
-9405.4899
-9130.3746
-8855.2756
-8580.2211
-8305.1192
-8030.0862
-7755.0421
-7480.0043
-7204.9539
-6929.9362
-6654.9131
-6379.8799
-6104.8446
-5829.8517
-5554.8071
-5279.7647
-5004.7538
-4729.7286
-4454.7322
-4179.7014
-3904.6508
-3629.6359
-3354.6126
-3079.6085
-2804.5806
-2529.5466
-2254.548
-1979.5466
-1704.5257
-1429.5118
-1151.9771
-983.51113
-933.59598
-883.5937
-833.6051
-783.59944
-733.61126
-683.61396
-633.60731
-583.59939
-533.60861
-498.72507
-478.77119
-458.76524
-438.77553
-418.78016
-398.79037
-378.79248
-358.79176
-338.79788
-318.79967
-298.81093
-278.82722
-258.81588
-238.82505
-218.83658
-198.84014
-178.83882
-158.84738
-138.85038
-118.85566
-103.75941
-93.783275
-83.779243
-73.796231
-63.787218
-53.793444
-43.790707
-33.791993
-23.797871
-13.80357
-3.7983039
6.2073839
16.193913
26.19791
36.194065
46.20233
56.235776
66.187775
76.207773
86.201512
110.10673
150.44545
190.44458
230.4361
270.44153
310.43876
350.44142
390.43288
430.42091
470.42452
514.10245
564.04533
614.03766
664.04219
714.02761
764.0449
814.04037
864.04405
914.04829
964.03606
1121.3211
1396.2731
1671.2495
1946.2491
2221.2307
2496.224
2771.1928
3046.1721
3321.189
3596.1519
3871.1566
4146.1211
4421.1019
4696.0974
4971.077
5246.0572
5521.0151
5796.0038
6070.9674
6345.966
6620.9006
6895.8973
7170.8894
7445.8309
7720.8098
7995.777
8270.7133
8545.6539
8820.5673
9095.5058
9370.3847
9645.2638
9920.1384
10194.981
10469.797
10744.619
11019.434
11294.229
11568.975
11843.714
Time Data
0
10
20
30
40
50
60
70
80
90
100
110
120
130
140
150
160
170
180
190
200
210
220
230
240
250
260
270
280
290
300
310
320
330
340
350
360
370
380
390
400
410
420
430
440
450
460
470
480
490
500
510
520
530
540
550
560
570
580
590
600
610
620
630
640
650
660
670
680
690
700
710
720
730
740
750
760
770
780
790
800
810
820
830
840
850
860
870
880
890
900
910
920
930
940
950
960
970
980
990
1000
1010
1020
1030
1040
1050
1060
1070
1080
1090
1100
1110
1120
1130
1140
1150
1160
1170
1180
1190
1200
1210
1220
1230
1240
1250
1260
1270
1280
1290
1300
1310
1320
1330
1340
1350
1360
1370
1380
1390
1400
1410
1420
1430
1440
1450
1460
1470
1480
1490
1500
1510
1520
1530
1540
1550
1560
1570
1580
1590
1600
1610
1620
1630
1640
1650
1660
1670
1680
1690
1700
1710
1720
1730
1740
1750
1760
1770
1780
1790
1800
1810
1820
1830
1840
1850
1860
1870
1880
1890
1900
1910
1920
1930
1940
1950
1960
1970
1980
1990
2000
2010
2020
2030
2040
2050
2060
2070
2080
2090
2100
2110
2120
2130
2140
2150
2160
2170
2180
2190
2200
2210
2220
2230
2240
2250
2260
2270
2280
2290
2300
2310
2320
2330
2340
2350
2360
2370
2380
2390
2400
2410
2420
2430
2440
2450
2460
2470
2480
2490
2500
2510
2520
2530
2540
2550
2560
2570
2580
2590
2600
2610
2620
2630
2640
2650
2660
2670
2680
2690
2700
2710
2720
2730
2740
2750
2760
2770
2780
2790
2800
2810
2820
2830
2840
2850
2860
2870
2880
2890
2900
2910
2920
2930
2940
2950
2960
2970
2980
2990
3000
3010
3020
3030
3040
3050
3060
3070
3080
3090
3100
3110
3120
3130
3140
3150
3160
3170
3180
3190
3200
3210
3220
3230
3240
3250
3260
3270
3280
3290
3300
3310
3320
3330
3340
3350
3360
3370
3380
3390
3400
3410
3420
3430
3440
3450
3460
3470
3480
3490
3500
3510
3520
3530
3540
3550
3560
3570
3580
3590
3600
3610
3620
3630
3640
3650
3660
3670
3680
3690
3700
3710
3720
3730
3740
3750
3760
3770
3780
3790
3800
3810
3820
3830
3840
3850
3860
3870
3880
3890
3900
3910
3920
3930
3940
3950
3960
3970
3980
3990
4000
4010
4020
4030
4040
4050
4060
4070
4080
4090
4100
4110
4120
4130
4140
4150
4160
4170
4180
4190
4200
Temperature Data
0
0
0
0
0
0
0
0
0
0
0
0
0
0
0
0
0
0
0
0
0
0
0
0
0
0
0
0
0
0
0
0
0
0
0
0
0
0
0
0
0
0
0
0
0
0
0
0
0
0
0
0
0
0
0
0
0
0
0
0
0
0
0
0
0
0
0
0
0
0
0
0
0
0
0
0
0
0
0
0
0
0
0
0
0
0
0
0
0
0
0
0
0
0
0
0
0
0
0
0
0
0
0
0
0
0
0
0
0
0
0
0
0
0
0
0
0
0
0
0
0
0
0
0
0
0
0
0
0
0
0
0
0
0
0
0
0
0
0
0
0
0
0
0
0
0
0
0
0
0
0
0
0
0
0
0
0
0
0
0
0
0
0
0
0
0
0
0
0
0
0
0
0
0
0
0
0
0
0
0
0
0
0
0
0
0
0
0
0
0
0
0
0
0
0
0
0
0
0
0
0
0
0
0
0
0
0
0
0
0
0
0
0
0
0
0
0
0
0
0
0
0
0
0
0
0
0
0
0
0
0
0
0
0
0
0
0
0
0
0
0
0
0
0
0
0
0
0
0
0
0
0
0
0
0
0
0
0
0
0
0
0
0
0
0
0
0
0
0
0
0
0
0
0
0
0
0
0
0
0
0
0
0
0
0
0
0
0
0
0
0
0
0
0
0
0
0
0
0
0
0
0
0
0
0
0
0
0
0
0
0
0
0
0
0
0
0
0
0
0
0
0
0
0
0
0
0
0
0
0
0
0
0
0
0
0
0
0
0
0
0
0
0
0
0
0
0
0
0
0
0
0
0
0
0
0
0
0
0
0
0
0
0
0
0
0
0
0
0
0
0
0
0
0
0
0
0
0
0
0
0
0
0
0
0
0
0
0
0
0
0
0
0
0
0
0
0
0
0
0
0
0
0
0
0
0
0
0
0
0
0
0
0
0
0
0
0
0
0
0
0
Angle Data
0
0
0
0
0
0
0
0
0
0
0
0
0
0
0
0
0
0
0
0
0
0
0
0
0
0
0
0
0
0
0
0
0
0
0
0
0
0
0
0
0
0
0
0
0
0
0
0
0
0
0
0
0
0
0
0
0
0
0
0
0
0
0
0
0
0
0
0
0
0
0
0
0
0
0
0
0
0
0
0
0
0
0
0
0
0
0
0
0
0
0
0
0
0
0
0
0
0
0
0
0
0
0
0
0
0
0
0
0
0
0
0
0
0
0
0
0
0
0
0
0
0
0
0
0
0
0
0
0
0
0
0
0
0
0
0
0
0
0
0
0
0
0
0
0
0
0
0
0
0
0
0
0
0
0
0
0
0
0
0
0
0
0
0
0
0
0
0
0
0
0
0
0
0
0
0
0
0
0
0
0
0
0
0
0
0
0
0
0
0
0
0
0
0
0
0
0
0
0
0
0
0
0
0
0
0
0
0
0
0
0
0
0
0
0
0
0
0
0
0
0
0
0
0
0
0
0
0
0
0
0
0
0
0
0
0
0
0
0
0
0
0
0
0
0
0
0
0
0
0
0
0
0
0
0
0
0
0
0
0
0
0
0
0
0
0
0
0
0
0
0
0
0
0
0
0
0
0
0
0
0
0
0
0
0
0
0
0
0
0
0
0
0
0
0
0
0
0
0
0
0
0
0
0
0
0
0
0
0
0
0
0
0
0
0
0
0
0
0
0
0
0
0
0
0
0
0
0
0
0
0
0
0
0
0
0
0
0
0
0
0
0
0
0
0
0
0
0
0
0
0
0
0
0
0
0
0
0
0
0
0
0
0
0
0
0
0
0
0
0
0
0
0
0
0
0
0
0
0
0
0
0
0
0
0
0
0
0
0
0
0
0
0
0
0
0
0
0
0
0
0
0
0
0
0
0
0
0
0
0
0
0
0
0
0
0
0
0
0
0
0
Bx Data
0
0
0
0
0
0
0
0
0
0
0
0
0
0
0
0
0
0
0
0
0
0
0
0
0
0
0
0
0
0
0
0
0
0
0
0
0
0
0
0
0
0
0
0
0
0
0
0
0
0
0
0
0
0
0
0
0
0
0
0
0
0
0
0
0
0
0
0
0
0
0
0
0
0
0
0
0
0
0
0
0
0
0
0
0
0
0
0
0
0
0
0
0
0
0
0
0
0
0
0
0
0
0
0
0
0
0
0
0
0
0
0
0
0
0
0
0
0
0
0
0
0
0
0
0
0
0
0
0
0
0
0
0
0
0
0
0
0
0
0
0
0
0
0
0
0
0
0
0
0
0
0
0
0
0
0
0
0
0
0
0
0
0
0
0
0
0
0
0
0
0
0
0
0
0
0
0
0
0
0
0
0
0
0
0
0
0
0
0
0
0
0
0
0
0
0
0
0
0
0
0
0
0
0
0
0
0
0
0
0
0
0
0
0
0
0
0
0
0
0
0
0
0
0
0
0
0
0
0
0
0
0
0
0
0
0
0
0
0
0
0
0
0
0
0
0
0
0
0
0
0
0
0
0
0
0
0
0
0
0
0
0
0
0
0
0
0
0
0
0
0
0
0
0
0
0
0
0
0
0
0
0
0
0
0
0
0
0
0
0
0
0
0
0
0
0
0
0
0
0
0
0
0
0
0
0
0
0
0
0
0
0
0
0
0
0
0
0
0
0
0
0
0
0
0
0
0
0
0
0
0
0
0
0
0
0
0
0
0
0
0
0
0
0
0
0
0
0
0
0
0
0
0
0
0
0
0
0
0
0
0
0
0
0
0
0
0
0
0
0
0
0
0
0
0
0
0
0
0
0
0
0
0
0
0
0
0
0
0
0
0
0
0
0
0
0
0
0
0
0
0
0
0
0
0
0
0
0
0
0
0
0
0
0
0
0
0
0
0
0
0
Hint Data
0
0
0
0
0
0
0
0
0
0
0
0
0
0
0
0
0
0
0
0
0
0
0
0
0
0
0
0
0
0
0
0
0
0
0
0
0
0
0
0
0
0
0
0
0
0
0
0
0
0
0
0
0
0
0
0
0
0
0
0
0
0
0
0
0
0
0
0
0
0
0
0
0
0
0
0
0
0
0
0
0
0
0
0
0
0
0
0
0
0
0
0
0
0
0
0
0
0
0
0
0
0
0
0
0
0
0
0
0
0
0
0
0
0
0
0
0
0
0
0
0
0
0
0
0
0
0
0
0
0
0
0
0
0
0
0
0
0
0
0
0
0
0
0
0
0
0
0
0
0
0
0
0
0
0
0
0
0
0
0
0
0
0
0
0
0
0
0
0
0
0
0
0
0
0
0
0
0
0
0
0
0
0
0
0
0
0
0
0
0
0
0
0
0
0
0
0
0
0
0
0
0
0
0
0
0
0
0
0
0
0
0
0
0
0
0
0
0
0
0
0
0
0
0
0
0
0
0
0
0
0
0
0
0
0
0
0
0
0
0
0
0
0
0
0
0
0
0
0
0
0
0
0
0
0
0
0
0
0
0
0
0
0
0
0
0
0
0
0
0
0
0
0
0
0
0
0
0
0
0
0
0
0
0
0
0
0
0
0
0
0
0
0
0
0
0
0
0
0
0
0
0
0
0
0
0
0
0
0
0
0
0
0
0
0
0
0
0
0
0
0
0
0
0
0
0
0
0
0
0
0
0
0
0
0
0
0
0
0
0
0
0
0
0
0
0
0
0
0
0
0
0
0
0
0
0
0
0
0
0
0
0
0
0
0
0
0
0
0
0
0
0
0
0
0
0
0
0
0
0
0
0
0
0
0
0
0
0
0
0
0
0
0
0
0
0
0
0
0
0
0
0
0
0
0
0
0
0
0
0
0
0
0
0
0
0
0
0
0
0
0
Torque Data
-1.44651913523826E-06
-1.12012425020189E-05
1.74213054200912E-06
-1.09408782518208E-06
-1.69284190749443E-06
1.3965248175843E-07
2.97253660433163E-06
9.70495383139236E-06
1.00746444960365E-05
1.73261063178845E-05
2.17609928306854E-05
1.16232109663438E-05
-8.028928762382E-06
2.86002331358438E-05
7.87532737042454E-05
6.66774475623797E-05
1.27157776892288E-04
4.46482850432347E-05
2.40189888091509E-05
9.4400240987061E-05
1.74957705854441E-04
1.57779604943609E-04
2.10892370128317E-04
2.16223383491934E-04
-1.26052463722373E-05
5.04904912067674E-04
2.99043778175315E-04
4.92468677601061E-04
5.37400422826823E-04
-1.1302231635552E-05
1.20525597080242E-04
3.2391055698785E-04
3.82135648361592E-04
8.11592382968766E-04
5.0594941836907E-04
4.92811200756436E-04
6.7915914616746E-04
1.81698407642686E-03
-1.92872974308451E-04
9.7145210476934E-04
5.39556127807655E-04
4.63719133961523E-04
4.3469379270694E-04
1.86385838578233E-03
1.68329824478873E-03
6.21592934953774E-04
9.4206224516299E-04
1.53486329935017E-03
3.71136198757727E-04
1.65918841845558E-03
2.42579193839693E-03
6.18958328996133E-04
2.03376858976818E-03
2.78915799988332E-03
4.5652673095582E-03
2.36913966645446E-03
9.74370201435376E-04
2.2740759146556E-04
1.58065581469911E-03
1.52938416834387E-03
1.92254822561879E-03
2.6885335687673E-03
3.09371427577004E-03
0.00339565647146
2.13664682713641E-03
3.11902450112912E-03
8.52495599187809E-04
1.97223841896008E-03
4.60655400466184E-05
2.29117994548191E-03
5.15684974322952E-03
4.20120753929539E-04
2.6510761826152E-03
1.8568936820266E-03
1.45075068852867E-03
9.9373926597813E-03
4.20997744885311E-03
-2.28141692508033E-03
0.010476704778935
1.09207941209959E-02
6.25275367009605E-03
1.99612536922187E-02
1.75218084943357E-02
2.19338712493878E-02
3.10459591155686E-02
2.09284900153692E-02
8.48706397217958E-03
1.94475830076934E-02
8.42059986078892E-03
1.29676082358883E-02
0.03040071601036
2.30676214496541E-02
4.34132421360269E-02
3.59795087666676E-02
2.04633717004524E-02
3.75354977559008E-02
1.22310406597985E-03
2.37173365139136E-02
0.029656030004297
3.55867052820365E-02
2.28948262286523E-02
4.94246731998077E-02
3.83881954296688E-02
3.78406569879264E-02
5.63877282195245E-02
-1.98334118674632E-02
6.90153460750488E-03
2.24242284744096E-02
9.49883287507238E-03
0.026460591595128
7.99950652844301E-03
4.01131302392437E-02
-1.43929144188753E-02
-6.96564504244648E-03
5.08764162036962E-02
4.01663690757468E-02
1.40430997010976E-02
0.008947426072286
2.23820035809155E-02
0.041885645411728
3.52606307014641E-03
-0.00930700668381
-2.08886169676176E-02
2.55143288978813E-02
2.19671252775843E-02
1.88960601805261E-02
2.57505632858862E-02
-1.6280626417986E-03
1.16403337173125E-02
1.57576588886959E-02
2.99324967598381E-02
1.04396773265397E-02
2.52755664506329E-02
-6.54203452770504E-04
-6.71213407039029E-03
6.22644788054182E-03
1.28019557705154E-02
2.26989715034414E-02
7.18606827061851E-03
1.88391308736195E-02
1.66007521428074E-02
1.69271827375263E-03
1.57198011200826E-03
5.06929392253875E-03
1.04261668334723E-02
7.82961878618182E-03
-1.40820391338063E-03
-0.001260911397139
7.03078422334056E-03
1.95943372731931E-03
3.03447086461516E-03
1.24189995989883E-03
3.56627120442321E-04
4.64333060533118E-03
3.25221974954931E-03
2.54938181396174E-03
1.53132316978612E-03
2.69986545325295E-04
2.77566719424119E-04
1.51384446972152E-03
1.85305933262705E-03
1.31772302894276E-03
2.09426643135567E-03
2.13549910562833E-03
1.07693161167427E-03
1.22926190400939E-03
4.46544921050011E-04
1.01207358301442E-03
8.1534784454874E-04
5.38685499846855E-04
2.00062070582418E-03
7.05250234085815E-04
1.24413788311314E-03
3.1004318621081E-04
8.10099652362567E-04
2.6019005004712E-04
4.2721580624899E-04
9.66596880231697E-04
5.2714133506192E-04
5.42145831479584E-04
3.56586894154673E-04
3.46337921521856E-04
2.7796409593506E-04
2.03151130336747E-04
2.91123144881862E-04
2.30510386665758E-04
1.62481816097949E-04
2.31151769266666E-04
2.59868426925096E-05
4.54937492541696E-05
2.90924745766841E-05
-1.16541688823745E-05
-2.29485260759904E-05
-5.37768913348863E-05
-1.42162651583739E-04
-6.2954776425495E-07
-2.44367319810688E-04
-3.2446489442342E-05
2.18991519967192E-04
-2.2683372706618E-04
-4.7541928723315E-04
-4.80543780162836E-04
-5.29672764342267E-04
-6.62776842751649E-04
-3.18245513726973E-04
-2.63727016018939E-04
-8.77516622838042E-04
-7.80320671786326E-04
-2.16631378702147E-04
-1.19061906095115E-03
-2.52178347044716E-04
-7.07333710658886E-04
-1.84476739399977E-04
-1.01002195249252E-03
-1.83190379101206E-03
-1.94568885233794E-03
-1.60180105783489E-03
8.1954639885522E-04
-1.69779831578455E-03
-1.79336648335859E-03
-8.22639911697495E-04
-1.58752938370686E-03
-2.32459960612518E-03
-1.04588128099995E-03
-0.0052234909929
-0.005070643190357
-7.8319119770505E-04
-5.23115309189158E-03
-6.01356409566978E-03
-7.7828859238177E-04
-1.48500127845661E-03
-8.1363248347332E-03
-2.35810540478765E-03
-3.37553578509496E-03
-1.66476191005623E-03
-1.57315646226025E-03
-2.22444244240415E-03
-4.71531323885908E-03
-0.016602189605476
-8.55146639825875E-03
-5.35546187256564E-03
-1.14939650504976E-02
-9.30741038876392E-03
-1.15865009961687E-02
-2.23398098841869E-02
-2.59656222559582E-03
-1.01475991338851E-02
-1.26448878905189E-02
-1.01247949109231E-02
-1.84415279220878E-02
-2.96158599371944E-02
-3.01759424512084E-02
-1.11380895090352E-03
-2.95713488538512E-02
-2.24256918023276E-02
-2.00903864854454E-02
-3.08721795208467E-02
7.77722926064266E-03
-2.74676283348991E-02
-2.80829605276545E-02
-1.63473964188814E-02
-3.62559207276699E-02
2.52712138608853E-03
-1.05818228735213E-02
-1.49609390518207E-02
-0.057133316169699
5.47516885148212E-03
-2.01158128180548E-02
-1.27374020549464E-02
6.2845986838215E-03
1.63236706871512E-02
-4.42181456443826E-02
-0.015990875786832
-4.45477069254105E-02
1.65642558973362E-02
-0.021070679801736
-3.03055924765288E-02
-6.10048507584161E-02
-0.02060858884957
-2.84397786047657E-02
9.4745920342953E-03
-3.54440073718172E-02
-4.96351816793873E-02
-9.76257642560211E-03
-7.32912418154022E-04
-5.36011305282756E-02
1.78852263724965E-03
6.66845562346827E-03
-1.52551857865941E-02
-2.55555666113636E-02
-1.48933261701229E-02
-1.52593106164413E-02
-2.76768978382127E-02
5.2528239388552E-03
-6.45094913146383E-03
-3.19081101310384E-02
-2.35087039049442E-03
-4.7818218308004E-03
-0.011705240073577
-1.68684063084491E-02
-2.36481794274407E-02
-1.33156437885995E-02
-1.87155252600517E-03
-1.74821555419018E-02
-2.20680412958645E-02
-7.98347495811138E-04
-1.50849159840648E-03
1.00389813701417E-03
-5.44309788330227E-03
5.61593116817644E-04
3.94829748671787E-04
1.26088988883388E-03
-2.23156438815742E-03
-1.73428396108066E-03
-7.02247650674495E-03
-7.60959253999828E-04
-2.24459317813112E-03
-3.95961756784306E-03
5.78546974154608E-04
-3.53642257523831E-03
-2.12438210756138E-04
-1.20461070919412E-03
-6.18049463586282E-04
-2.4221288911647E-03
-4.15045689337561E-03
-6.7769371599104E-04
2.19862646119228E-04
-5.78410472952048E-04
-5.3332403829732E-04
-8.03853973589564E-04
-1.95900120985356E-03
-2.58625844081312E-04
-1.20630762858725E-03
-4.57790733332496E-04
-1.03037050785159E-03
-6.05483264502872E-04
-4.02770468279916E-06
-8.90458926057126E-04
-4.17326267100914E-04
-8.78626723654422E-05
-3.3770072394905E-04
-2.70547027439037E-04
-2.77983962016905E-04
-3.21761270465458E-04
-1.52500796916272E-04
-9.7317575120271E-05
-1.28931766163125E-04
-1.79829148221637E-04
-1.57874184051616E-04
-5.69601637821193E-05
-7.9860663283203E-05
-7.53916794927225E-06
1.27444301648996E-05
3.69954282453684E-06
-8.5577390702012E-06
9.7817334471261E-05
1.5265513185281E-04
-9.17166591403008E-05
2.92301516448983E-04
2.93363392043624E-04
3.63383930641553E-04
2.04757943469995E-04
6.8790192081439E-04
-1.05734946987194E-04
-4.5611410931998E-05
4.46852541286322E-04
3.98681319012636E-04
5.12167191622072E-04
4.5334586776812E-04
1.27310585433256E-03
2.90480098844936E-04
8.27541922613105E-04
2.01516063296009E-03
1.38969733916015E-04
1.3145434972784E-03
2.79628956384801E-03
2.76097855176211E-03
2.91297793379522E-03
5.0385070675218E-03
4.41383572214357E-03
4.84005660267787E-04
3.35467775210301E-03
2.11498401338312E-03
2.6285408793501E-04
5.15498658981507E-03
6.7993115616192E-03
0.007552154720656
6.21156741783912E-03
2.01417118200358E-02
7.1277810643926E-03
4.81616189552817E-03
0.031969502759438
1.66151117965657E-02
2.19057526212931E-04
1.39590945771604E-02
2.12154774151833E-02
-9.67290794424248E-03
2.07847590610053E-02
3.98066208281815E-02
1.57617169361228E-02
-1.4405238111561E-03
1.42528776064459E-02
2.78336964991737E-02
1.30454892351837E-03
3.20407759280871E-02
2.05774667632349E-02
2.68770919617693E-02
0.038031636984269
1.29645329116741E-02
-1.00489133278009E-03
1.12004968983056E-03
-1.09694802046707E-02
0.04125863637341
1.76032558303848E-02
2.29122023383962E-02
3.88703840200182E-02
7.49645352243125E-03
3.39479042126502E-02
4.02237652360989E-02
0.026317592540745
7.32444717233004E-02
dMdH Data
1.33534115853846E-06
-8.85337970420235E-06
3.83619228907967E-06
1.15193960608126E-06
-6.85522460266451E-07
1.05892015143027E-06
-4.24751133842613E-06
-2.70517339507619E-06
3.1694749117749E-06
7.658832849569E-08
7.95812320929506E-07
4.15712917284058E-07
5.45192324267371E-07
1.79306999821207E-07
4.44885402077192E-08
1.3747292288614E-07
4.55569864100607E-07
1.26578619009204E-07
9.46604105601429E-07
3.15283879175393E-07
-5.04060192548412E-07
1.97254488255986E-06
-1.08247582450736E-06
-2.2846672976135E-07
1.47896461405871E-06
1.25503813477882E-06
-1.7801018819504E-06
2.11176465753303E-06
5.73177569897478E-07
4.61614779293043E-07
-3.12225698797337E-07
6.29939026130299E-07
3.127192679817E-07
3.13838817795242E-08
6.33777940122224E-07
4.46619309382316E-07
4.59711441492566E-07
3.0742759293053E-07
2.02129457241875E-07
3.43656509861517E-07
2.33030220272161E-07
5.09614283363666E-07
2.46854438393155E-07
7.33295400113799E-07
1.56422991517965E-07
1.98174939706489E-07
3.93983051567773E-07
4.21970038581594E-07
3.19081701012889E-07
3.19300040176457E-07
3.36361878809925E-07
2.43617010289211E-07
2.68680431795408E-07
5.83683525344008E-07
2.6617043531666E-07
1.66708329616998E-07
4.66130578933129E-07
2.19010711448243E-07
5.60161455176786E-07
2.59009008107898E-07
2.55910791784472E-07
3.85862888033417E-07
1.42997218593199E-07
2.26046287564184E-07
3.82031117524164E-07
3.21317189323065E-07
3.51570932401818E-07
1.62168963427198E-07
6.17554679641395E-07
-2.21542199743329E-08
3.28838527818928E-07
2.2105320860446E-07
3.35272335930805E-07
2.98143358141454E-07
2.28677106654192E-07
3.05122878013674E-07
2.16537151406122E-07
3.27701957452936E-07
2.3484130066683E-07
2.83663404504475E-07
2.4298880461998E-07
2.60078094343815E-07
2.51251416526408E-07
3.02009571257279E-07
2.45022458573823E-07
2.64831407674002E-07
3.28824658076267E-07
2.38549623178855E-07
2.65449623602989E-07
2.78939434440197E-07
1.68820343325069E-07
2.9358576526536E-07
3.39630684091308E-07
2.51448802317357E-07
2.71303631851363E-07
2.3689658307723E-07
3.00692435885466E-07
2.47741911294445E-07
2.79246046150612E-07
2.65095482040893E-07
2.87212893147996E-07
1.94853501608962E-07
2.89020339521926E-07
3.03106227372787E-07
3.00002547010536E-07
2.29047506413641E-07
2.02743494207369E-07
3.20959336812304E-07
2.24462212000014E-07
3.70779069428664E-07
-2.15870938628161E-06
2.19638516513107E-07
2.38272828241034E-07
2.68281426449814E-07
2.63678032339139E-07
3.00197962260041E-07
2.72362201577537E-07
2.36209337788792E-07
2.10738944215907E-07
2.40251713144717E-07
3.13926823213223E-07
2.85675494512526E-07
2.6577203409855E-07
1.97841193069658E-07
3.09531833796688E-07
2.55540240483396E-07
2.40084391560553E-07
2.72932711659369E-07
2.66951827170047E-07
2.7074063852926E-07
2.70796811575547E-07
2.5544095387447E-07
2.70303022810881E-07
2.92012605990791E-07
2.72378142821929E-07
3.17577006622747E-07
1.81609595802945E-07
3.05242198950709E-07
2.11008867409915E-07
2.77345120580645E-07
2.91081123239824E-07
3.0766571059969E-07
2.30659678150622E-07
3.2113953414795E-07
2.6264719280699E-07
2.50171634366436E-07
2.44820090650095E-07
3.23633012216781E-07
2.93943202869489E-07
2.19800229184388E-07
4.09349776211157E-07
7.44119651831991E-08
3.61002773422696E-07
2.59353899091873E-07
2.70422939773571E-08
4.95826149623528E-07
7.97827764495693E-07
-1.29704506525281E-07
4.60789571882286E-07
1.58754528342272E-07
6.76977368448697E-07
3.66588414707366E-07
2.8630166663081E-07
7.698786328984E-08
5.503436663276E-07
2.26490136085031E-07
4.88542897621714E-07
4.10036953850446E-07
4.34523544957655E-07
-3.1138489222118E-07
5.36532178842727E-07
9.69537329106181E-07
-1.91840068542625E-07
1.38510458928026E-06
-6.75590157533654E-07
8.23017752544562E-07
-2.7748782456572E-08
1.98732818951012E-07
6.26297159677983E-07
5.73203996916058E-07
6.63575464298411E-07
9.07425358986267E-07
-2.62054776133452E-08
1.28442101380068E-07
7.84382248952057E-07
-7.63638858438444E-07
1.28619145383428E-06
-6.3680447065015E-09
6.87906679968908E-07
1.85475364281877E-07
6.54202227115266E-07
7.76198633293291E-07
5.08604045388395E-07
-2.46632628183696E-07
7.71530821845288E-07
8.9864656170928E-07
1.95951592819218E-07
1.84897357098463E-07
3.21270767567455E-08
7.5893990127624E-07
2.57988795979745E-07
2.87603595570906E-07
4.99322502709989E-07
7.39246671815166E-07
7.02397459878213E-07
-4.77287924687025E-07
8.98127805353772E-07
2.44588515056718E-07
3.43638550530758E-07
7.486165999997E-07
-5.48076721087796E-07
5.28512425005138E-07
4.96223313792744E-07
5.62571769808467E-07
5.0371755482837E-07
6.49693189528016E-07
-7.33744372186095E-07
1.01813877918312E-06
-4.0132994005418E-07
4.97151381103852E-07
2.34602394723558E-07
6.57181748367259E-07
2.53261147378303E-07
6.35416260878859E-08
6.74072687743892E-07
2.79253932499778E-07
1.97161500345818E-07
4.28923711256082E-07
7.15029942431397E-08
2.35503758466299E-07
2.57088986787723E-07
4.08284386072234E-07
2.09105776107077E-07
3.49935156949861E-07
2.51899231346627E-07
2.63007467850758E-07
3.28150867481845E-07
2.10151712782441E-07
3.04326685269026E-07
2.27477277652612E-07
2.81581270076906E-07
2.6586530663604E-07
2.76014711300012E-07
2.03701979892005E-07
2.78094748334511E-07
3.08042600887245E-07
3.72428288831918E-07
2.67033589675145E-07
2.04644745249626E-07
3.11132212088338E-07
2.2453063829555E-07
2.80453179490109E-07
2.90374336606932E-07
3.15517018153572E-07
2.40830396473366E-07
2.7787605534223E-07
2.63562519186925E-07
2.76286055248555E-07
2.85082249183365E-07
2.43941352745644E-07
2.66526078529521E-07
3.09507977030342E-07
2.39532188166676E-07
3.22140354719828E-07
2.77389095884031E-07
2.21548471142196E-07
3.20142358596645E-07
2.8397580539502E-07
2.38947219017603E-07
2.31884225383636E-07
8.85334462320041E-07
2.74982533768047E-07
2.37115759443361E-07
2.54746576909251E-07
2.99832920477413E-07
2.34244002731646E-07
3.40100997257087E-07
1.81314740601599E-07
2.43142504859471E-07
2.40144602763982E-07
2.59449038275951E-07
3.12580198401304E-07
2.47558211190873E-07
2.82306301773995E-07
2.63719626372109E-07
2.43177730407596E-07
2.24727292030405E-07
2.8682852306341E-07
2.39306779163668E-07
3.44482699816852E-07
1.97848841521678E-07
2.73724863681136E-07
3.21324659654849E-07
2.46737801796509E-07
3.26622004461857E-07
1.18432760301501E-07
3.36754231975833E-07
2.84531724778942E-07
2.8988789619199E-07
2.62479703734513E-07
2.1384150458757E-07
2.97482795094089E-07
2.80934720609619E-07
3.07888581485733E-07
2.56351396554608E-07
2.27675268165001E-07
2.83508847591322E-07
2.38300761869371E-07
3.93993249068502E-07
2.38338557304726E-07
3.11831285570611E-07
1.24242840099649E-07
5.2966324735592E-07
3.48759517169858E-09
3.84658456662706E-07
2.90580293181308E-07
6.07140785602423E-07
6.89722266938492E-08
5.75833188023018E-07
9.95029483436743E-08
6.64543793433809E-07
-2.09147293659172E-08
6.93988038558529E-07
-5.46811834688946E-07
7.67644209634531E-07
5.39133227512646E-07
5.36106059189244E-07
-3.697666883992E-08
6.83837754352832E-07
-1.25226207745594E-07
1.41352181278059E-06
-6.08286949720549E-07
5.91146819753198E-07
4.21392708556875E-07
2.87408190822009E-07
4.48598850595405E-07
7.60299320244864E-07
-2.71654768240807E-07
4.39613942091313E-07
4.72441224483264E-07
5.96932350749358E-07
-4.96073880315372E-07
1.00989880880029E-06
4.39975430260928E-07
8.052821991539E-07
1.71313659884645E-07
9.78383216513641E-07
3.34182975930688E-08
5.21134322754916E-07
6.01798965230285E-07
3.47570965653778E-07
2.07511971340951E-08
8.0118326596575E-07
3.77071284607542E-07
6.9392381370637E-07
-2.85290207643383E-07
6.18702686993084E-07
4.5013670117933E-07
3.8674259216419E-07
4.78641677554317E-07
7.99250774454347E-07
2.37496132747889E-08
4.11031864943063E-07
4.08130973766438E-07
5.62643896091106E-07
3.03771611184074E-07
2.65087846658197E-07
3.58073223883299E-07
2.74592646599495E-07
4.65334803533981E-07
4.33605026611838E-07
1.24118993538218E-08
5.37003976409982E-07
3.67292263320943E-07
9.23295232889893E-09
6.15915236511215E-07
4.46619463723413E-07
-1.00061035507787E-07
3.1796243678536E-07
5.4466602530979E-07
2.23561884842958E-07
3.08337309784981E-07
3.52534290215451E-07
4.04172551523711E-07
5.61843046952962E-08
3.14395914373186E-07
2.58974509107943E-07
2.75187986877558E-07
2.65469431151322E-07
3.33955453626653E-07
3.24497290409946E-07
9.81235759525318E-08
3.18688068403322E-07
2.36013316581544E-07
3.78861195521413E-07
1.90993387887564E-07
2.8599796550672E-07
3.35979623889999E-07
2.08127912203652E-07
2.87356735634291E-07
3.08802893488124E-07
2.46369865529296E-07
2.0160870075904E-07
2.95508317223847E-07
3.26667609769332E-07
2.47930662275354E-07
3.06637573867111E-07
2.30718562482223E-07
3.21896277154914E-07
2.3549521074713E-07
2.57292575021219E-07
3.30104034828403E-07
2.50749250749251E-07
3.21946816104927E-07
2.35346559152305E-07
2.25095880242484E-07
2.7352364317814E-07
2.25295947888426E-07
3.14727056990819E-07
2.8846650821325E-07
2.8846650821325E-07
dMdT Data
0
0
0
0
0
0
0
0
0
0
0
0
0
0
0
0
0
0
0
0
0
0
0
0
0
0
0
0
0
0
0
0
0
0
0
0
0
0
0
0
0
0
0
0
0
0
0
0
0
0
0
0
0
0
0
0
0
0
0
0
0
0
0
0
0
0
0
0
0
0
0
0
0
0
0
0
0
0
0
0
0
0
0
0
0
0
0
0
0
0
0
0
0
0
0
0
0
0
0
0
0
0
0
0
0
0
0
0
0
0
0
0
0
0
0
0
0
0
0
0
0
0
0
0
0
0
0
0
0
0
0
0
0
0
0
0
0
0
0
0
0
0
0
0
0
0
0
0
0
0
0
0
0
0
0
0
0
0
0
0
0
0
0
0
0
0
0
0
0
0
0
0
0
0
0
0
0
0
0
0
0
0
0
0
0
0
0
0
0
0
0
0
0
0
0
0
0
0
0
0
0
0
0
0
0
0
0
0
0
0
0
0
0
0
0
0
0
0
0
0
0
0
0
0
0
0
0
0
0
0
0
0
0
0
0
0
0
0
0
0
0
0
0
0
0
0
0
0
0
0
0
0
0
0
0
0
0
0
0
0
0
0
0
0
0
0
0
0
0
0
0
0
0
0
0
0
0
0
0
0
0
0
0
0
0
0
0
0
0
0
0
0
0
0
0
0
0
0
0
0
0
0
0
0
0
0
0
0
0
0
0
0
0
0
0
0
0
0
0
0
0
0
0
0
0
0
0
0
0
0
0
0
0
0
0
0
0
0
0
0
0
0
0
0
0
0
0
0
0
0
0
0
0
0
0
0
0
0
0
0
0
0
0
0
0
0
0
0
0
0
0
0
0
0
0
0
0
0
0
0
0
0
0
0
0
0
0
0
0
0
0
0
0
0
0
0
0
0
0
0
0
0
0
0
0
0
0
0
0
0
0
0
0
0
0
0
0
0
0
0
0
 
*********************************************** Results ***************************************
 
TotalArea 1.47531222141159
AreaFirstQuad 0.769889165637536
AreaSecondQuad 0
AreaThirdQuad 0.682694112791767
AreaFourthQuad 2.27289429822742E-02
Coercivity 123.791765726515
PositiveCoercivity 393.131124105133
NegativeCoercivity 145.547592652104
Retentivity 4.10930216283549E-05
PositiveRetentivity -6.62942273902861E-05
NegativeRetentivity -1.48480270646996E-04
Magnetization 0.0033002579
PositiveMagnetization 0.0031968162
NegativeMagnetization -0.0034036996
Flatness 3.60111070366213
Squareness 1.24514576961864E-02
SStar 0.469975583041089
SFD1 0.880170497783912
SFD2 46.0810840815738
Slope 0
Intercept 0
SlopeAtHc 6.26297159677983E-07
dH1 14.8339056654588
dH2 5704.45876505
InitialSlope 1.33534115853846E-06
FieldAtHalfMs 5922.8593594335
FieldAtMs 11860.569
MomentMean 8.88384880767695E-05
MomentRMS 1.39774951198925E-03
SFD3 -3.50128579139917E-02
dH3 128.126069230819
UserField1 0
UserField2 0
CenterField 0
ExchangeField 0
ExchangeMoment 0
ExRegionOneIntercept 0
ExRegionOneSlope 0
ExRegionTwoIntercept 0
ExRegionTwoSlope 0
NegativeIntercept 0
NegativeSlope 0
AutoCenterOffset 0
PinningField 0
PinningMoment 0
PinRegionOneIntercept 0
PinRegionOneSlope 0
PinRegionTwoIntercept 0
PinRegionTwoSlope 0
PositiveIntercept 0
PositiveSlope 0
TotalOffset 0
BHMax 0
BCoercivity 0
BRetentivity 0
BNegativeCoercivity 0
BPositiveCoercivity 0
BNegativeRetentivity 0
BPositiveRetentivity 0
MomentYMean 2.63328291814252E-06
MomentYRMS 2.0664118847861E-06
YOffCorrection 0
Mrt 0
Ms1 0
Ms2 0
Ms3 0
Hc2 0
Hex2 0
HsatValue 0
HsatIntercept 0
HsatSlope 0
CenterH 0
Span .0066005158
SpanAsPercentOfRange -103.133059375
RMSAsPercentOfRange -21.839836124832
SpanAsPercentOfMean 7429.79303553228
RMSAsPercentOfMean 1573.3603106588
