Version 1.25
******************************************** Units *******************************************
System CGS
TemperatureUnit C
MomentUnit emu
AppliedFieldUnit Oe
 
******************************************** Setup ********************************************
 
Experiment CustomField
Minor False
Acquisition Continuous
EditedPoint No
MaxField 12000
FieldIncrement 114.285714285714
Points 421
MinField 0
RampRate 11.4285714285714
AverageTime 10
TimeInterval 0
TimeConstant 0.1
TimeConstantIndex 0
Sensitivity -0.0064
SensitivityIndex 5
SensitivityY -0.004
SensitivityIndexY 5
SaturationField 8000
ExperimentTime 4210
Use735Domains False
AutoRangeEnabled False
NumberOfVertices 20
VertexPts
0
10
30
50
70
110
150
160
180
200
220
230
270
310
320
340
360
370
380
420
VertexField
-5
5
100
500
1000
12000
1000
500
100
-100
-500
-1000
-12000
-1000
-500
-100
100
500
1000
12000
StartAngle 0
EndAngle 0
AngleIncrement 0
StartTemp 0
FinishTemp 0
TempIncrement 0
TempPoints 0
LengthofSetPointsArray 421
SetPointArray
-5
-4
-3
-2
-1
0
1
2
3
4
5
9.75
14.5
19.25
24
28.75
33.5
38.25
43
47.75
52.5
57.25
62
66.75
71.5
76.25
81
85.75
90.5
95.25
100
120
140
160
180
200
220
240
260
280
300
320
340
360
380
400
420
440
460
480
500
525
550
575
600
625
650
675
700
725
750
775
800
825
850
875
900
925
950
975
1000
1275
1550
1825
2100
2375
2650
2925
3200
3475
3750
4025
4300
4575
4850
5125
5400
5675
5950
6225
6500
6775
7050
7325
7600
7875
8150
8425
8700
8975
9250
9525
9800
10075
10350
10625
10900
11175
11450
11725
12000
11725
11450
11175
10900
10625
10350
10075
9800
9525
9250
8975
8700
8425
8150
7875
7600
7325
7050
6775
6500
6225
5950
5675
5400
5125
4850
4575
4300
4025
3750
3475
3200
2925
2650
2375
2100
1825
1550
1275
1000
950
900
850
800
750
700
650
600
550
500
480
460
440
420
400
380
360
340
320
300
280
260
240
220
200
180
160
140
120
100
90
80
70
60
50
40
30
20
10
0
-10
-20
-30
-40
-50
-60
-70
-80
-90
-100
-120
-140
-160
-180
-200
-220
-240
-260
-280
-300
-320
-340
-360
-380
-400
-420
-440
-460
-480
-500
-550
-600
-650
-700
-750
-800
-850
-900
-950
-1000
-1275
-1550
-1825
-2100
-2375
-2650
-2925
-3200
-3475
-3750
-4025
-4300
-4575
-4850
-5125
-5400
-5675
-5950
-6225
-6500
-6775
-7050
-7325
-7600
-7875
-8150
-8425
-8700
-8975
-9250
-9525
-9800
-10075
-10350
-10625
-10900
-11175
-11450
-11725
-12000
-11725
-11450
-11175
-10900
-10625
-10350
-10075
-9800
-9525
-9250
-8975
-8700
-8425
-8150
-7875
-7600
-7325
-7050
-6775
-6500
-6225
-5950
-5675
-5400
-5125
-4850
-4575
-4300
-4025
-3750
-3475
-3200
-2925
-2650
-2375
-2100
-1825
-1550
-1275
-1000
-950
-900
-850
-800
-750
-700
-650
-600
-550
-500
-480
-460
-440
-420
-400
-380
-360
-340
-320
-300
-280
-260
-240
-220
-200
-180
-160
-140
-120
-100
-90
-80
-70
-60
-50
-40
-30
-20
-10
0
10
20
30
40
50
60
70
80
90
100
140
180
220
260
300
340
380
420
460
500
550
600
650
700
750
800
850
900
950
1000
1275
1550
1825
2100
2375
2650
2925
3200
3475
3750
4025
4300
4575
4850
5125
5400
5675
5950
6225
6500
6775
7050
7325
7600
7875
8150
8425
8700
8975
9250
9525
9800
10075
10350
10625
10900
11175
11450
11725
12000
FieldDomainFile C:\IDEASVSM\Default UserID\Experiments\HysCoFe2O4_Completa\fdomain.ini
TempDomainFile C:\IDEASVSM\Default UserID\Experiments\HysCoFe2O4_Completa\tdomain.ini
NumSelectedResults 0
ResultsSelected 
UserName1 
UserValue1 
UserName2 
UserValue2 
LinearBackgroundCorrection Off
MaxLinearFieldCorrection 
MinLinearFieldCorrection 
AutoLinearCorrection Off
FitOneRegion Off
BackgroundMode Off
BackgroundFilename 
AutoCenter Off
OffsetCorrection 
SmoothDeriv Off
DerivOrder 0
DerivPoints 0
MinExFieldOne 
MaxExFieldOne 
MinExFieldTwo 
MaxExFieldTwo 
MinPinFieldOne 
MaxPinFieldOne 
MinPinFieldTwo 
MaxPinFieldTwo 
HCenterStart 
Mass 
Volume 
Density 
MolarWeight 
NumberOfMoles 
Demagnetization 
SampleArea 
Thickness 
MomentScaling 0
XAxis 0
YAxis 0
SimpleSpinValve False
HsatMax 0
HsatMin 0
FieldAutoRange False
 
*************************************************** Experiment Data ********************************************
 
DataPoints 421
MomentX Data
0.00033779916
0.00033571725
0.0003414988
0.00033856101
0.00033607818
0.00033925908
0.0003362584
0.00033998995
0.00033767339
0.00033722263
0.0003397504
0.00033644036
0.00033847339
0.00034928386
0.00035278303
0.00034192788
0.00034587592
0.00034684532
0.00035165529
0.00035038182
0.00035310294
0.00036204832
0.00036107928
0.00036221018
0.00036037768
0.0003603773
0.00036297732
0.00036348103
0.00036545976
0.00036593088
0.00036872158
0.00037546557
0.0003827289
0.00039081457
0.00040023834
0.00040983057
0.00041159352
0.00042450268
0.00043374238
0.00043959507
0.00044880837
0.00045379284
0.00045982858
0.00046569286
0.00046888418
0.00048081027
0.00049181636
0.00049570427
0.00049772147
0.00050471154
0.00051478553
0.00052185635
0.00053644214
0.00054414795
0.00054634677
0.00055507789
0.00055916173
0.00057172724
0.00058483409
0.00058769811
0.00059137687
0.000605883
0.00060242624
0.00061880016
0.00062329271
0.00063540114
0.000641224
0.00064827467
0.00066265367
0.00066230244
0.00067777798
0.00071956959
0.0007933458
0.00087550963
0.00094986606
0.0010489903
0.0011168825
0.0011817735
0.0012757101
0.0013374171
0.0014176067
0.001499458
0.0015738766
0.0016381768
0.0017274606
0.001798757
0.0018734809
0.0019652976
0.0020319777
0.0021043767
0.002188713
0.0022560281
0.002328172
0.0024041353
0.0024715273
0.0025506793
0.0026306039
0.002695573
0.0027771226
0.0028376539
0.0029186736
0.0029926963
0.0030756401
0.0031337288
0.0032172374
0.0032898136
0.0033390976
0.0034097981
0.0034857344
0.0035860312
0.0036257688
0.0036365293
0.003574201
0.0035006806
0.0034151062
0.003349454
0.0032851806
0.0032065554
0.003128938
0.0030689532
0.0030048268
0.002929781
0.0028438307
0.0027877882
0.002701925
0.002610272
0.0025475029
0.0024850679
0.0024105171
0.0023431898
0.0022620795
0.002185765
0.0020875997
0.0020202005
0.0019474289
0.0018691782
0.0017960051
0.0017423397
0.0016592789
0.0015810362
0.0015053329
0.0014297267
0.0013448693
0.0012635962
0.0012058918
0.0011027381
0.0010383294
0.00094542368
0.00087911976
0.00077657119
0.00071821633
0.00066723381
0.00065046756
0.00062248846
0.00062510435
0.0006008234
0.00060230606
0.00056801604
0.00055052766
0.00053734844
0.00051267979
0.00051699745
0.00049577633
0.00049263135
0.00048595933
0.00047363726
0.00046698038
0.00046274249
0.00046308431
0.00045479846
0.00044731811
0.00043744628
0.00043145247
0.0004160776
0.00041386037
0.00040264581
0.00040407476
0.00038746875
0.00037259031
0.0003704265
0.00035385169
0.00035826111
0.00035338547
0.00034559589
0.00033874777
0.00033941449
0.00033482782
0.00032631456
0.00032798747
0.00031975765
0.00031027478
0.00030641148
0.00030403088
0.00030348738
0.00029188306
0.00029421347
0.00028766142
0.00028137305
0.00027155731
0.00026251366
0.00027262832
0.00025523094
0.00026071035
0.00026163513
0.00022946035
0.00023791639
0.00022660352
0.00021238699
0.00021004265
0.00019987226
0.00019649166
0.00017272305
0.00017204582
0.00017707585
0.00015544751
0.00014925782
0.00014330553
0.00013574148
0.00012379499
0.00012663878
0.00011442361
0.000093638856
0.000087285901
0.000070048143
0.00004788305
0.000039622493
0.000023109716
0.0000048060589
-0.000003134649
-0.000025881372
-0.00005359159
-0.000098650395
-0.00018606442
-0.00027341866
-0.00033730938
-0.00042593553
-0.00051191673
-0.00059741763
-0.00069338681
-0.00075439375
-0.00080414218
-0.00089378983
-0.0009956853
-0.0010706706
-0.0011371449
-0.0012054933
-0.0013011195
-0.0013929324
-0.0014527616
-0.0015372829
-0.001601938
-0.0016760591
-0.0017523991
-0.0018202892
-0.0019130052
-0.0019885296
-0.002088217
-0.0021449691
-0.0022173692
-0.0022946109
-0.0023725339
-0.0024480334
-0.0025300707
-0.0025989073
-0.0026855571
-0.0027387142
-0.0028265862
-0.0029057184
-0.0029713693
-0.0030513712
-0.0031293039
-0.0031288269
-0.0030463949
-0.0029980472
-0.0029236584
-0.0028566839
-0.0027796421
-0.0026977382
-0.002640334
-0.0025680486
-0.002498708
-0.0024259258
-0.0023444125
-0.002274996
-0.0022017862
-0.0021061715
-0.0020500064
-0.0019812779
-0.0019055067
-0.0018408646
-0.00175491
-0.0016801049
-0.0016133779
-0.0015290773
-0.0014763617
-0.001385114
-0.001320293
-0.0012328441
-0.0011721226
-0.0010990229
-0.0010139483
-0.00094457082
-0.0008564911
-0.00078775089
-0.00071308059
-0.00065517993
-0.0005585373
-0.00048213412
-0.0003982116
-0.00031264034
-0.00021720993
-0.00017656006
-0.00017252782
-0.00014568722
-0.00014115956
-0.00011816278
-0.00010686378
-0.000081316457
-0.000074057174
-0.000062988825
-0.000034297899
-0.000032202132
-0.000026113467
-0.0000080702106
-0.0000040770606
0.0000056427139
0.0000065630733
0.0000098943355
0.000024297514
0.000032517999
0.00003660286
0.000040936051
0.000051439834
0.000066375551
0.000067143569
0.000075851105
0.00007927812
0.000088508632
0.00010720264
0.00010478109
0.00011580361
0.00012041811
0.00012323223
0.00012699162
0.00012808338
0.00013381818
0.00014196596
0.00013906443
0.00014515574
0.00015346923
0.00016007015
0.00015689163
0.0001683488
0.00016511535
0.00017640356
0.00017787636
0.00017853008
0.00018619875
0.00018905761
0.00019384873
0.00019965742
0.00020561528
0.00023864985
0.00024058195
0.00025417784
0.00028020794
0.00028229339
0.00030061208
0.00030998353
0.0003337519
0.00034523422
0.0003543311
0.00037577028
0.00039635928
0.00041500955
0.00042468966
0.0004447179
0.00045629679
0.00047356482
0.00049827543
0.00049503502
0.00057576081
0.00066723525
0.00072792076
0.00079603493
0.00086113069
0.00097343854
0.0010670208
0.0011135887
0.0011978717
0.0013033657
0.0013560726
0.0014379232
0.0014984118
0.0015759079
0.0016579341
0.0017283211
0.0018162641
0.0019122053
0.0019739907
0.0020496171
0.0021239962
0.0021923869
0.0022821037
0.0023451515
0.0024503113
0.002508574
0.0025998193
0.0026601719
0.0027442917
0.002810018
0.0029050225
0.0029753257
0.0030491816
0.0031054398
0.0031937556
0.0032440763
0.0033327526
0.0034071557
0.0034871254
0.0035676744
MomentY Data
0.000002340331
0.00000086776253
0.0000065417001
0.0000050329254
0.0000017669153
-0.00000042849534
0.0000065550467
0.000004986534
-0.00000015004158
0.0000016748475
-0.00000016725538
0.0000015553855
0.0000018218993
0.0000038196133
0.0000049255512
-0.000000537281
0.0000041042565
0.0000011042404
0.0000030983161
0.0000059763381
0.0000021269654
0.000001166768
-0.00000088810913
0.0000036179493
0.0000024908018
0.0000034436701
0.0000037289951
0.0000014810227
0.0000042586945
0.0000022845028
0.0000026044988
0.0000017468404
0.00000091844079
0.0000058708188
0.0000025213813
0.0000031370114
0.0000051965138
0.00000063103673
0.0000010158491
0.0000014293193
0.00000026243203
0.00000051062103
0.0000014073134
0.0000055787084
0.00000088645453
0.0000061182687
0.00000038161755
0.0000022645139
0.0000010670089
0.0000036577605
0.0000026302766
0.0000046242331
0.0000028264998
-0.00000051255225
0.0000070812604
0.0000038211392
0.0000031908558
0.00000037933348
-0.00000031776909
0.0000056290147
0.0000061308333
0.0000011256599
0.0000026344107
0.0000042437981
0.0000036691712
0.0000048229788
0.0000062714003
0.0000034772108
0.0000026497362
0.0000046246718
0.0000035648154
0.0000054108283
0.0000018513298
0.0000022949266
0.0000035194682
0.0000046153019
0.0000011827611
0.00000084385391
0.0000041299055
0.000006187968
0.0000027397059
0.0000015331124
0.0000040378665
0.0000029970024
0.0000036142395
0.0000018914508
0.0000066004417
0.0000034093808
0.0000023036336
0.0000037449692
0.0000038601349
0.0000012880849
0.0000029788159
0.0000016156339
0.0000022589206
0.0000018971872
-0.0000020180129
0.0000023821734
0.0000067581365
0.0000024009227
0.0000047455308
0.0000018245887
0.00000059142582
0.0000021999025
0.0000053113649
0.0000039187049
0.000002455511
0.00000032281871
0.00000018654345
0.0000024309348
0.0000018411016
0.0000046753786
0.0000021601438
0.0000065444466
0.0000044329022
0.0000025200413
0.00000018378733
0.0000030721568
0.0000016963625
0.0000014946603
0.000002705736
0.000002210102
0.0000047885321
0.0000016184282
0.0000015911865
0.0000033262681
-0.00000090711588
0.0000014409827
0.0000044982812
0.0000029278992
0.000001379404
0.00000047277448
0.0000054880426
-0.00000027379509
0.0000041406057
0.0000031456755
0.0000041645859
0.0000007976484
0.0000029617642
0.0000025027656
-0.00000095805637
0.0000028023814
0.000004455385
0.0000037635801
0.0000044630621
0.0000054538533
0.0000039332674
0.0000016554737
0.000007400975
0.0000017399024
0.00000079330441
-0.0000013227844
0.0000029117583
0.000005794873
0.0000027986334
0.0000023052263
0.00000052258014
0.0000038068722
0.0000016429519
0.00000031320575
-0.0000013693666
0.0000047616527
0.0000026855754
0.0000040695904
0.0000066827628
0.000006679053
0.0000017219686
0.0000018394851
0.0000059014652
0.0000047347496
0.0000046018646
0.00000098893638
0.0000037681911
0.0000054521463
0.0000024986695
0.000004144449
0.0000023904847
0.0000040168045
0.000001382265
-0.00000037760735
0.0000034653138
0.0000037878751
0.0000017454672
0.0000042858932
-0.00000023743153
0.0000035485981
0.0000032980966
0.0000057420776
-0.00000033201222
0.0000031865595
0.0000027962207
0.0000030395697
-0.000000053529681
0.000005279598
0.00000062972542
0.0000069647928
0.000003465886
0.00000020647049
0.00000027492047
0.0000039170455
0.0000037470148
0.0000035815143
0.000000019569388
0.00000040026181
0.0000021022748
0.0000036996506
0.000000033082995
0.0000049289034
0.00000090867523
0.000006591787
0.0000013379096
0.0000017984581
0.0000012941408
0.0000013422774
0.0000062412307
0.000005507922
0.0000025525283
0.00000044583318
0.000002853093
-0.00000074364657
0.000001666355
0.0000031283997
0.00000067732805
0.0000036518286
0.0000035111712
0.0000043046807
0.0000012057066
0.0000014835882
0.0000019054364
0.0000037552164
0.00000739274
-0.00000015192031
0.0000024560164
0.000002967677
0.0000025980185
0.000004708104
0.00000083278179
0.00000312613
0.0000045401285
0.0000042234848
0.0000035830925
0.0000010737991
0.0000025769853
-0.00000043690674
0.0000010162019
0.0000025566958
0.000000022091849
0.0000042057703
0.0000046932361
0.0000011117649
0.0000031014441
0.0000049944875
0.0000011738204
0.000001464343
0.0000025369595
-0.0000014492272
0.0000045979403
0.0000027467584
0.0000028432273
0.0000046027944
0.0000017503261
0.00000064039704
0.00000020917897
0.0000021068238
0.0000015559721
0.0000057815502
0.0000034315346
0.0000025416373
0.000003993759
0.000004110174
0.0000051880357
0.000003145294
0.00000058502194
0.0000031105231
-0.00000090247154
0.0000024959658
0.0000025706337
0.0000015014219
0.0000017027997
0.0000040131233
0.00000019886488
0.00000020255559
0.0000041222046
0.0000028290938
0.0000025272035
0.00000045583247
0.0000041367243
0.0000067973516
0.0000035489224
0.00000011199475
0.0000051331089
0.00000017181881
0.00000070982931
0.0000010750484
0.0000033414124
0.0000033001279
0.0000020376586
0.0000010008907
0.0000048868416
0.000004249625
0.0000036887883
0.0000041502569
-0.0000026977204
0.0000047480152
0.0000045525597
0.0000033396338
0.00000092064377
0.0000019196319
0.0000051607988
0.0000043624971
0.000000077495558
0.0000021868324
0.0000038022993
0.0000015661001
0.0000034591769
-0.0000019876765
0.0000022014092
0.0000031895541
0.0000012756347
0.00000046595089
0.00000030472282
0.0000043346355
0.0000039116095
0.0000027030229
0.000002044034
0.0000023979377
-0.0000014748811
0.0000029442595
0.0000028711175
0.0000047646044
0.00000043006893
0.0000040958927
0.0000031613921
0.0000015285873
0.0000062765929
0.0000047078512
-0.0000015959071
0.0000027147769
0.0000017332077
0.000007832336
-0.00000057404038
-0.0000017294597
0.0000015629291
0.000003177223
0.000002276368
0.0000042937706
0.0000024462461
0.0000036169813
0.0000026760148
0.0000050095269
-0.00000023984433
0.0000030434464
0.0000051049278
0.0000024171303
0.0000043050812
0.0000029161786
0.0000014402627
0.0000053021143
0.0000058821055
0.000001136179
0.0000015296792
0.0000033998487
0.0000049245976
-0.0000015734529
0.0000021497201
0.0000034910582
0.00000196918
0.0000013300323
0.0000048511932
0.0000046390198
0.00000072226999
-0.0000003255081
0.00000048849098
0.0000017701053
0.0000014727878
0.0000058315703
0.0000028698443
0.0000043076418
0.0000014446305
0.0000034154413
0.0000031394623
0.0000042000196
0.0000023366307
-0.00000021772383
0.0000024508332
0.0000067431065
0.0000014459419
0.00000033970351
0.0000042188499
-0.00000043872825
0.00000078440663
-0.0000010520744
0.0000033859681
0.0000012279796
0.0000025646018
0.0000051000211
0.0000021781253
0.0000035288666
0.0000012673282
0.0000024110984
0.0000028993938
-0.00000060254091
0.0000039983939
0.0000023233747
0.0000035174844
0.0000055495927
-0.00000029408457
0.000004115362
0.0000022404384
-0.00000094199649
0.0000045532892
0.0000061894414
0.0000045650433
0.0000048184774
0.0000066965863
0.0000064429996
0.0000015866899
0.0000060600087
0.0000064610764
0.0000055249689
-0.0000014610338
Field Data
-4.4928197
-3.5789771
-2.662564
-1.7542735
-0.851638
0.063715099
0.97127593
1.8729762
2.7866332
3.6929719
4.5958059
7.1864936
11.934852
16.686303
21.438319
26.182999
30.949798
35.678838
40.434959
45.175118
49.93232
54.693083
59.377283
64.191166
68.960208
73.720035
78.481145
83.219467
87.974439
92.739861
97.497561
109.02662
129.17038
149.2137
169.20959
189.21781
209.22087
229.21389
249.20375
269.20397
289.20197
309.20543
329.19821
349.38435
369.38668
389.39
409.38762
429.41016
449.57229
469.56682
489.56758
511.33743
536.32195
561.33098
586.32373
611.32842
636.47186
661.5736
686.57285
711.58336
736.57885
761.58026
786.59023
811.81829
836.83093
861.83014
886.84064
911.83676
936.83899
961.83584
986.83795
1124.4322
1400.6187
1676.9503
1951.9793
2226.9988
2501.9876
2776.9512
3051.9371
3326.9186
3601.8863
3876.8875
4151.8309
4426.7988
4701.7768
4976.7641
5251.7377
5526.7121
5802.0195
6079.3936
6354.3756
6629.3522
6904.316
7179.291
7454.2609
7729.2185
8004.1801
8279.1131
8554.0591
8828.9962
9103.9029
9378.7746
9653.6829
9928.5188
10203.376
10478.209
10753.035
11027.85
11302.656
11577.416
11853.773
11859.924
11584.47
11308.955
11033.556
10758.23
10482.958
10207.689
9932.484
9657.312
9382.1436
9107.0236
8831.9114
8556.8392
8281.7825
8006.7258
7731.6788
7456.6507
7181.5875
6906.5839
6631.5701
6356.5359
6081.5098
5806.4867
5531.4693
5256.4358
4981.4071
4706.402
4431.3504
4156.3446
3881.3066
3606.2955
3331.2748
3056.251
2781.2202
2506.215
2231.1932
1956.1982
1681.177
1406.1676
1131.2576
975.65092
925.68
875.68366
825.24989
775.18315
725.19211
675.10115
624.67945
574.15746
523.69822
490.97303
470.99978
451.01003
431.01475
411.02906
391.01666
371.03604
351.02662
331.03917
311.04562
291.04793
271.05082
251.059
231.05909
211.07472
191.0437
170.8781
150.88125
130.89377
110.88815
96.132822
86.161974
76.16355
66.149265
56.201182
46.156253
36.172134
26.155524
16.163042
6.1619278
-3.8343158
-13.828966
-23.8309
-33.831535
-43.84034
-53.822895
-63.831909
-73.835567
-83.851945
-93.929401
-108.20436
-128.18595
-148.17531
-168.1752
-188.18127
-208.17415
-228.17089
-248.16546
-268.1621
-288.15858
-308.15689
-328.15531
-348.14034
-368.14529
-388.13366
-408.31495
-428.32214
-448.31547
-468.31041
-488.31071
-521.5973
-571.5659
-621.56206
-671.55585
-721.57032
-771.56128
-821.56262
-871.57098
-921.56021
-971.56216
-1131.0415
-1406.6992
-1681.6529
-1956.6369
-2232.8501
-2509.3803
-2784.3624
-3059.3429
-3334.3258
-3609.331
-3884.298
-4159.2727
-4434.2648
-4711.2977
-4986.982
-5261.976
-5536.923
-5811.9241
-6086.8782
-6361.8487
-6636.8157
-6911.8083
-7186.7759
-7461.7452
-7736.7082
-8011.6645
-8286.6244
-8561.5354
-8836.4785
-9111.403
-9386.2886
-9661.1864
-9936.0333
-10210.896
-10485.707
-10763.092
-11038.096
-11312.865
-11587.919
-11865.066
-11884.054
-11609.366
-11333.856
-11058.451
-10783.127
-10507.838
-10232.564
-9957.3485
-9682.1591
-9407.0233
-9131.8904
-8856.7827
-8581.7085
-8306.6423
-8031.5919
-7756.5462
-7481.4977
-7206.4863
-6931.4481
-6656.4301
-6381.3893
-6106.3761
-5831.3553
-5556.3242
-5281.2904
-5006.2909
-4731.2521
-4456.2511
-4181.221
-3906.2014
-3631.1483
-3356.1245
-3081.1248
-2806.0896
-2531.0778
-2254.1148
-1978.3172
-1703.289
-1428.284
-1153.3006
-990.71041
-940.86726
-890.87137
-840.86214
-790.86256
-740.86298
-690.87464
-640.86862
-590.86584
-540.87125
-505.62367
-485.68056
-465.56608
-445.47343
-425.48629
-405.49804
-385.49743
-365.50285
-345.50354
-325.51614
-305.51699
-285.52436
-265.52458
-245.53016
-225.53597
-205.54306
-185.54563
-165.55386
-145.54974
-125.57165
-110.54599
-100.57027
-90.567056
-80.579211
-70.569662
-60.582482
-50.574288
-40.576084
-30.580254
-20.576233
-10.580444
-0.57146604
9.4285819
19.406917
29.421357
39.419125
49.429347
59.419087
69.421071
79.428844
103.09074
143.06087
183.06434
223.05964
263.05843
303.05509
343.05096
383.04223
423.04626
463.02624
506.88293
556.84928
606.847
657.10149
707.34904
757.35031
807.34855
857.34204
907.35199
957.34717
1110.304
1385.0788
1660.0798
1935.0715
2211.5035
2487.8015
2762.7614
3037.7596
3312.729
3587.7141
3864.8846
4140.4444
4415.4128
4690.4102
4967.0378
5244.5831
5520.8399
5795.8339
6070.7863
6345.7624
6620.7189
6895.7074
7170.6818
7445.6565
7720.6096
7995.5679
8270.5318
8545.4557
8820.3856
9095.3229
9370.2066
9645.0832
9919.9693
10194.812
10470.364
10747.197
11021.982
11296.769
11571.537
11846.255
Time Data
0
10
20
30
40
50
60
70
80
90
100
110
120
130
140
150
160
170
180
190
200
210
220
230
240
250
260
270
280
290
300
310
320
330
340
350
360
370
380
390
400
410
420
430
440
450
460
470
480
490
500
510
520
530
540
550
560
570
580
590
600
610
620
630
640
650
660
670
680
690
700
710
720
730
740
750
760
770
780
790
800
810
820
830
840
850
860
870
880
890
900
910
920
930
940
950
960
970
980
990
1000
1010
1020
1030
1040
1050
1060
1070
1080
1090
1100
1110
1120
1130
1140
1150
1160
1170
1180
1190
1200
1210
1220
1230
1240
1250
1260
1270
1280
1290
1300
1310
1320
1330
1340
1350
1360
1370
1380
1390
1400
1410
1420
1430
1440
1450
1460
1470
1480
1490
1500
1510
1520
1530
1540
1550
1560
1570
1580
1590
1600
1610
1620
1630
1640
1650
1660
1670
1680
1690
1700
1710
1720
1730
1740
1750
1760
1770
1780
1790
1800
1810
1820
1830
1840
1850
1860
1870
1880
1890
1900
1910
1920
1930
1940
1950
1960
1970
1980
1990
2000
2010
2020
2030
2040
2050
2060
2070
2080
2090
2100
2110
2120
2130
2140
2150
2160
2170
2180
2190
2200
2210
2220
2230
2240
2250
2260
2270
2280
2290
2300
2310
2320
2330
2340
2350
2360
2370
2380
2390
2400
2410
2420
2430
2440
2450
2460
2470
2480
2490
2500
2510
2520
2530
2540
2550
2560
2570
2580
2590
2600
2610
2620
2630
2640
2650
2660
2670
2680
2690
2700
2710
2720
2730
2740
2750
2760
2770
2780
2790
2800
2810
2820
2830
2840
2850
2860
2870
2880
2890
2900
2910
2920
2930
2940
2950
2960
2970
2980
2990
3000
3010
3020
3030
3040
3050
3060
3070
3080
3090
3100
3110
3120
3130
3140
3150
3160
3170
3180
3190
3200
3210
3220
3230
3240
3250
3260
3270
3280
3290
3300
3310
3320
3330
3340
3350
3360
3370
3380
3390
3400
3410
3420
3430
3440
3450
3460
3470
3480
3490
3500
3510
3520
3530
3540
3550
3560
3570
3580
3590
3600
3610
3620
3630
3640
3650
3660
3670
3680
3690
3700
3710
3720
3730
3740
3750
3760
3770
3780
3790
3800
3810
3820
3830
3840
3850
3860
3870
3880
3890
3900
3910
3920
3930
3940
3950
3960
3970
3980
3990
4000
4010
4020
4030
4040
4050
4060
4070
4080
4090
4100
4110
4120
4130
4140
4150
4160
4170
4180
4190
4200
Temperature Data
0
0
0
0
0
0
0
0
0
0
0
0
0
0
0
0
0
0
0
0
0
0
0
0
0
0
0
0
0
0
0
0
0
0
0
0
0
0
0
0
0
0
0
0
0
0
0
0
0
0
0
0
0
0
0
0
0
0
0
0
0
0
0
0
0
0
0
0
0
0
0
0
0
0
0
0
0
0
0
0
0
0
0
0
0
0
0
0
0
0
0
0
0
0
0
0
0
0
0
0
0
0
0
0
0
0
0
0
0
0
0
0
0
0
0
0
0
0
0
0
0
0
0
0
0
0
0
0
0
0
0
0
0
0
0
0
0
0
0
0
0
0
0
0
0
0
0
0
0
0
0
0
0
0
0
0
0
0
0
0
0
0
0
0
0
0
0
0
0
0
0
0
0
0
0
0
0
0
0
0
0
0
0
0
0
0
0
0
0
0
0
0
0
0
0
0
0
0
0
0
0
0
0
0
0
0
0
0
0
0
0
0
0
0
0
0
0
0
0
0
0
0
0
0
0
0
0
0
0
0
0
0
0
0
0
0
0
0
0
0
0
0
0
0
0
0
0
0
0
0
0
0
0
0
0
0
0
0
0
0
0
0
0
0
0
0
0
0
0
0
0
0
0
0
0
0
0
0
0
0
0
0
0
0
0
0
0
0
0
0
0
0
0
0
0
0
0
0
0
0
0
0
0
0
0
0
0
0
0
0
0
0
0
0
0
0
0
0
0
0
0
0
0
0
0
0
0
0
0
0
0
0
0
0
0
0
0
0
0
0
0
0
0
0
0
0
0
0
0
0
0
0
0
0
0
0
0
0
0
0
0
0
0
0
0
0
0
0
0
0
0
0
0
0
0
0
0
0
0
0
0
0
0
0
0
0
0
0
0
0
0
0
0
0
0
0
0
0
0
0
0
0
0
0
0
0
0
0
0
0
0
0
0
0
0
0
0
0
0
0
0
Angle Data
0
0
0
0
0
0
0
0
0
0
0
0
0
0
0
0
0
0
0
0
0
0
0
0
0
0
0
0
0
0
0
0
0
0
0
0
0
0
0
0
0
0
0
0
0
0
0
0
0
0
0
0
0
0
0
0
0
0
0
0
0
0
0
0
0
0
0
0
0
0
0
0
0
0
0
0
0
0
0
0
0
0
0
0
0
0
0
0
0
0
0
0
0
0
0
0
0
0
0
0
0
0
0
0
0
0
0
0
0
0
0
0
0
0
0
0
0
0
0
0
0
0
0
0
0
0
0
0
0
0
0
0
0
0
0
0
0
0
0
0
0
0
0
0
0
0
0
0
0
0
0
0
0
0
0
0
0
0
0
0
0
0
0
0
0
0
0
0
0
0
0
0
0
0
0
0
0
0
0
0
0
0
0
0
0
0
0
0
0
0
0
0
0
0
0
0
0
0
0
0
0
0
0
0
0
0
0
0
0
0
0
0
0
0
0
0
0
0
0
0
0
0
0
0
0
0
0
0
0
0
0
0
0
0
0
0
0
0
0
0
0
0
0
0
0
0
0
0
0
0
0
0
0
0
0
0
0
0
0
0
0
0
0
0
0
0
0
0
0
0
0
0
0
0
0
0
0
0
0
0
0
0
0
0
0
0
0
0
0
0
0
0
0
0
0
0
0
0
0
0
0
0
0
0
0
0
0
0
0
0
0
0
0
0
0
0
0
0
0
0
0
0
0
0
0
0
0
0
0
0
0
0
0
0
0
0
0
0
0
0
0
0
0
0
0
0
0
0
0
0
0
0
0
0
0
0
0
0
0
0
0
0
0
0
0
0
0
0
0
0
0
0
0
0
0
0
0
0
0
0
0
0
0
0
0
0
0
0
0
0
0
0
0
0
0
0
0
0
0
0
0
0
0
0
0
0
0
0
0
0
0
0
0
0
0
0
0
0
0
0
0
Bx Data
0
0
0
0
0
0
0
0
0
0
0
0
0
0
0
0
0
0
0
0
0
0
0
0
0
0
0
0
0
0
0
0
0
0
0
0
0
0
0
0
0
0
0
0
0
0
0
0
0
0
0
0
0
0
0
0
0
0
0
0
0
0
0
0
0
0
0
0
0
0
0
0
0
0
0
0
0
0
0
0
0
0
0
0
0
0
0
0
0
0
0
0
0
0
0
0
0
0
0
0
0
0
0
0
0
0
0
0
0
0
0
0
0
0
0
0
0
0
0
0
0
0
0
0
0
0
0
0
0
0
0
0
0
0
0
0
0
0
0
0
0
0
0
0
0
0
0
0
0
0
0
0
0
0
0
0
0
0
0
0
0
0
0
0
0
0
0
0
0
0
0
0
0
0
0
0
0
0
0
0
0
0
0
0
0
0
0
0
0
0
0
0
0
0
0
0
0
0
0
0
0
0
0
0
0
0
0
0
0
0
0
0
0
0
0
0
0
0
0
0
0
0
0
0
0
0
0
0
0
0
0
0
0
0
0
0
0
0
0
0
0
0
0
0
0
0
0
0
0
0
0
0
0
0
0
0
0
0
0
0
0
0
0
0
0
0
0
0
0
0
0
0
0
0
0
0
0
0
0
0
0
0
0
0
0
0
0
0
0
0
0
0
0
0
0
0
0
0
0
0
0
0
0
0
0
0
0
0
0
0
0
0
0
0
0
0
0
0
0
0
0
0
0
0
0
0
0
0
0
0
0
0
0
0
0
0
0
0
0
0
0
0
0
0
0
0
0
0
0
0
0
0
0
0
0
0
0
0
0
0
0
0
0
0
0
0
0
0
0
0
0
0
0
0
0
0
0
0
0
0
0
0
0
0
0
0
0
0
0
0
0
0
0
0
0
0
0
0
0
0
0
0
0
0
0
0
0
0
0
0
0
0
0
0
0
0
0
0
0
0
0
Hint Data
0
0
0
0
0
0
0
0
0
0
0
0
0
0
0
0
0
0
0
0
0
0
0
0
0
0
0
0
0
0
0
0
0
0
0
0
0
0
0
0
0
0
0
0
0
0
0
0
0
0
0
0
0
0
0
0
0
0
0
0
0
0
0
0
0
0
0
0
0
0
0
0
0
0
0
0
0
0
0
0
0
0
0
0
0
0
0
0
0
0
0
0
0
0
0
0
0
0
0
0
0
0
0
0
0
0
0
0
0
0
0
0
0
0
0
0
0
0
0
0
0
0
0
0
0
0
0
0
0
0
0
0
0
0
0
0
0
0
0
0
0
0
0
0
0
0
0
0
0
0
0
0
0
0
0
0
0
0
0
0
0
0
0
0
0
0
0
0
0
0
0
0
0
0
0
0
0
0
0
0
0
0
0
0
0
0
0
0
0
0
0
0
0
0
0
0
0
0
0
0
0
0
0
0
0
0
0
0
0
0
0
0
0
0
0
0
0
0
0
0
0
0
0
0
0
0
0
0
0
0
0
0
0
0
0
0
0
0
0
0
0
0
0
0
0
0
0
0
0
0
0
0
0
0
0
0
0
0
0
0
0
0
0
0
0
0
0
0
0
0
0
0
0
0
0
0
0
0
0
0
0
0
0
0
0
0
0
0
0
0
0
0
0
0
0
0
0
0
0
0
0
0
0
0
0
0
0
0
0
0
0
0
0
0
0
0
0
0
0
0
0
0
0
0
0
0
0
0
0
0
0
0
0
0
0
0
0
0
0
0
0
0
0
0
0
0
0
0
0
0
0
0
0
0
0
0
0
0
0
0
0
0
0
0
0
0
0
0
0
0
0
0
0
0
0
0
0
0
0
0
0
0
0
0
0
0
0
0
0
0
0
0
0
0
0
0
0
0
0
0
0
0
0
0
0
0
0
0
0
0
0
0
0
0
0
0
0
0
0
0
0
Torque Data
-1.05146852213207E-05
-3.10570222310806E-06
-1.74176951850564E-05
-8.8291276566969E-06
-1.5047722122614E-06
-2.73016230091387E-08
6.36675907973593E-06
9.3396595024908E-06
-4.18110848208456E-07
6.18516475428525E-06
-7.68673262210742E-07
1.11777679412828E-05
2.17440985044036E-05
6.37352248666299E-05
1.05595537876433E-04
-1.4067627885719E-05
1.27025909615187E-04
3.93980143446552E-05
1.2528028447254E-04
2.69981778875396E-04
1.06204316981728E-04
6.3814139065744E-05
-5.27335071468938E-05
2.32240384095884E-04
1.71766210214774E-04
2.53867480300454E-04
2.92655805147389E-04
1.23249919708901E-04
3.74656259509886E-04
2.11864472126111E-04
2.53932280627427E-04
1.90452104491448E-04
1.186353458518E-04
8.7600659517756E-04
4.26641896006667E-04
5.93578427053034E-04
1.08721913820301E-03
1.4464238361618E-04
2.53153405154125E-04
3.84778429957621E-04
7.58958600670991E-05
1.57886795148193E-04
4.63285052189014E-04
1.94911340817354E-03
3.2744449580766E-04
0.002382392649093
1.56229500544731E-04
9.72405276121224E-04
4.79697634623381E-04
1.71756296630661E-03
1.28769814979263E-03
2.36454346907493E-03
1.51591388441061E-03
-2.87711456793705E-04
4.15191101082929E-03
2.33597098973606E-03
2.03088992601779E-03
2.50957015964128E-04
-2.18171629763207E-04
4.00551319371539E-03
4.5158421416557E-03
8.57280359313574E-04
2.07220171842746E-03
3.44519291664725E-03
3.07047594762522E-03
4.15658849442103E-03
5.56173265574819E-03
3.17064862970901E-03
2.48237618537444E-03
4.44817508547731E-03
3.51789512146443E-03
6.08410956919126E-03
2.59300713774726E-03
3.84847785034798E-03
6.86992907340826E-03
1.02782717929377E-02
2.95925360596236E-03
2.34334112799919E-03
1.26042118149441E-02
2.05868658354048E-02
9.86810914723917E-03
0.005943704299655
1.67645389047748E-02
1.32671266279171E-02
1.69933474307436E-02
9.41330443835628E-03
3.46637885125421E-02
1.88426661208677E-02
1.33657270680552E-02
2.27671417866771E-02
2.45287470212684E-02
8.53916846560178E-03
2.05666862794244E-02
1.15991059175649E-02
1.68385835047845E-02
1.46637744042032E-02
-1.61525386957233E-02
1.97222830024115E-02
5.78094990268672E-02
2.11977373947937E-02
4.32028516121593E-02
0.017112406155007
5.70943732515248E-03
0.021841773329417
5.41938531479024E-02
4.10610089515241E-02
0.026404195725885
3.5599963110735E-03
2.1084364444032E-03
2.81439434484768E-02
2.18240004363368E-02
5.54496348672264E-02
0.025024121046786
0.074010852099303
4.89106746662232E-02
0.027111183914899
1.92663486132214E-03
3.13596211736352E-02
0.01684909338945
1.44344008511136E-02
2.53856036956896E-02
2.01274510724072E-02
4.22918912432559E-02
1.38486298641454E-02
1.31778605099362E-02
0.026632516613987
-7.01352861853934E-03
1.07449046586429E-02
0.032304800037405
2.02217814755429E-02
9.1476143222204E-03
3.00520795472383E-03
3.33755848547175E-02
-1.5897875486103E-03
0.022903633312955
1.65350413133829E-02
2.07454977708199E-02
3.7540540250568E-03
1.31246149723757E-02
1.04023562866258E-02
-3.71851051205304E-03
1.01062154321037E-02
0.014842111774798
1.15024454442051E-02
1.24127584663744E-02
1.36685289482595E-02
8.77587947666168E-03
3.23843467208734E-03
0.012442348947575
2.44659438204224E-03
8.97431642926016E-04
-1.29057581682165E-03
0.002695356423144
5.07447559787518E-03
2.30957190550033E-03
1.78697258469684E-03
3.78970994370695E-04
2.57002380012303E-03
1.02631828926845E-03
1.79829417877395E-04
-7.17134850947452E-04
2.33784305392668E-03
1.26490542257341E-03
1.83542608839171E-03
2.8803693375513E-03
2.74528487628018E-03
6.73318410596876E-04
6.82515267143004E-04
2.07157138220362E-03
1.56738757774183E-03
1.43138982766305E-03
2.87827886300693E-04
1.0213712875717E-03
1.3688103979317E-03
5.77340300880755E-04
8.7478841222928E-04
4.5668704188139E-04
6.8638392103145E-04
2.0855787103125E-04
-4.94264496212095E-05
3.8426223645147E-04
3.64139122746532E-04
1.50392899504253E-04
3.2642884103286E-04
-1.57059211973254E-05
1.99435407662954E-04
1.5222778108804E-04
2.07703200385598E-04
-8.68395358850328E-06
5.1504495033999E-05
1.72301100662655E-05
-1.16546701259113E-05
7.40260138539846E-07
-1.258175719782E-04
-2.13045775871197E-05
-3.05338884381552E-04
-1.8654401825997E-04
-1.31794055288654E-05
-2.02989087823565E-05
-3.28451883828498E-04
-3.51954855702135E-04
-3.87535462662348E-04
-2.5085205916986E-06
-5.93089177779111E-05
-3.5355048494496E-04
-6.96204948464262E-04
-6.88702436357925E-06
-1.12463227550203E-03
-2.25501806443556E-04
-1.7676674446727E-03
-3.85530130504368E-04
-5.54207254891309E-04
-4.24679175407648E-04
-4.67300910410316E-04
-2.2976796860084E-03
-2.13780992485452E-03
-1.04223546518808E-03
-1.90960221740605E-04
-1.27908572924871E-03
3.48257430091794E-04
-8.1369899316205E-04
-1.63176483684081E-03
-3.87137616493495E-04
-2.26983810738292E-03
-2.35794755971152E-03
-3.10612983019682E-03
-9.30276527600448E-04
-1.21886060859308E-03
-1.66072307047567E-03
-3.46065801417944E-03
-7.1825064427184E-03
1.71828175302865E-04
-3.45487630506688E-03
-4.9906026333133E-03
-5.08337886398265E-03
-1.05124904872104E-02
-2.08976621802474E-03
-0.008704278829512
-1.38898098915627E-02
-1.40824743345478E-02
-1.29325668361175E-02
-4.1709556965318E-03
-1.07183846065913E-02
1.93736017806475E-03
-4.78762967420563E-03
-1.27501959340756E-02
-1.16246779233624E-04
-2.32870263067869E-02
-0.02727673199658
-6.76717753333518E-03
-1.97309181157077E-02
-3.31474930534537E-02
-8.11322158342932E-03
-1.05239049817337E-02
-1.89301453717194E-02
0.011212247961903
-3.68371550746293E-02
-0.022761355178345
-2.43423911791964E-02
-4.06724937555204E-02
-1.59479264785183E-02
-6.01095143602574E-03
-2.02091702013001E-03
-2.09334714340325E-02
-1.58878692920016E-02
-6.06236414029914E-02
-3.69339226009832E-02
-2.80548365145808E-02
-0.045180856409535
-0.047628363387906
-6.15563859908562E-02
-0.037378843741876
-6.79173381949004E-03
-3.52542209000736E-02
9.97993730398454E-03
-2.69143162090566E-02
-2.70118024769406E-02
-1.53633956827516E-02
-1.69553700385955E-02
-0.038855698278517
-1.8707265597117E-03
-1.84971544778734E-03
-3.65094703871404E-02
-2.42784583107573E-02
-0.020992575493808
-3.66106037380899E-03
-3.20866931496127E-02
-5.08543703614913E-02
-2.55752606553631E-02
-7.76285797097475E-04
-3.41681805885379E-02
-1.09644271567273E-03
-4.33448473366349E-03
-6.26898918509652E-03
-1.85659705803001E-02
-1.74289337970422E-02
-1.02011117064867E-02
-4.73546622624547E-03
-2.17769932555258E-02
-0.017768621292125
-1.44091500217636E-02
-1.50701982869983E-02
9.0538855285898E-03
-0.014629227383497
-1.27748904275491E-02
-8.45287297130964E-03
-2.0752367474848E-03
-3.79764080543868E-03
-8.7903318272532E-03
-6.2308848079764E-03
-8.93756735387348E-05
-2.16651762360528E-03
-3.57745892409092E-03
-1.39519374164414E-03
-2.90869089077257E-03
1.57197892524184E-03
-1.63094258011142E-03
-2.20358204059802E-03
-8.17514249813114E-04
-2.75314464018598E-04
-1.64815812556925E-04
-2.19169430962229E-03
-1.89979269246132E-03
-1.25843577570323E-03
-9.1056283701662E-04
-1.02028961562413E-03
5.98061395283044E-04
-1.13500447050309E-03
-1.04940162893488E-03
-1.64618768689958E-03
-1.3999437802753E-04
-1.25136480906697E-03
-9.02654456061556E-04
-4.05877500825834E-04
-1.54109285899186E-03
-1.06178978700766E-03
3.28027628809726E-04
-5.03714990219947E-04
-2.86939224916722E-04
-1.13999446839264E-03
7.2083197683227E-05
1.91184834701603E-04
-1.57184201577857E-04
-2.87751733365488E-04
-1.83427937385648E-04
-3.03009939947537E-04
-1.4819966032082E-04
-1.82926253956814E-04
-1.08582201310043E-04
-1.53192605021833E-04
4.93509281780889E-06
-3.22010142022016E-05
-2.91729287435191E-06
2.27901109965216E-05
8.35483535266604E-05
8.57979316663602E-05
5.67738954041375E-05
2.62080047568362E-04
3.49509338447678E-04
7.8874763027709E-05
1.21500650546845E-04
3.50492918371038E-04
7.04517217055912E-04
-2.88043116659586E-04
4.79515791606764E-04
9.18352289130626E-04
5.967700221262E-04
4.56268857346008E-04
1.85821186148884E-03
1.96251997645595E-03
3.34429957734538E-04
-1.64994499466733E-04
2.72015850499494E-04
1.0741830909891E-03
9.67771057833822E-04
4.12495565339751E-03
2.17347747025673E-03
3.47776836114939E-03
1.23854245991622E-03
3.09900746028319E-03
3.00555534822669E-03
4.6632985619584E-03
3.23641764599916E-03
-3.61438932161634E-04
4.7425374765738E-03
1.49124036256227E-02
3.59721642773285E-03
9.38519744872514E-04
0.012815851784684
-1.45338779689425E-03
2.81422672658448E-03
-4.06614614661424E-03
1.40194126582236E-02
5.42203684397888E-03
1.20290344416584E-02
2.53319975844976E-02
1.14233591380624E-02
1.94823075270573E-02
7.34522374398598E-03
1.46372631346719E-02
1.83988641588331E-02
-3.9892539908602E-03
2.75717544043449E-02
1.66601806758705E-02
2.61899805865086E-02
4.28462386757099E-02
-2.3513731477773E-03
3.40362322895116E-02
1.91455670957789E-02
-8.30877227564654E-03
4.14136355310827E-02
5.79963446565932E-02
4.40302224401026E-02
4.77991478807438E-02
6.82704383702756E-02
6.74605510638544E-02
1.70524689332103E-02
6.67933068112434E-02
7.29892875821516E-02
6.39323820501993E-02
-0.017307778958419
dMdH Data
-2.2781932030746E-06
6.30889060839481E-06
-3.23441674222068E-06
-2.75064519399025E-06
3.47505241799593E-06
-3.30631280846894E-06
4.13834854457791E-06
-2.53548103938351E-06
-4.97341667083159E-07
2.79981702062617E-06
-1.27766847389596E-06
4.28154285910688E-07
2.27519340933959E-06
7.36354843923081E-07
-2.28785713683536E-06
8.28237146143562E-07
2.04988750359481E-07
1.01132204163856E-06
-2.68655545098805E-07
5.72000095854658E-07
1.87898032311207E-06
-2.06874172750944E-07
2.34924695926343E-07
-3.84249079794226E-07
-7.98348343331549E-11
5.46095343312807E-07
1.06305565556749E-07
4.16139148663752E-07
9.88621784177765E-08
5.86564936839226E-07
5.84955806020252E-07
3.60574689134502E-07
4.03409714558267E-07
4.71285349139248E-07
4.7941446065667E-07
8.81340154956285E-08
6.45683343486876E-07
4.6221934520802E-07
2.92631281055911E-07
4.6071107110711E-07
2.4918039179222E-07
3.01895984450384E-07
2.90510221369714E-07
1.59547412726418E-07
5.96205529882038E-07
5.50369994029291E-07
1.9417666290091E-07
1.00048953161196E-07
3.49599115358053E-07
5.03680360146311E-07
3.24798746890772E-07
5.83793084678032E-07
3.08121106656277E-07
8.79783137109761E-08
3.49179293964449E-07
1.62421689315384E-07
5.00583226501428E-07
5.24289728691862E-07
1.14512658878209E-07
1.47176950721911E-07
5.80212476016353E-07
-1.38215279746436E-07
6.49036033686299E-07
1.79611188583053E-07
4.84352505539176E-07
2.32816617020851E-07
2.82070577353606E-07
5.75108700303931E-07
-1.4050970422271E-08
6.18969358986103E-07
3.03730788168837E-07
2.67124606018035E-07
2.97337799947599E-07
2.70358507648285E-07
3.60426224322275E-07
2.46890782460958E-07
2.35998510348279E-07
3.41605151391398E-07
2.24404187190775E-07
2.91632799052398E-07
2.97639792117271E-07
2.70668799469273E-07
2.33846205320694E-07
3.24694339183499E-07
2.59271609997988E-07
2.71749360665897E-07
3.3390999307572E-07
2.42202352715546E-07
2.61015718482727E-07
3.06697529292827E-07
2.44803012329048E-07
2.62375992767049E-07
2.76255295935994E-07
2.4508864424797E-07
2.87869838840607E-07
2.90675497960443E-07
2.36308846155245E-07
2.96602241894772E-07
2.20164175733287E-07
2.94717080376724E-07
2.69299094814053E-07
3.01714426228675E-07
2.11357759302914E-07
3.03825404610103E-07
2.64073819373947E-07
1.79328011177981E-07
2.57265796990703E-07
2.76326936093098E-07
3.65034211675646E-07
1.43790821292748E-07
1.74939034303318E-06
2.26274804504562E-07
2.66847177104695E-07
3.10728797127079E-07
2.38452598011084E-07
2.33490511203464E-07
2.8563041969855E-07
2.82034846750604E-07
2.17990202491531E-07
2.33044201296369E-07
2.72774789182905E-07
3.12419078470529E-07
2.03737418757694E-07
3.12165455340661E-07
3.33214933502803E-07
2.28212269175813E-07
2.27013167018207E-07
2.71031530208329E-07
2.44823340494452E-07
2.94931745243331E-07
2.77472765205199E-07
3.56930851290114E-07
2.45067414337197E-07
2.64607257577156E-07
2.84513341102084E-07
2.66056233404005E-07
1.95143290069893E-07
3.01982609808487E-07
2.84512908455022E-07
2.75246693184214E-07
2.74920539570949E-07
3.08549138301226E-07
2.9551297015022E-07
2.09810683021683E-07
3.75097270887968E-07
2.34194889277868E-07
3.37845124456808E-07
2.41086578052892E-07
3.72891144811778E-07
2.12268960750791E-07
3.27637091158298E-07
3.35520138512557E-07
5.59622964400994E-07
-5.18678258635037E-08
4.8497165982846E-07
-2.9658514805853E-08
6.84555057439506E-07
3.46842331773821E-07
2.60861062677855E-07
4.88882710084415E-07
-1.31936896317484E-07
1.06247706307186E-06
1.57329631436108E-07
3.33679748420629E-07
6.16544637688266E-07
3.32637764585957E-07
2.12100024924152E-07
-1.70829539287012E-08
4.1455263177644E-07
3.74138159556458E-07
4.93648516403645E-07
2.99733811535767E-07
7.690580447403E-07
1.10861998878995E-07
5.61166551660122E-07
-7.13368565355127E-08
8.23482068473041E-07
7.44039186171822E-07
1.08258269676819E-07
8.28507689339296E-07
-2.98835783250636E-07
4.88989502196803E-07
7.79080783131425E-07
6.83835141500367E-07
-6.70199474612365E-08
4.56615472344307E-07
8.52680141332447E-07
-1.67013590426299E-07
8.23601183369656E-07
9.48181353633578E-07
3.86475175534937E-07
2.38187425508899E-07
5.43394907424896E-08
1.16035831724686E-06
-2.32835987912646E-07
6.56350002579501E-07
6.28270676811922E-07
9.81215071526832E-07
9.02886252895012E-07
-1.00369180475707E-06
1.21873414837829E-06
-2.74222922199885E-07
-4.62636122417123E-08
1.60874784811316E-06
-4.22673718526427E-07
5.65844940798925E-07
7.10942383608527E-07
1.17248833058176E-07
5.08604945630866E-07
1.69059754516795E-07
1.18853093086366E-06
3.38641752698468E-08
-2.51689889882578E-07
1.08114941551966E-06
3.09664569947425E-07
2.94941007239874E-07
3.78066585062671E-07
5.97523774178688E-07
-1.42225483047211E-07
6.10749338759919E-07
6.24418241700336E-07
1.27138943256365E-07
3.44781639229894E-07
4.43356924930076E-07
1.65163341728903E-07
3.30315260999189E-07
3.66063331502716E-07
1.58787608711824E-07
4.55032473994898E-07
5.54182746872872E-07
2.82536941775656E-07
3.17110768173717E-07
3.1770527183304E-07
2.32343409071073E-07
3.20861385335675E-07
3.10928788248083E-07
3.10932602522128E-07
3.49003583890494E-07
2.21857213666741E-07
1.80899961164371E-07
3.26030578214841E-07
3.70563073620954E-07
2.72681651581991E-07
2.39950922796534E-07
2.47922714496256E-07
3.47739223401238E-07
3.3392944822093E-07
2.17559857033299E-07
3.07401489921408E-07
2.3513467808365E-07
2.69563620361715E-07
2.77607470164652E-07
2.46902180475081E-07
3.37186733209852E-07
2.74671137571237E-07
3.62557250006637E-07
2.06401369799742E-07
2.63358323239157E-07
2.80937037517947E-07
2.83434179201924E-07
2.74657894047562E-07
2.98428361376481E-07
2.50454343854707E-07
3.15247576335384E-07
1.93431485639221E-07
3.16787137011735E-07
2.87749269101542E-07
2.38931247702615E-07
2.90858885891498E-07
2.8119626046827E-07
-2.51211291341924E-08
3.0009319664492E-07
1.7548437443287E-07
2.70106933425317E-07
2.43257035347447E-07
2.79857894794197E-07
2.97535909675452E-07
2.08579095290781E-07
2.62675088502682E-07
2.52023182733763E-07
2.64534703047145E-07
2.96295959727772E-07
2.52355546248976E-07
2.66153384167156E-07
3.47626107796971E-07
2.04202792481394E-07
2.49877748833389E-07
2.75520214798368E-07
2.35029534079266E-07
3.12541724541667E-07
2.71978193780704E-07
2.42631990028116E-07
3.06524451968723E-07
1.91671414614565E-07
3.31769040750628E-07
2.35713155842102E-07
3.17951139984613E-07
2.20804651619449E-07
2.6578799920445E-07
3.09340134303155E-07
2.5223304154725E-07
3.20262173673697E-07
2.49964672688734E-07
2.71493612453969E-07
2.10538820516065E-07
3.48936969920169E-07
2.77026268538958E-07
3.05141509125246E-07
3.11162560680715E-07
3.47040621361144E-07
2.50014284379642E-07
8.08985788418266E-08
5.36856129573851E-07
9.0536486964506E-08
4.59939463491494E-07
2.25981898247945E-07
5.11065640507366E-07
1.45168181750917E-07
2.21354672680199E-07
5.73880613882422E-07
5.9458464949934E-08
3.05301680630554E-07
8.97028230409137E-07
1.98736851535263E-07
4.86301416811009E-07
4.60450214501019E-08
1.66558029980086E-07
7.20354140972204E-07
4.11038430825863E-07
2.04371804236669E-07
2.16668758422233E-07
5.25382753544681E-07
7.46794064734712E-07
3.84116168410986E-08
4.35503313712634E-07
1.71411515382203E-07
4.61584913661405E-07
9.35085187554679E-07
-1.21052563171986E-07
5.5173042067585E-07
3.07107973959214E-07
2.82096931349316E-07
3.75818212026655E-07
1.09308864925316E-07
5.72932906367709E-07
8.15823886222139E-07
-2.89915443285772E-07
6.09240419579355E-07
8.31695817155753E-07
6.59826683690489E-07
-3.17985903864118E-07
1.14468930252295E-06
-3.233434498915E-07
1.13127188923531E-06
1.47067634336016E-07
6.53865942878455E-08
7.66083909028193E-07
2.86179620290416E-07
4.79016963034535E-07
5.80417841212026E-07
2.51791318835988E-07
8.26481425004122E-07
4.82983101215967E-08
3.39937192620133E-07
6.50772185858622E-07
5.21406037404115E-08
4.58014540001256E-07
2.34337394136269E-07
5.94149389449013E-07
2.8720174447311E-07
2.07422858405411E-07
4.29072365702117E-07
4.11798778024278E-07
3.71116491282669E-07
1.92648397782578E-07
4.00554625912502E-07
2.31585951825504E-07
3.4540557180545E-07
4.94113871339602E-07
-6.48144481127968E-08
5.27768455975454E-07
3.32906947798707E-07
2.20673779368075E-07
2.47695366805616E-07
2.35485616715865E-07
4.06473626302036E-07
3.40348756309557E-07
1.69338926582065E-07
3.06517743428905E-07
3.83635331514325E-07
1.90160569036027E-07
2.97033892461817E-07
2.19983823595729E-07
2.81806664353918E-07
2.96522111314996E-07
2.53605447471097E-07
3.18337865348473E-07
3.48884702938974E-07
2.24713077609069E-07
2.75028993428884E-07
2.70512244664155E-07
2.48703854888477E-07
3.26273282167358E-07
2.29285821568312E-07
3.82464500309326E-07
2.1189649485031E-07
3.31844653061728E-07
2.19524748484946E-07
3.05968175887745E-07
2.39059232777801E-07
3.45617073693346E-07
2.55762767729228E-07
2.68678190712443E-07
2.04692356755338E-07
3.20505022645454E-07
1.8177276553012E-07
3.22711574503703E-07
2.7076644819442E-07
2.91044444767949E-07
2.93206124098168E-07
2.93206124098168E-07
dMdT Data
0
0
0
0
0
0
0
0
0
0
0
0
0
0
0
0
0
0
0
0
0
0
0
0
0
0
0
0
0
0
0
0
0
0
0
0
0
0
0
0
0
0
0
0
0
0
0
0
0
0
0
0
0
0
0
0
0
0
0
0
0
0
0
0
0
0
0
0
0
0
0
0
0
0
0
0
0
0
0
0
0
0
0
0
0
0
0
0
0
0
0
0
0
0
0
0
0
0
0
0
0
0
0
0
0
0
0
0
0
0
0
0
0
0
0
0
0
0
0
0
0
0
0
0
0
0
0
0
0
0
0
0
0
0
0
0
0
0
0
0
0
0
0
0
0
0
0
0
0
0
0
0
0
0
0
0
0
0
0
0
0
0
0
0
0
0
0
0
0
0
0
0
0
0
0
0
0
0
0
0
0
0
0
0
0
0
0
0
0
0
0
0
0
0
0
0
0
0
0
0
0
0
0
0
0
0
0
0
0
0
0
0
0
0
0
0
0
0
0
0
0
0
0
0
0
0
0
0
0
0
0
0
0
0
0
0
0
0
0
0
0
0
0
0
0
0
0
0
0
0
0
0
0
0
0
0
0
0
0
0
0
0
0
0
0
0
0
0
0
0
0
0
0
0
0
0
0
0
0
0
0
0
0
0
0
0
0
0
0
0
0
0
0
0
0
0
0
0
0
0
0
0
0
0
0
0
0
0
0
0
0
0
0
0
0
0
0
0
0
0
0
0
0
0
0
0
0
0
0
0
0
0
0
0
0
0
0
0
0
0
0
0
0
0
0
0
0
0
0
0
0
0
0
0
0
0
0
0
0
0
0
0
0
0
0
0
0
0
0
0
0
0
0
0
0
0
0
0
0
0
0
0
0
0
0
0
0
0
0
0
0
0
0
0
0
0
0
0
0
0
0
0
0
0
0
0
0
0
0
0
0
0
0
0
0
0
0
0
0
0
0
 
*********************************************** Results ***************************************
 
TotalArea 2.36714547710781
AreaFirstQuad 1.45287021559159
AreaSecondQuad 8.72719197078468E-02
AreaThirdQuad 0.827003341808364
AreaFourthQuad 0
Coercivity 207.370110127055
PositiveCoercivity -437.089616054452
NegativeCoercivity -851.829836308562
Retentivity 6.98646638363654E-05
PositiveRetentivity 3.07893347871861E-04
NegativeRetentivity 1.68164020199131E-04
Magnetization 0.0033829166
PositiveMagnetization 0.0036365293
NegativeMagnetization -0.0031293039
Flatness -2.57558690711908
Squareness 2.06521981169638E-02
SStar -1.12175291243595
SFD1 0.394286010293287
SFD2 0.332698613400596
Slope 0
Intercept 0
SlopeAtHc 1.58787608711824E-07
dH1 125.606976750979
dH2 68.9917481
InitialSlope -2.2781932030746E-06
FieldAtHalfMs 5048.5495494752
FieldAtMs 11859.924
MomentMean 4.57100035354869E-04
MomentRMS 1.4467345021285E-03
SFD3 2.53034502178254E-02
dH3 202.12293086879
UserField1 0
UserField2 0
CenterField 0
ExchangeField 0
ExchangeMoment 0
ExRegionOneIntercept 0
ExRegionOneSlope 0
ExRegionTwoIntercept 0
ExRegionTwoSlope 0
NegativeIntercept 0
NegativeSlope 0
AutoCenterOffset 0
PinningField 0
PinningMoment 0
PinRegionOneIntercept 0
PinRegionOneSlope 0
PinRegionTwoIntercept 0
PinRegionTwoSlope 0
PositiveIntercept 0
PositiveSlope 0
TotalOffset 0
BHMax 0
BCoercivity 0
BRetentivity 0
BNegativeCoercivity 0
BPositiveCoercivity 0
BNegativeRetentivity 0
BPositiveRetentivity 0
MomentYMean 2.70987657660095E-06
MomentYRMS 2.02280360087402E-06
YOffCorrection 0
Mrt 0
Ms1 0
Ms2 0
Ms3 0
Hc2 0
Hex2 0
HsatValue 0
HsatIntercept 0
HsatSlope 0
CenterH 0
Span .0067658332
SpanAsPercentOfRange -105.71614375
RMSAsPercentOfRange -22.6052265957578
SpanAsPercentOfMean 1480.16466346308
RMSAsPercentOfMean 316.502820002043
