Start Time:  11/10/2018 1:19:38 AM        Time Completed:  11/10/2018 2:31:50 AM    Elapsed Time:  01:12:12
Sample ID:     BFO630_AfterEstaSi_Recal600C_300K_91118_SETd15 

Experiment:    C:\IDEASVSM\Default UserID\Experiments\HysCoFe2O4_Completa\HysCoFe2O4_Completa.exp
Data File:     C:\IDEASVSM\Default UserID\BFO630_AfterEstaSi_Recal600C_300K_91118_SETd15  (ProfileData)\BFO630_AfterEstaSi_Recal600C_300K_91118_SETd15 #9.txt
Plot File:     C:\IDEASVSM\Default UserID\BFO630_AfterEstaSi_Recal600C_300K_91118_SETd15  (ProfileData)\BFO630_AfterEstaSi_Recal600C_300K_91118_SETd15 #9.oc2
VSM Exp File:  C:\IDEASVSM\Default UserID\Experiments\HysCoFe2O4_Completa\HysCoFe2O4_Completa.stp
VSM Data File: C:\IDEASVSM\Default UserID\BFO630_AfterEstaSi_Recal600C_300K_91118_SETd15  (ProfileData)\BFO630_AfterEstaSi_Recal600C_300K_91118_SETd15 #9.dat

***DATA***

Field(Oe)	 Moment(emu)	
-4.6447841 	-0.000058370661 	
-3.7275485 	-0.000057913905 	
-2.8120607 	-0.000064124074 	
-1.9038731 	-0.000067848016 	
-0.98817973 	-0.000064500733 	
-0.090700492 	-0.00006004314 	
 0.8211987 	-0.0000618432 	
 1.728465 	-0.000059923329 	
 2.6425343 	-0.000065409532 	
 3.5483577 	-0.000066520527 	
 4.4522224 	-0.000060745366 	
 7.1434082 	-0.000063313185 	
 11.897023 	-0.000061409435 	
 16.645279 	-0.000060907262 	
 21.405902 	-0.000061009694 	
 26.15273 	-0.000061073199 	
 30.897956 	-0.000055220823 	
 35.648979 	-0.000053250342 	
 40.393515 	-0.000046503305 	
 45.148503 	-0.0000503553 	
 49.873426 	-0.000049626538 	
 54.645823 	-0.000040501288 	
 59.39556 	-0.000042450715 	
 64.1315 	-0.00004060719 	
 68.893385 	-0.000039448604 	
 73.623866 	-0.000038408663 	
 78.384823 	-0.00003374372 	
 83.134062 	-0.000036090691 	
 87.917348 	-0.000033790959 	
 92.661046 	-0.000031261031 	
 97.391152 	-0.000021875555 	
 109.0277 	-0.000022047006 	
 128.99936 	-0.000025629053 	
 148.99985 	-0.000010258641 	
 169.00006 	-0.0000019997704 	
 189.00018 	 0.0000084190279 	
 209.00308 	 0.0000092308161 	
 229.00332 	 0.000019450209 	
 248.9883 	 0.000029571783 	
 268.99892 	 0.000033354334 	
 288.99186 	 0.000036916334 	
 308.99285 	 0.00004123403 	
 328.98701 	 0.00005423252 	
 348.96561 	 0.000062012262 	
 368.97314 	 0.000068770303 	
 388.96419 	 0.000072339921 	
 408.96453 	 0.000082831587 	
 428.96155 	 0.000092200714 	
 448.94505 	 0.000095173169 	
 469.07591 	 0.00010235213 	
 489.15227 	 0.00010400556 	
 510.9517 	 0.00011844154 	
 535.91137 	 0.00012102893 	
 561.14263 	 0.00013681013 	
 586.41013 	 0.00013951241 	
 611.42028 	 0.00015074664 	
 636.41689 	 0.00015420364 	
 661.41177 	 0.00016774021 	
 686.41487 	 0.00016971073 	
 711.41967 	 0.00018242115 	
 736.41063 	 0.00018866242 	
 761.41527 	 0.0001954622 	
 786.41417 	 0.00020155301 	
 811.41065 	 0.00021228 	
 836.41975 	 0.00021884643 	
 861.42081 	 0.00022683704 	
 886.42384 	 0.00023292534 	
 911.41924 	 0.00023598419 	
 936.42689 	 0.0002496492 	
 961.41668 	 0.0002555861 	
 986.42766 	 0.00026423713 	
 1128.664 	 0.0003111878 	
 1403.5898 	 0.00038630927 	
 1678.621 	 0.00045531418 	
 1953.6084 	 0.00053283978 	
 2228.6358 	 0.0006056318 	
 2503.6014 	 0.00067714627 	
 2778.6082 	 0.00077272914 	
 3053.5828 	 0.00084155684 	
 3328.5724 	 0.00090501791 	
 3603.5504 	 0.00096857083 	
 3878.5176 	 0.0010571581 	
 4153.4771 	 0.0011336984 	
 4428.4459 	 0.0011940835 	
 4703.4432 	 0.0012662543 	
 4978.4186 	 0.0013486348 	
 5253.3786 	 0.0014203781 	
 5528.351 	 0.0015074667 	
 5803.3329 	 0.0015936861 	
 6078.3102 	 0.0016486779 	
 6353.2714 	 0.0017274981 	
 6628.2469 	 0.0018070292 	
 6903.2246 	 0.0018761485 	
 7178.1944 	 0.0019358924 	
 7453.1569 	 0.0020153326 	
 7728.1239 	 0.0020855068 	
 8003.0634 	 0.0021731898 	
 8278.0278 	 0.0022319931 	
 8555.6606 	 0.0023135052 	
 8830.6292 	 0.0023846998 	
 9105.5692 	 0.0024650613 	
 9383.1964 	 0.0025340446 	
 9658.0647 	 0.0025860595 	
 9932.9475 	 0.0026785987 	
 10207.779 	 0.0027453684 	
 10482.628 	 0.0028204949 	
 10757.423 	 0.0028765342 	
 11032.254 	 0.0029399319 	
 11307.065 	 0.0030268748 	
 11581.827 	 0.0030989661 	
 11856.524 	 0.0031674872 	
 11859.459 	 0.0031755131 	
 11583.952 	 0.0031032458 	
 11308.446 	 0.0030397209 	
 11033.061 	 0.0029626946 	
 10757.72 	 0.002902151 	
 10482.441 	 0.0028321921 	
 10207.174 	 0.0027472473 	
 9931.9847 	 0.0026869255 	
 9656.7869 	 0.0025960974 	
 9381.6264 	 0.0025184388 	
 9106.5032 	 0.0024546629 	
 8831.4152 	 0.0023872813 	
 8556.3248 	 0.0023271164 	
 8281.2704 	 0.0022597046 	
 8006.2086 	 0.0021737607 	
 7731.1795 	 0.002107018 	
 7456.1423 	 0.0020443548 	
 7181.1103 	 0.0019706942 	
 6906.0741 	 0.001884523 	
 6631.0621 	 0.0018225709 	
 6356.0341 	 0.0017387722 	
 6080.9921 	 0.0016762548 	
 5805.9764 	 0.0015945545 	
 5530.9518 	 0.0015163046 	
 5254.4917 	 0.0014501205 	
 4978.1498 	 0.0013938906 	
 4703.1231 	 0.0013144569 	
 4428.1036 	 0.0012490564 	
 4153.0929 	 0.001159538 	
 3878.0322 	 0.00109145 	
 3603.0294 	 0.0010072848 	
 3328.0116 	 0.00092166817 	
 3050.9692 	 0.0008349196 	
 2775.2162 	 0.00079039886 	
 2500.2141 	 0.00070498946 	
 2225.1941 	 0.00062367941 	
 1950.2044 	 0.00056678439 	
 1675.1656 	 0.00049259054 	
 1400.1398 	 0.00035735904 	
 1125.4377 	 0.00031042549 	
 975.96833 	 0.00027977486 	
 925.98895 	 0.00027226001 	
 875.9835 	 0.00024362633 	
 825.98442 	 0.00022461793 	
 775.97912 	 0.00021657769 	
 725.99311 	 0.00018827475 	
 675.98855 	 0.00017107219 	
 625.98406 	 0.00017235274 	
 575.98148 	 0.00014804585 	
 525.9808 	 0.00013656627 	
 491.43003 	 0.00011879556 	
 471.46753 	 0.0001118856 	
 451.46836 	 0.0001023345 	
 431.36645 	 0.00010165142 	
 411.16755 	 0.000091035868 	
 391.0918 	 0.000089116394 	
 371.08963 	 0.000076611933 	
 351.09175 	 0.000082394879 	
 331.10321 	 0.000066002468 	
 311.10107 	 0.000067963783 	
 291.11558 	 0.000061060059 	
 271.11739 	 0.000046079825 	
 251.118 	 0.000047631982 	
 231.12648 	 0.000034249575 	
 211.13126 	 0.000018801536 	
 191.14035 	 0.000022747531 	
 171.13984 	 0.0000020263291 	
 151.14859 	 0.00000017448498 	
 131.15359 	-0.00000042777198 	
 111.14879 	-0.000010512073 	
 95.843657 	-0.000024248537 	
 85.857675 	-0.000034104311 	
 75.86882 	-0.000029383428 	
 65.873891 	-0.000029333428 	
 55.908714 	-0.000034463644 	
 45.873157 	-0.000046904471 	
 35.868856 	-0.000040256893 	
 25.85748 	-0.000044984662 	
 15.872422 	-0.000055080081 	
 5.8677517 	-0.000052526468 	
-4.1323555 	-0.000061341028 	
-14.127754 	-0.000066957237 	
-24.123647 	-0.000070692083 	
-34.127274 	-0.000071750394 	
-44.123517 	-0.000084538928 	
-54.123372 	-0.000086794845 	
-64.135063 	-0.000088071586 	
-74.123171 	-0.000095238419 	
-84.11763 	-0.000091614378 	
-94.121558 	-0.00010319645 	
-108.21085 	-0.00010253742 	
-128.37881 	-0.0001106192 	
-148.38089 	-0.00013146823 	
-168.3614 	-0.00013665644 	
-188.36808 	-0.00013171216 	
-208.36189 	-0.00013671297 	
-228.46191 	-0.00015281651 	
-248.5597 	-0.00016144797 	
-268.55468 	-0.00016790235 	
-288.55931 	-0.000182903 	
-308.54948 	-0.00019297654 	
-328.54759 	-0.00019324833 	
-348.54116 	-0.00019989574 	
-368.5395 	-0.00019369886 	
-388.518 	-0.00021260897 	
-408.5218 	-0.00021056351 	
-428.52745 	-0.00022357265 	
-448.5217 	-0.00022396281 	
-468.51355 	-0.00023695265 	
-488.51198 	-0.00023645965 	
-521.5496 	-0.0002478393 	
-571.69043 	-0.00027236558 	
-621.68712 	-0.0002955967 	
-671.6875 	-0.00030835916 	
-721.69425 	-0.00031652926 	
-771.69614 	-0.0003425028 	
-821.68119 	-0.00035819539 	
-871.68545 	-0.00035883079 	
-921.68816 	-0.00038305769 	
-971.68785 	-0.00039801532 	
-1129.1242 	-0.00042998933 	
-1404.0629 	-0.00050645474 	
-1679.0595 	-0.00058324402 	
-1954.0346 	-0.00068491606 	
-2229.0374 	-0.00075154173 	
-2504.0183 	-0.00086056913 	
-2778.9969 	-0.00094028711 	
-3053.9915 	-0.00099746341 	
-3328.9772 	-0.0010591911 	
-3603.9725 	-0.0011236651 	
-3878.9566 	-0.0012170712 	
-4153.9411 	-0.0012933966 	
-4428.9111 	-0.0013616782 	
-4705.1824 	-0.0014464694 	
-4981.6302 	-0.0015069765 	
-5256.608 	-0.0016091883 	
-5531.5583 	-0.0016749971 	
-5806.5358 	-0.0017548245 	
-6081.5164 	-0.0018064517 	
-6356.4862 	-0.001894224 	
-6631.4616 	-0.0019410645 	
-6906.4425 	-0.0020468554 	
-7181.4147 	-0.0021199929 	
-7456.3831 	-0.0021951413 	
-7731.3535 	-0.0022578231 	
-8006.3117 	-0.0023396264 	
-8281.2523 	-0.0024269798 	
-8556.1847 	-0.0024991027 	
-8831.1198 	-0.0025699959 	
-9106.0411 	-0.0026489445 	
-9380.9428 	-0.0027171759 	
-9655.8313 	-0.0027799528 	
-9930.6826 	-0.0028711567 	
-10205.535 	-0.0029550347 	
-10480.373 	-0.0030285772 	
-10755.18 	-0.0030809582 	
-11029.989 	-0.003155055 	
-11304.765 	-0.0032201517 	
-11579.532 	-0.0032961836 	
-11854.273 	-0.0033746464 	
-11877.803 	-0.003376954 	
-11602.805 	-0.0033330581 	
-11327.276 	-0.0032468768 	
-11051.874 	-0.003181069 	
-10776.565 	-0.0030947359 	
-10501.254 	-0.0030363736 	
-10226.004 	-0.0029635239 	
-9950.7831 	-0.0028860843 	
-9675.596 	-0.0028094345 	
-9400.4667 	-0.0027625452 	
-9125.3234 	-0.0026783339 	
-8850.2413 	-0.0026125832 	
-8575.1671 	-0.0025540528 	
-8300.0919 	-0.0024603733 	
-8025.0301 	-0.0023999321 	
-7750.0009 	-0.0023351182 	
-7474.9472 	-0.002267945 	
-7199.9094 	-0.0021908528 	
-6924.9002 	-0.0021057644 	
-6649.8692 	-0.0020473535 	
-6374.8213 	-0.0019667112 	
-6099.8125 	-0.0018742104 	
-5824.7989 	-0.00182223 	
-5549.7561 	-0.0017403181 	
-5274.746 	-0.0016685033 	
-4999.719 	-0.0015920138 	
-4724.6811 	-0.0015446918 	
-4449.6793 	-0.0014432959 	
-4174.6486 	-0.0013696948 	
-3899.6187 	-0.0013030598 	
-3624.6 	-0.001242099 	
-3349.5879 	-0.0011610093 	
-3074.5545 	-0.001095094 	
-2799.5338 	-0.0010029966 	
-2524.5253 	-0.00094347241 	
-2249.51 	-0.00089000983 	
-1974.5093 	-0.00078286286 	
-1699.5 	-0.00072485628 	
-1424.4807 	-0.00063956194 	
-1149.4852 	-0.00055066037 	
-983.48752 	-0.00050041029 	
-933.33916 	-0.00047526464 	
-883.33708 	-0.00046244099 	
-833.33166 	-0.00042803129 	
-783.32745 	-0.00043066292 	
-733.15377 	-0.00041246067 	
-682.846 	-0.00040433027 	
-632.82739 	-0.00037776469 	
-582.83915 	-0.00037409391 	
-532.46703 	-0.0003515969 	
-497.30755 	-0.00034903463 	
-477.34585 	-0.00033335334 	
-457.34483 	-0.00032837278 	
-437.35668 	-0.00032134457 	
-417.35667 	-0.00030941296 	
-397.36358 	-0.0003043464 	
-377.37257 	-0.00029364565 	
-357.37228 	-0.00029726309 	
-337.38087 	-0.00028484104 	
-317.3773 	-0.00027906854 	
-297.38558 	-0.00028093047 	
-277.39209 	-0.00027249061 	
-257.3997 	-0.00025211057 	
-237.41319 	-0.00026119815 	
-217.41141 	-0.00023195163 	
-197.41806 	-0.00023091785 	
-177.42554 	-0.00022000082 	
-157.43202 	-0.0002183874 	
-137.42543 	-0.00021148636 	
-117.43005 	-0.00021367736 	
-102.40576 	-0.00019740149 	
-92.424887 	-0.00019224826 	
-82.34033 	-0.00018797348 	
-72.334626 	-0.00018735544 	
-62.332926 	-0.00019189179 	
-52.339253 	-0.00018129734 	
-42.322409 	-0.00017072072 	
-32.242038 	-0.00016512332 	
-22.240091 	-0.00016728415 	
-12.251436 	-0.00015626727 	
-2.2358431 	-0.00016555543 	
 7.7535093 	-0.0001510356 	
 17.77091 	-0.0001458623 	
 27.773468 	-0.00014278901 	
 37.855991 	-0.000133326 	
 47.860962 	-0.00013477339 	
 57.841435 	-0.00012280171 	
 67.856136 	-0.00013514545 	
 77.857179 	-0.00012685973 	
 87.852483 	-0.00011734879 	
 110.8361 	-0.000099595609 	
 150.77241 	-0.00011034893 	
 190.75968 	-0.000079275007 	
 230.76956 	-0.000059083031 	
 270.76459 	-0.000047900125 	
 310.76271 	-0.000033125367 	
 350.76027 	-0.000016448077 	
 390.74678 	-0.000017122699 	
 430.75316 	 0.0000064376273 	
 470.74508 	 0.000008394527 	
 514.45001 	 0.000039752766 	
 564.39772 	 0.000048576187 	
 614.39684 	 0.000078966438 	
 664.38584 	 0.00010280424 	
 714.39847 	 0.0001083307 	
 764.39684 	 0.00011897592 	
 814.52095 	 0.00013452338 	
 864.88289 	 0.00015406981 	
 914.89267 	 0.00016200264 	
 964.89094 	 0.00019030945 	
 1115.9713 	 0.00020324254 	
 1390.6758 	 0.0003335634 	
 1665.6636 	 0.0003520137 	
 1940.6415 	 0.00046888249 	
 2215.6577 	 0.00052894641 	
 2490.6325 	 0.00065159167 	
 2765.609 	 0.00067934465 	
 3040.6119 	 0.00076268751 	
 3315.5718 	 0.00083418661 	
 3590.5646 	 0.00094203291 	
 3865.5587 	 0.0009994458 	
 4140.5218 	 0.0010398085 	
 4415.519 	 0.0011251636 	
 4690.4764 	 0.0012070263 	
 4965.4946 	 0.0012970247 	
 5240.4407 	 0.0013790345 	
 5515.441 	 0.0014416427 	
 5790.4069 	 0.0015180632 	
 6065.3945 	 0.0015993027 	
 6340.3587 	 0.0016540152 	
 6615.3331 	 0.0017573192 	
 6890.291 	 0.0018199518 	
 7165.2813 	 0.0018738809 	
 7440.2469 	 0.001970156 	
 7715.201 	 0.0020251292 	
 7990.1727 	 0.0020990345 	
 8265.1155 	 0.0022038674 	
 8540.0435 	 0.0022737216 	
 8814.9787 	 0.0023441015 	
 9089.9234 	 0.0023983002 	
 9364.8091 	 0.0024827771 	
 9639.6913 	 0.0025527556 	
 9914.5428 	 0.0026356718 	
 10189.388 	 0.0027149095 	
 10464.213 	 0.0027919501 	
 10739.035 	 0.0028397344 	
 11016.331 	 0.0029169935 	
 11291.376 	 0.0029842195 	
 11566.124 	 0.0030788691 	
 11842.526 	 0.0031461324 	

	
	
