Version 1.25
******************************************** Units *******************************************
System CGS
TemperatureUnit C
MomentUnit emu
AppliedFieldUnit Oe
 
******************************************** Setup ********************************************
 
Experiment CustomField
Minor False
Acquisition Continuous
EditedPoint No
MaxField 12000
FieldIncrement 114.285714285714
Points 421
MinField 0
RampRate 11.4285714285714
AverageTime 10
TimeInterval 0
TimeConstant 0.1
TimeConstantIndex 0
Sensitivity -0.0064
SensitivityIndex 5
SensitivityY -0.004
SensitivityIndexY 5
SaturationField 8000
ExperimentTime 4210
Use735Domains False
AutoRangeEnabled False
NumberOfVertices 20
VertexPts
0
10
30
50
70
110
150
160
180
200
220
230
270
310
320
340
360
370
380
420
VertexField
-5
5
100
500
1000
12000
1000
500
100
-100
-500
-1000
-12000
-1000
-500
-100
100
500
1000
12000
StartAngle 0
EndAngle 0
AngleIncrement 0
StartTemp 0
FinishTemp 0
TempIncrement 0
TempPoints 0
LengthofSetPointsArray 421
SetPointArray
-5
-4
-3
-2
-1
0
1
2
3
4
5
9.75
14.5
19.25
24
28.75
33.5
38.25
43
47.75
52.5
57.25
62
66.75
71.5
76.25
81
85.75
90.5
95.25
100
120
140
160
180
200
220
240
260
280
300
320
340
360
380
400
420
440
460
480
500
525
550
575
600
625
650
675
700
725
750
775
800
825
850
875
900
925
950
975
1000
1275
1550
1825
2100
2375
2650
2925
3200
3475
3750
4025
4300
4575
4850
5125
5400
5675
5950
6225
6500
6775
7050
7325
7600
7875
8150
8425
8700
8975
9250
9525
9800
10075
10350
10625
10900
11175
11450
11725
12000
11725
11450
11175
10900
10625
10350
10075
9800
9525
9250
8975
8700
8425
8150
7875
7600
7325
7050
6775
6500
6225
5950
5675
5400
5125
4850
4575
4300
4025
3750
3475
3200
2925
2650
2375
2100
1825
1550
1275
1000
950
900
850
800
750
700
650
600
550
500
480
460
440
420
400
380
360
340
320
300
280
260
240
220
200
180
160
140
120
100
90
80
70
60
50
40
30
20
10
0
-10
-20
-30
-40
-50
-60
-70
-80
-90
-100
-120
-140
-160
-180
-200
-220
-240
-260
-280
-300
-320
-340
-360
-380
-400
-420
-440
-460
-480
-500
-550
-600
-650
-700
-750
-800
-850
-900
-950
-1000
-1275
-1550
-1825
-2100
-2375
-2650
-2925
-3200
-3475
-3750
-4025
-4300
-4575
-4850
-5125
-5400
-5675
-5950
-6225
-6500
-6775
-7050
-7325
-7600
-7875
-8150
-8425
-8700
-8975
-9250
-9525
-9800
-10075
-10350
-10625
-10900
-11175
-11450
-11725
-12000
-11725
-11450
-11175
-10900
-10625
-10350
-10075
-9800
-9525
-9250
-8975
-8700
-8425
-8150
-7875
-7600
-7325
-7050
-6775
-6500
-6225
-5950
-5675
-5400
-5125
-4850
-4575
-4300
-4025
-3750
-3475
-3200
-2925
-2650
-2375
-2100
-1825
-1550
-1275
-1000
-950
-900
-850
-800
-750
-700
-650
-600
-550
-500
-480
-460
-440
-420
-400
-380
-360
-340
-320
-300
-280
-260
-240
-220
-200
-180
-160
-140
-120
-100
-90
-80
-70
-60
-50
-40
-30
-20
-10
0
10
20
30
40
50
60
70
80
90
100
140
180
220
260
300
340
380
420
460
500
550
600
650
700
750
800
850
900
950
1000
1275
1550
1825
2100
2375
2650
2925
3200
3475
3750
4025
4300
4575
4850
5125
5400
5675
5950
6225
6500
6775
7050
7325
7600
7875
8150
8425
8700
8975
9250
9525
9800
10075
10350
10625
10900
11175
11450
11725
12000
FieldDomainFile C:\IDEASVSM\Default UserID\Experiments\HysCoFe2O4_Completa\fdomain.ini
TempDomainFile C:\IDEASVSM\Default UserID\Experiments\HysCoFe2O4_Completa\tdomain.ini
NumSelectedResults 0
ResultsSelected 
UserName1 
UserValue1 
UserName2 
UserValue2 
LinearBackgroundCorrection Off
MaxLinearFieldCorrection 
MinLinearFieldCorrection 
AutoLinearCorrection Off
FitOneRegion Off
BackgroundMode Off
BackgroundFilename 
AutoCenter Off
OffsetCorrection 
SmoothDeriv Off
DerivOrder 0
DerivPoints 0
MinExFieldOne 
MaxExFieldOne 
MinExFieldTwo 
MaxExFieldTwo 
MinPinFieldOne 
MaxPinFieldOne 
MinPinFieldTwo 
MaxPinFieldTwo 
HCenterStart 
Mass 
Volume 
Density 
MolarWeight 
NumberOfMoles 
Demagnetization 
SampleArea 
Thickness 
MomentScaling 0
XAxis 0
YAxis 0
SimpleSpinValve False
HsatMax 0
HsatMin 0
FieldAutoRange False
 
*************************************************** Experiment Data ********************************************
 
DataPoints 421
MomentX Data
-0.000058370661
-0.000057913905
-0.000064124074
-0.000067848016
-0.000064500733
-0.00006004314
-0.0000618432
-0.000059923329
-0.000065409532
-0.000066520527
-0.000060745366
-0.000063313185
-0.000061409435
-0.000060907262
-0.000061009694
-0.000061073199
-0.000055220823
-0.000053250342
-0.000046503305
-0.0000503553
-0.000049626538
-0.000040501288
-0.000042450715
-0.00004060719
-0.000039448604
-0.000038408663
-0.00003374372
-0.000036090691
-0.000033790959
-0.000031261031
-0.000021875555
-0.000022047006
-0.000025629053
-0.000010258641
-0.0000019997704
0.0000084190279
0.0000092308161
0.000019450209
0.000029571783
0.000033354334
0.000036916334
0.00004123403
0.00005423252
0.000062012262
0.000068770303
0.000072339921
0.000082831587
0.000092200714
0.000095173169
0.00010235213
0.00010400556
0.00011844154
0.00012102893
0.00013681013
0.00013951241
0.00015074664
0.00015420364
0.00016774021
0.00016971073
0.00018242115
0.00018866242
0.0001954622
0.00020155301
0.00021228
0.00021884643
0.00022683704
0.00023292534
0.00023598419
0.0002496492
0.0002555861
0.00026423713
0.0003111878
0.00038630927
0.00045531418
0.00053283978
0.0006056318
0.00067714627
0.00077272914
0.00084155684
0.00090501791
0.00096857083
0.0010571581
0.0011336984
0.0011940835
0.0012662543
0.0013486348
0.0014203781
0.0015074667
0.0015936861
0.0016486779
0.0017274981
0.0018070292
0.0018761485
0.0019358924
0.0020153326
0.0020855068
0.0021731898
0.0022319931
0.0023135052
0.0023846998
0.0024650613
0.0025340446
0.0025860595
0.0026785987
0.0027453684
0.0028204949
0.0028765342
0.0029399319
0.0030268748
0.0030989661
0.0031674872
0.0031755131
0.0031032458
0.0030397209
0.0029626946
0.002902151
0.0028321921
0.0027472473
0.0026869255
0.0025960974
0.0025184388
0.0024546629
0.0023872813
0.0023271164
0.0022597046
0.0021737607
0.002107018
0.0020443548
0.0019706942
0.001884523
0.0018225709
0.0017387722
0.0016762548
0.0015945545
0.0015163046
0.0014501205
0.0013938906
0.0013144569
0.0012490564
0.001159538
0.00109145
0.0010072848
0.00092166817
0.0008349196
0.00079039886
0.00070498946
0.00062367941
0.00056678439
0.00049259054
0.00035735904
0.00031042549
0.00027977486
0.00027226001
0.00024362633
0.00022461793
0.00021657769
0.00018827475
0.00017107219
0.00017235274
0.00014804585
0.00013656627
0.00011879556
0.0001118856
0.0001023345
0.00010165142
0.000091035868
0.000089116394
0.000076611933
0.000082394879
0.000066002468
0.000067963783
0.000061060059
0.000046079825
0.000047631982
0.000034249575
0.000018801536
0.000022747531
0.0000020263291
0.00000017448498
-0.00000042777198
-0.000010512073
-0.000024248537
-0.000034104311
-0.000029383428
-0.000029333428
-0.000034463644
-0.000046904471
-0.000040256893
-0.000044984662
-0.000055080081
-0.000052526468
-0.000061341028
-0.000066957237
-0.000070692083
-0.000071750394
-0.000084538928
-0.000086794845
-0.000088071586
-0.000095238419
-0.000091614378
-0.00010319645
-0.00010253742
-0.0001106192
-0.00013146823
-0.00013665644
-0.00013171216
-0.00013671297
-0.00015281651
-0.00016144797
-0.00016790235
-0.000182903
-0.00019297654
-0.00019324833
-0.00019989574
-0.00019369886
-0.00021260897
-0.00021056351
-0.00022357265
-0.00022396281
-0.00023695265
-0.00023645965
-0.0002478393
-0.00027236558
-0.0002955967
-0.00030835916
-0.00031652926
-0.0003425028
-0.00035819539
-0.00035883079
-0.00038305769
-0.00039801532
-0.00042998933
-0.00050645474
-0.00058324402
-0.00068491606
-0.00075154173
-0.00086056913
-0.00094028711
-0.00099746341
-0.0010591911
-0.0011236651
-0.0012170712
-0.0012933966
-0.0013616782
-0.0014464694
-0.0015069765
-0.0016091883
-0.0016749971
-0.0017548245
-0.0018064517
-0.001894224
-0.0019410645
-0.0020468554
-0.0021199929
-0.0021951413
-0.0022578231
-0.0023396264
-0.0024269798
-0.0024991027
-0.0025699959
-0.0026489445
-0.0027171759
-0.0027799528
-0.0028711567
-0.0029550347
-0.0030285772
-0.0030809582
-0.003155055
-0.0032201517
-0.0032961836
-0.0033746464
-0.003376954
-0.0033330581
-0.0032468768
-0.003181069
-0.0030947359
-0.0030363736
-0.0029635239
-0.0028860843
-0.0028094345
-0.0027625452
-0.0026783339
-0.0026125832
-0.0025540528
-0.0024603733
-0.0023999321
-0.0023351182
-0.002267945
-0.0021908528
-0.0021057644
-0.0020473535
-0.0019667112
-0.0018742104
-0.00182223
-0.0017403181
-0.0016685033
-0.0015920138
-0.0015446918
-0.0014432959
-0.0013696948
-0.0013030598
-0.001242099
-0.0011610093
-0.001095094
-0.0010029966
-0.00094347241
-0.00089000983
-0.00078286286
-0.00072485628
-0.00063956194
-0.00055066037
-0.00050041029
-0.00047526464
-0.00046244099
-0.00042803129
-0.00043066292
-0.00041246067
-0.00040433027
-0.00037776469
-0.00037409391
-0.0003515969
-0.00034903463
-0.00033335334
-0.00032837278
-0.00032134457
-0.00030941296
-0.0003043464
-0.00029364565
-0.00029726309
-0.00028484104
-0.00027906854
-0.00028093047
-0.00027249061
-0.00025211057
-0.00026119815
-0.00023195163
-0.00023091785
-0.00022000082
-0.0002183874
-0.00021148636
-0.00021367736
-0.00019740149
-0.00019224826
-0.00018797348
-0.00018735544
-0.00019189179
-0.00018129734
-0.00017072072
-0.00016512332
-0.00016728415
-0.00015626727
-0.00016555543
-0.0001510356
-0.0001458623
-0.00014278901
-0.000133326
-0.00013477339
-0.00012280171
-0.00013514545
-0.00012685973
-0.00011734879
-0.000099595609
-0.00011034893
-0.000079275007
-0.000059083031
-0.000047900125
-0.000033125367
-0.000016448077
-0.000017122699
0.0000064376273
0.000008394527
0.000039752766
0.000048576187
0.000078966438
0.00010280424
0.0001083307
0.00011897592
0.00013452338
0.00015406981
0.00016200264
0.00019030945
0.00020324254
0.0003335634
0.0003520137
0.00046888249
0.00052894641
0.00065159167
0.00067934465
0.00076268751
0.00083418661
0.00094203291
0.0009994458
0.0010398085
0.0011251636
0.0012070263
0.0012970247
0.0013790345
0.0014416427
0.0015180632
0.0015993027
0.0016540152
0.0017573192
0.0018199518
0.0018738809
0.001970156
0.0020251292
0.0020990345
0.0022038674
0.0022737216
0.0023441015
0.0023983002
0.0024827771
0.0025527556
0.0026356718
0.0027149095
0.0027919501
0.0028397344
0.0029169935
0.0029842195
0.0030788691
0.0031461324
MomentY Data
0.000004377465
-0.00000044468397
0.0000031232594
0.0000010772991
0.00000039458268
0.0000012588882
0.0000027699564
-0.0000003843784
0.000004413905
0.0000027237271
0.0000026879834
0.0000044661472
0.0000037601565
0.0000040539978
0.0000060510442
0.00000636116
0.0000028911065
0.000003288803
0.0000041328953
0.0000054308221
0.0000026649092
0.0000044684647
0.0000011517
0.00000068577286
0.0000017882299
0.0000058097217
0.0000017395257
0.00000034096724
0.0000015515899
0.0000021166085
0.0000034927652
0.0000010298633
-0.00000049060337
0.0000037579726
0.0000017117547
0.0000039690254
0.0000050264595
0.0000036200236
0.0000055713127
0.000005517473
0.0000030022668
0.0000031457851
0.0000030446719
0.0000084645602
0.0000023450612
0.0000025708102
0.00000061625955
0.00000081865781
0.00000040980812
-0.00000039212702
0.0000039661024
0.0000024631308
-0.00000023401743
0.0000044346235
0.0000042653702
0.0000066280935
0.00000090953823
-0.00000021392343
0.0000031379699
0.0000091784854
0.0000046948002
0.0000059168766
0.0000017814683
0.0000013200283
0.0000048984525
0.0000051933286
0.00000013700481
0.0000047252033
0.0000019155788
-0.0000010827255
0.0000019067096
0.0000029833983
0.0000077774092
0.0000045565699
0.0000052061984
0.0000039475439
0.0000062635324
0.00000090300081
0.0000029406833
0.0000016502092
0.000003449354
0.0000044062708
0.000008452129
0.00000084175104
0.000001068449
0.0000037085436
0.0000039871786
0.0000026899718
0.00000048014641
0.0000020874165
0.0000032607125
-0.00000075724598
0.0000040037583
0.0000016147422
0.0000039024923
0.0000030616329
0.0000020242833
0.0000054563902
0.0000018337392
0.0000020342206
0.0000042921065
0.0000026442526
0.0000027417563
0.0000055473087
0.000004697399
-0.00000044883726
0.0000029745434
0.0000043395946
0.0000036397027
0.0000062149999
0.0000038049362
0.00000070004938
0.0000030880831
0.0000027545069
0.00000074084757
0.00000081899638
0.000000061430933
0.0000045095155
0.0000033609007
0.00000036056988
0.0000052961061
0.0000014839935
0.00000017040254
0.0000036147211
0.0000048181818
0.0000034823082
0.00000089597221
0.000001622157
0.0000010010814
0.0000033657835
0.0000022747945
0.0000020009516
0.00000054016587
0.0000020373582
0.0000013112354
0.0000028931664
0.000002184596
0.0000047796486
0.0000046612356
0.0000012440061
0.0000056506822
0.0000034469698
0.000001444621
-0.0000033790492
0.0000057654092
0.0000040736388
0.0000043236778
0.0000027983569
0.0000034112308
0.0000067759368
0.0000033404683
0.0000027315139
0.0000074323269
-0.0000020072745
0.0000022000884
0.0000064577482
-0.0000018113898
0.000006777086
0.000006023359
0.0000030168961
0.000003943033
0.0000013859463
0.0000031879948
0.0000050242232
0.0000053456018
0.000003639984
0.000003947892
0.0000019608878
0.000002375059
0.0000038117693
0.0000026334857
0.0000032071207
0.000005787072
0.0000045775888
-0.00000020453931
0.0000031791114
0.0000046567962
0.0000026683424
0.0000037239693
0.0000077804324
0.0000027600287
-0.0000011281251
0.0000041638849
0.0000017418478
0.000005800862
0.0000020113515
0.0000043014429
0.0000015796709
0.0000020334147
0.0000023348807
0.000003333659
0.000001688857
0.0000045794676
0.0000058491895
0.0000020061444
0.000002549362
0.0000053257272
0.0000041486261
0.0000019736909
-0.00000068780899
0.00000540853
0.0000056137797
0.0000018847322
0.0000041956041
0.0000043286227
0.0000011079883
0.0000021118878
0.000003675103
0.0000034469173
-0.00000068435192
0.0000066095588
0.0000046996878
-0.0000015651416
0.0000028770017
0.0000026097869
0.0000047525785
0.0000055277584
0.0000021825742
0.00000087322235
-0.00000030160907
0.0000031581686
0.0000011630296
0.0000037943838
0.0000033646296
0.000002036023
0.0000048365162
0.0000064598654
0.00000235188
0.0000061649224
0.0000041501855
0.0000017977904
0.0000032330416
0.000003579521
0.0000040519141
0.0000022947167
0.0000034904479
0.0000043367813
0.000003097453
0.0000065712115
0.0000009923982
0.0000026533221
-0.000000078706779
0.00000029183867
0.0000043777321
0.0000048163651
0.0000064980743
0.0000061522672
0.0000034514569
0.0000023938846
0.00000071843618
0.0000054186866
0.00000019845016
0.0000052921293
0.0000045302341
0.00000063556665
0.0000015862798
0.000001781969
0.0000050819442
0.000001800146
0.000002428832
0.0000033022116
0.0000036398791
0.0000027312612
0.0000025064324
0.0000043618439
0.0000035383747
0.0000019176626
0.0000035344122
0.0000034549092
0.0000036702345
-0.0000006876087
0.0000054736756
0.0000039908122
-0.0000018354462
0.0000035907458
-0.00000018862727
0.00000095488064
0.0000024833582
0.00000088571063
0.0000052421854
0.00000083065507
0.0000028299235
0.0000027698182
0.0000034396123
0.0000026310157
0.0000019765424
0.0000055963847
0.0000053531072
0.0000023469971
0.00000062098976
0.00000036825656
0.0000018908261
0.00000173779
0.00000083725448
0.0000020892428
0.0000030707215
0.0000023024081
0.0000036400412
0.00000294497
0.0000039308212
0.0000022114085
0.0000039019631
0.0000033071278
0.0000014115142
-0.0000013948392
0.0000035627793
0.00000070229051
0.00000068315978
-0.0000008382559
0.0000011025905
0.0000070182749
0.0000017985106
0.0000027915
0.000000045976575
0.0000045952127
0.0000033649205
0.000000080404304
0.0000066909645
0.0000004861784
0.0000011214256
0.000001490178
0.0000032176254
0.0000032545755
0.0000024986362
0.0000013033199
0.000001673107
-0.00000078293796
0.0000060088489
0.0000021375989
0.0000033208608
0.0000050402544
0.0000037340401
0.0000010286522
0.0000011024712
0.0000064089391
0.0000049774072
0.0000012143373
0.0000030980013
0.0000060929725
0.0000055640552
0.0000018065595
-0.0000019322728
0.0000047914121
0.0000054895543
0.0000035129116
0.000004079089
0.0000013232851
0.0000063250538
0.0000037587403
0.0000047782276
0.0000030856178
0.0000023523425
-0.00000093231675
0.0000012110042
0.0000014113664
0.0000040253542
0.0000028582763
0.0000032897996
0.0000032044123
0.000002489643
0.0000025253533
0.0000021524714
0.0000070308301
0.0000019698571
0.000007667565
0.0000036482237
0.0000022477912
0.0000037562464
0.0000045621346
0.0000017950105
0.0000046293065
0.000003120961
0.00000024589541
0.0000013828372
0.0000023102712
0.0000046980618
0.0000027559232
0.0000041545008
0.0000020256995
0.00000027178771
0.00000227746
0.0000050904033
-0.00000036224838
0.0000013986921
0.0000036463736
0.0000048566673
0.00000015539176
-0.00000020455359
0.0000017716932
0.00000076556194
0.000003816428
0.0000029701565
0.0000043628929
0.0000007266664
0.0000060752103
0.0000057263657
0.0000033843611
0.000002487297
0.0000025215578
0.000003328061
0.0000042634962
0.0000018623113
0.0000006659317
0.0000053057859
0.0000018409347
0.0000011550187
0.0000029783009
0.0000022399234
0.0000028648328
0.0000015029525
0.0000061314389
0.0000017430496
0.000002859435
0.0000026608418
0.0000022490834
0.00000011897089
0.0000039570664
0.0000019522237
0.0000016191053
0.00000021073341
0.0000016370248
Field Data
-4.6447841
-3.7275485
-2.8120607
-1.9038731
-0.98817973
-0.090700492
0.8211987
1.728465
2.6425343
3.5483577
4.4522224
7.1434082
11.897023
16.645279
21.405902
26.15273
30.897956
35.648979
40.393515
45.148503
49.873426
54.645823
59.39556
64.1315
68.893385
73.623866
78.384823
83.134062
87.917348
92.661046
97.391152
109.0277
128.99936
148.99985
169.00006
189.00018
209.00308
229.00332
248.9883
268.99892
288.99186
308.99285
328.98701
348.96561
368.97314
388.96419
408.96453
428.96155
448.94505
469.07591
489.15227
510.9517
535.91137
561.14263
586.41013
611.42028
636.41689
661.41177
686.41487
711.41967
736.41063
761.41527
786.41417
811.41065
836.41975
861.42081
886.42384
911.41924
936.42689
961.41668
986.42766
1128.664
1403.5898
1678.621
1953.6084
2228.6358
2503.6014
2778.6082
3053.5828
3328.5724
3603.5504
3878.5176
4153.4771
4428.4459
4703.4432
4978.4186
5253.3786
5528.351
5803.3329
6078.3102
6353.2714
6628.2469
6903.2246
7178.1944
7453.1569
7728.1239
8003.0634
8278.0278
8555.6606
8830.6292
9105.5692
9383.1964
9658.0647
9932.9475
10207.779
10482.628
10757.423
11032.254
11307.065
11581.827
11856.524
11859.459
11583.952
11308.446
11033.061
10757.72
10482.441
10207.174
9931.9847
9656.7869
9381.6264
9106.5032
8831.4152
8556.3248
8281.2704
8006.2086
7731.1795
7456.1423
7181.1103
6906.0741
6631.0621
6356.0341
6080.9921
5805.9764
5530.9518
5254.4917
4978.1498
4703.1231
4428.1036
4153.0929
3878.0322
3603.0294
3328.0116
3050.9692
2775.2162
2500.2141
2225.1941
1950.2044
1675.1656
1400.1398
1125.4377
975.96833
925.98895
875.9835
825.98442
775.97912
725.99311
675.98855
625.98406
575.98148
525.9808
491.43003
471.46753
451.46836
431.36645
411.16755
391.0918
371.08963
351.09175
331.10321
311.10107
291.11558
271.11739
251.118
231.12648
211.13126
191.14035
171.13984
151.14859
131.15359
111.14879
95.843657
85.857675
75.86882
65.873891
55.908714
45.873157
35.868856
25.85748
15.872422
5.8677517
-4.1323555
-14.127754
-24.123647
-34.127274
-44.123517
-54.123372
-64.135063
-74.123171
-84.11763
-94.121558
-108.21085
-128.37881
-148.38089
-168.3614
-188.36808
-208.36189
-228.46191
-248.5597
-268.55468
-288.55931
-308.54948
-328.54759
-348.54116
-368.5395
-388.518
-408.5218
-428.52745
-448.5217
-468.51355
-488.51198
-521.5496
-571.69043
-621.68712
-671.6875
-721.69425
-771.69614
-821.68119
-871.68545
-921.68816
-971.68785
-1129.1242
-1404.0629
-1679.0595
-1954.0346
-2229.0374
-2504.0183
-2778.9969
-3053.9915
-3328.9772
-3603.9725
-3878.9566
-4153.9411
-4428.9111
-4705.1824
-4981.6302
-5256.608
-5531.5583
-5806.5358
-6081.5164
-6356.4862
-6631.4616
-6906.4425
-7181.4147
-7456.3831
-7731.3535
-8006.3117
-8281.2523
-8556.1847
-8831.1198
-9106.0411
-9380.9428
-9655.8313
-9930.6826
-10205.535
-10480.373
-10755.18
-11029.989
-11304.765
-11579.532
-11854.273
-11877.803
-11602.805
-11327.276
-11051.874
-10776.565
-10501.254
-10226.004
-9950.7831
-9675.596
-9400.4667
-9125.3234
-8850.2413
-8575.1671
-8300.0919
-8025.0301
-7750.0009
-7474.9472
-7199.9094
-6924.9002
-6649.8692
-6374.8213
-6099.8125
-5824.7989
-5549.7561
-5274.746
-4999.719
-4724.6811
-4449.6793
-4174.6486
-3899.6187
-3624.6
-3349.5879
-3074.5545
-2799.5338
-2524.5253
-2249.51
-1974.5093
-1699.5
-1424.4807
-1149.4852
-983.48752
-933.33916
-883.33708
-833.33166
-783.32745
-733.15377
-682.846
-632.82739
-582.83915
-532.46703
-497.30755
-477.34585
-457.34483
-437.35668
-417.35667
-397.36358
-377.37257
-357.37228
-337.38087
-317.3773
-297.38558
-277.39209
-257.3997
-237.41319
-217.41141
-197.41806
-177.42554
-157.43202
-137.42543
-117.43005
-102.40576
-92.424887
-82.34033
-72.334626
-62.332926
-52.339253
-42.322409
-32.242038
-22.240091
-12.251436
-2.2358431
7.7535093
17.77091
27.773468
37.855991
47.860962
57.841435
67.856136
77.857179
87.852483
110.8361
150.77241
190.75968
230.76956
270.76459
310.76271
350.76027
390.74678
430.75316
470.74508
514.45001
564.39772
614.39684
664.38584
714.39847
764.39684
814.52095
864.88289
914.89267
964.89094
1115.9713
1390.6758
1665.6636
1940.6415
2215.6577
2490.6325
2765.609
3040.6119
3315.5718
3590.5646
3865.5587
4140.5218
4415.519
4690.4764
4965.4946
5240.4407
5515.441
5790.4069
6065.3945
6340.3587
6615.3331
6890.291
7165.2813
7440.2469
7715.201
7990.1727
8265.1155
8540.0435
8814.9787
9089.9234
9364.8091
9639.6913
9914.5428
10189.388
10464.213
10739.035
11016.331
11291.376
11566.124
11842.526
Time Data
0
10
20
30
40
50
60
70
80
90
100
110
120
130
140
150
160
170
180
190
200
210
220
230
240
250
260
270
280
290
300
310
320
330
340
350
360
370
380
390
400
410
420
430
440
450
460
470
480
490
500
510
520
530
540
550
560
570
580
590
600
610
620
630
640
650
660
670
680
690
700
710
720
730
740
750
760
770
780
790
800
810
820
830
840
850
860
870
880
890
900
910
920
930
940
950
960
970
980
990
1000
1010
1020
1030
1040
1050
1060
1070
1080
1090
1100
1110
1120
1130
1140
1150
1160
1170
1180
1190
1200
1210
1220
1230
1240
1250
1260
1270
1280
1290
1300
1310
1320
1330
1340
1350
1360
1370
1380
1390
1400
1410
1420
1430
1440
1450
1460
1470
1480
1490
1500
1510
1520
1530
1540
1550
1560
1570
1580
1590
1600
1610
1620
1630
1640
1650
1660
1670
1680
1690
1700
1710
1720
1730
1740
1750
1760
1770
1780
1790
1800
1810
1820
1830
1840
1850
1860
1870
1880
1890
1900
1910
1920
1930
1940
1950
1960
1970
1980
1990
2000
2010
2020
2030
2040
2050
2060
2070
2080
2090
2100
2110
2120
2130
2140
2150
2160
2170
2180
2190
2200
2210
2220
2230
2240
2250
2260
2270
2280
2290
2300
2310
2320
2330
2340
2350
2360
2370
2380
2390
2400
2410
2420
2430
2440
2450
2460
2470
2480
2490
2500
2510
2520
2530
2540
2550
2560
2570
2580
2590
2600
2610
2620
2630
2640
2650
2660
2670
2680
2690
2700
2710
2720
2730
2740
2750
2760
2770
2780
2790
2800
2810
2820
2830
2840
2850
2860
2870
2880
2890
2900
2910
2920
2930
2940
2950
2960
2970
2980
2990
3000
3010
3020
3030
3040
3050
3060
3070
3080
3090
3100
3110
3120
3130
3140
3150
3160
3170
3180
3190
3200
3210
3220
3230
3240
3250
3260
3270
3280
3290
3300
3310
3320
3330
3340
3350
3360
3370
3380
3390
3400
3410
3420
3430
3440
3450
3460
3470
3480
3490
3500
3510
3520
3530
3540
3550
3560
3570
3580
3590
3600
3610
3620
3630
3640
3650
3660
3670
3680
3690
3700
3710
3720
3730
3740
3750
3760
3770
3780
3790
3800
3810
3820
3830
3840
3850
3860
3870
3880
3890
3900
3910
3920
3930
3940
3950
3960
3970
3980
3990
4000
4010
4020
4030
4040
4050
4060
4070
4080
4090
4100
4110
4120
4130
4140
4150
4160
4170
4180
4190
4200
Temperature Data
0
0
0
0
0
0
0
0
0
0
0
0
0
0
0
0
0
0
0
0
0
0
0
0
0
0
0
0
0
0
0
0
0
0
0
0
0
0
0
0
0
0
0
0
0
0
0
0
0
0
0
0
0
0
0
0
0
0
0
0
0
0
0
0
0
0
0
0
0
0
0
0
0
0
0
0
0
0
0
0
0
0
0
0
0
0
0
0
0
0
0
0
0
0
0
0
0
0
0
0
0
0
0
0
0
0
0
0
0
0
0
0
0
0
0
0
0
0
0
0
0
0
0
0
0
0
0
0
0
0
0
0
0
0
0
0
0
0
0
0
0
0
0
0
0
0
0
0
0
0
0
0
0
0
0
0
0
0
0
0
0
0
0
0
0
0
0
0
0
0
0
0
0
0
0
0
0
0
0
0
0
0
0
0
0
0
0
0
0
0
0
0
0
0
0
0
0
0
0
0
0
0
0
0
0
0
0
0
0
0
0
0
0
0
0
0
0
0
0
0
0
0
0
0
0
0
0
0
0
0
0
0
0
0
0
0
0
0
0
0
0
0
0
0
0
0
0
0
0
0
0
0
0
0
0
0
0
0
0
0
0
0
0
0
0
0
0
0
0
0
0
0
0
0
0
0
0
0
0
0
0
0
0
0
0
0
0
0
0
0
0
0
0
0
0
0
0
0
0
0
0
0
0
0
0
0
0
0
0
0
0
0
0
0
0
0
0
0
0
0
0
0
0
0
0
0
0
0
0
0
0
0
0
0
0
0
0
0
0
0
0
0
0
0
0
0
0
0
0
0
0
0
0
0
0
0
0
0
0
0
0
0
0
0
0
0
0
0
0
0
0
0
0
0
0
0
0
0
0
0
0
0
0
0
0
0
0
0
0
0
0
0
0
0
0
0
0
0
0
0
0
0
0
0
0
0
0
0
0
0
0
0
0
0
0
0
0
0
0
0
0
Angle Data
0
0
0
0
0
0
0
0
0
0
0
0
0
0
0
0
0
0
0
0
0
0
0
0
0
0
0
0
0
0
0
0
0
0
0
0
0
0
0
0
0
0
0
0
0
0
0
0
0
0
0
0
0
0
0
0
0
0
0
0
0
0
0
0
0
0
0
0
0
0
0
0
0
0
0
0
0
0
0
0
0
0
0
0
0
0
0
0
0
0
0
0
0
0
0
0
0
0
0
0
0
0
0
0
0
0
0
0
0
0
0
0
0
0
0
0
0
0
0
0
0
0
0
0
0
0
0
0
0
0
0
0
0
0
0
0
0
0
0
0
0
0
0
0
0
0
0
0
0
0
0
0
0
0
0
0
0
0
0
0
0
0
0
0
0
0
0
0
0
0
0
0
0
0
0
0
0
0
0
0
0
0
0
0
0
0
0
0
0
0
0
0
0
0
0
0
0
0
0
0
0
0
0
0
0
0
0
0
0
0
0
0
0
0
0
0
0
0
0
0
0
0
0
0
0
0
0
0
0
0
0
0
0
0
0
0
0
0
0
0
0
0
0
0
0
0
0
0
0
0
0
0
0
0
0
0
0
0
0
0
0
0
0
0
0
0
0
0
0
0
0
0
0
0
0
0
0
0
0
0
0
0
0
0
0
0
0
0
0
0
0
0
0
0
0
0
0
0
0
0
0
0
0
0
0
0
0
0
0
0
0
0
0
0
0
0
0
0
0
0
0
0
0
0
0
0
0
0
0
0
0
0
0
0
0
0
0
0
0
0
0
0
0
0
0
0
0
0
0
0
0
0
0
0
0
0
0
0
0
0
0
0
0
0
0
0
0
0
0
0
0
0
0
0
0
0
0
0
0
0
0
0
0
0
0
0
0
0
0
0
0
0
0
0
0
0
0
0
0
0
0
0
0
0
0
0
0
0
0
0
0
0
0
0
0
0
0
0
0
0
0
Bx Data
0
0
0
0
0
0
0
0
0
0
0
0
0
0
0
0
0
0
0
0
0
0
0
0
0
0
0
0
0
0
0
0
0
0
0
0
0
0
0
0
0
0
0
0
0
0
0
0
0
0
0
0
0
0
0
0
0
0
0
0
0
0
0
0
0
0
0
0
0
0
0
0
0
0
0
0
0
0
0
0
0
0
0
0
0
0
0
0
0
0
0
0
0
0
0
0
0
0
0
0
0
0
0
0
0
0
0
0
0
0
0
0
0
0
0
0
0
0
0
0
0
0
0
0
0
0
0
0
0
0
0
0
0
0
0
0
0
0
0
0
0
0
0
0
0
0
0
0
0
0
0
0
0
0
0
0
0
0
0
0
0
0
0
0
0
0
0
0
0
0
0
0
0
0
0
0
0
0
0
0
0
0
0
0
0
0
0
0
0
0
0
0
0
0
0
0
0
0
0
0
0
0
0
0
0
0
0
0
0
0
0
0
0
0
0
0
0
0
0
0
0
0
0
0
0
0
0
0
0
0
0
0
0
0
0
0
0
0
0
0
0
0
0
0
0
0
0
0
0
0
0
0
0
0
0
0
0
0
0
0
0
0
0
0
0
0
0
0
0
0
0
0
0
0
0
0
0
0
0
0
0
0
0
0
0
0
0
0
0
0
0
0
0
0
0
0
0
0
0
0
0
0
0
0
0
0
0
0
0
0
0
0
0
0
0
0
0
0
0
0
0
0
0
0
0
0
0
0
0
0
0
0
0
0
0
0
0
0
0
0
0
0
0
0
0
0
0
0
0
0
0
0
0
0
0
0
0
0
0
0
0
0
0
0
0
0
0
0
0
0
0
0
0
0
0
0
0
0
0
0
0
0
0
0
0
0
0
0
0
0
0
0
0
0
0
0
0
0
0
0
0
0
0
0
0
0
0
0
0
0
0
0
0
0
0
0
0
0
0
0
0
Hint Data
0
0
0
0
0
0
0
0
0
0
0
0
0
0
0
0
0
0
0
0
0
0
0
0
0
0
0
0
0
0
0
0
0
0
0
0
0
0
0
0
0
0
0
0
0
0
0
0
0
0
0
0
0
0
0
0
0
0
0
0
0
0
0
0
0
0
0
0
0
0
0
0
0
0
0
0
0
0
0
0
0
0
0
0
0
0
0
0
0
0
0
0
0
0
0
0
0
0
0
0
0
0
0
0
0
0
0
0
0
0
0
0
0
0
0
0
0
0
0
0
0
0
0
0
0
0
0
0
0
0
0
0
0
0
0
0
0
0
0
0
0
0
0
0
0
0
0
0
0
0
0
0
0
0
0
0
0
0
0
0
0
0
0
0
0
0
0
0
0
0
0
0
0
0
0
0
0
0
0
0
0
0
0
0
0
0
0
0
0
0
0
0
0
0
0
0
0
0
0
0
0
0
0
0
0
0
0
0
0
0
0
0
0
0
0
0
0
0
0
0
0
0
0
0
0
0
0
0
0
0
0
0
0
0
0
0
0
0
0
0
0
0
0
0
0
0
0
0
0
0
0
0
0
0
0
0
0
0
0
0
0
0
0
0
0
0
0
0
0
0
0
0
0
0
0
0
0
0
0
0
0
0
0
0
0
0
0
0
0
0
0
0
0
0
0
0
0
0
0
0
0
0
0
0
0
0
0
0
0
0
0
0
0
0
0
0
0
0
0
0
0
0
0
0
0
0
0
0
0
0
0
0
0
0
0
0
0
0
0
0
0
0
0
0
0
0
0
0
0
0
0
0
0
0
0
0
0
0
0
0
0
0
0
0
0
0
0
0
0
0
0
0
0
0
0
0
0
0
0
0
0
0
0
0
0
0
0
0
0
0
0
0
0
0
0
0
0
0
0
0
0
0
0
0
0
0
0
0
0
0
0
0
0
0
0
0
0
0
0
0
0
Torque Data
-2.03323798303065E-05
1.65758106534755E-06
-8.78279501464558E-06
-2.05104077714421E-06
-3.89918606185076E-07
-1.14181779112994E-07
2.27468459473668E-06
-6.64384611156E-07
1.16638953594415E-05
9.66475802798367E-06
1.19674999043082E-05
3.1903512530887E-05
4.47346683640995E-05
6.74799244463862E-05
1.29528059142868E-04
1.663616999668E-04
8.9329281428314E-05
1.17242469082137E-04
1.6694216829398E-04
2.45193487874316E-04
1.32908151782919E-04
2.44182931077948E-04
0.000068405866452
4.397964217109E-05
1.23197210969211E-04
4.27734171938092E-04
1.36352414098451E-04
2.83459916701289E-05
1.36411669191585E-04
1.96127157582491E-04
3.4016442649351E-04
1.1228362691341E-04
-6.32875207438432E-05
5.5993735370411E-04
2.89286647005282E-04
7.50146515024572E-04
1.05054551699526E-03
8.28997422878352E-04
1.38719167794141E-03
1.48419427812916E-03
8.67630666748248E-04
9.72025103536535E-04
1.00165750481202E-03
2.95384041357472E-03
8.65264594456168E-04
9.99953107086738E-04
2.52028297223762E-04
3.51172723097206E-04
1.83981326923806E-04
-1.83937338742088E-04
1.94002799201245E-03
1.25854086958236E-03
-1.25412601515179E-04
2.48845629384981E-03
2.50125629348013E-03
4.05255078363618E-03
5.78845491672705E-04
-1.41491474480771E-04
2.15394920097241E-03
6.52975505436782E-03
3.45730077300613E-03
4.50520019394568E-03
1.40097191452581E-03
1.0710850209214E-03
4.09716241543687E-03
4.47364132920817E-03
1.2144432977867E-04
4.30664120053149E-03
1.79379949823393E-03
-1.04095035556134E-03
1.88083108902754E-03
3.3672542588712E-03
1.09162922235462E-02
7.6487539221079E-03
1.01708729263066E-02
8.79763765761162E-03
1.56813884855854E-02
2.50908545527264E-03
8.97961994512724E-03
5.49284079734608E-03
1.24299209864416E-02
1.70897988481661E-02
3.51057242477459E-02
3.72764894190874E-03
5.0253891835968E-03
0.018462682437151
0.020946158731618
1.48711082905018E-02
2.78644945796989E-03
1.26879650035983E-02
2.07161914698725E-02
-5.01921331947246E-03
2.76388427890142E-02
1.15909334174837E-02
2.90858874129419E-02
2.36606783875163E-02
1.62004675894612E-02
4.51681497632476E-02
1.56888502241155E-02
1.79634478296015E-02
3.90820727495198E-02
2.48115414770106E-02
2.64800597370326E-02
5.51011260833933E-02
0.047950010866821
-4.70499402911928E-03
3.19984215856582E-02
4.78755098842284E-02
4.11543550095755E-02
7.19810536468173E-02
4.51133173737688E-02
8.30220692008542E-03
3.57722064024112E-02
3.11491925352774E-02
8.17381643151177E-03
8.8105337370536E-03
6.43946130747453E-04
0.046029409364197
3.33804143306193E-02
3.48194649371857E-03
0.049686088804961
1.35139915565292E-02
1.50489558187461E-03
3.09287277930133E-02
3.99006663221587E-02
2.78800858586905E-02
6.9269219825217E-03
1.20950334249411E-02
7.18887595267842E-03
2.32443502555574E-02
1.50843035942385E-02
1.27181166020496E-02
3.28474438815963E-03
1.18288536275465E-02
7.25237979585372E-03
1.52021188355189E-02
1.08752461404808E-02
2.24792757405427E-02
2.06404341408082E-02
5.16647290146669E-03
2.19135275235668E-02
1.24195335303121E-02
4.8077154456036E-03
-1.03093750344846E-02
0.016000257011469
1.01849691660671E-02
9.62102233086098E-03
5.45736793915036E-03
5.71437648982048E-03
9.48725879596464E-03
3.75948896047491E-03
2.66587105935479E-03
6.88225258218775E-03
-1.75833934197075E-03
1.81723874102273E-03
5.01107776541758E-03
-1.31505651432428E-03
4.5812325383653E-03
3.77052672165754E-03
1.73767628068423E-03
2.0739596517664E-03
6.81095631787389E-04
1.50303603400884E-03
2.26827780837795E-03
2.30591327157961E-03
1.4966433033192E-03
1.5439881884856E-03
7.27665128173514E-04
8.3386362066325E-04
1.26208905100945E-03
8.19280219099699E-04
9.33642802710506E-04
1.56897585638208E-03
1.1495149442784E-03
-4.72744507419288E-05
6.71209795562364E-04
8.9010165554667E-04
4.56659691401216E-04
5.62872708898287E-04
1.02043164101232E-03
3.06773850370273E-04
-1.08123635137491E-04
3.57501476481608E-04
1.32151937205596E-04
3.82125351094042E-04
1.12452075766971E-04
1.97320765478235E-04
5.66609880394904E-05
5.2578979936956E-05
3.70602117900554E-05
1.95610832644703E-05
-6.9789575126635E-06
-6.46975917037704E-05
-1.41103782734106E-04
-6.84642396223656E-05
-1.12486817546154E-04
-2.88246314416118E-04
-2.66072396286944E-04
-1.46296228081844E-04
5.78568621314937E-05
-5.0905927008974E-04
-6.07471873049745E-04
-2.41959677004682E-04
-6.22547470445649E-04
-7.2877297784378E-04
-2.08709628733464E-04
-4.40036933475942E-04
-8.3962105082673E-04
-8.5676473001281E-04
1.83785910882986E-04
-1.90724972673243E-03
-1.45008622685234E-03
5.14223500688744E-04
-1.00275350983997E-03
-9.6180955923255E-04
-0.001846462293663
-2.25820981153312E-03
-9.3529295636179E-04
-3.91659172899995E-04
1.41307936097898E-04
-1.54280319595983E-03
-6.0657762266816E-04
-2.16921290620703E-03
-2.09174688589075E-03
-1.3675711988125E-03
-3.49048593157185E-03
-4.98505319409956E-03
-1.9324955571372E-03
-5.37387315645908E-03
-3.82517683715368E-03
-1.74689108852664E-03
-3.65050551016672E-03
-5.0258726358709E-03
-6.80340486278895E-03
-4.48395582899782E-03
-7.78033891185146E-03
-1.08593797382978E-02
-8.6078122848957E-03
-2.00684240657023E-02
-3.30367098112104E-03
-9.56249988204225E-03
3.05300179866791E-04
-1.21228064588234E-03
-1.93885862905163E-02
-2.26618763004942E-02
-3.23710031747239E-02
-3.23400569816576E-02
-1.90919350622873E-02
-1.39001766309687E-02
-4.36918141102335E-03
-3.44438065950249E-02
-1.31601461555386E-03
-3.65497867130153E-02
-3.25334897601813E-02
-4.73902842798362E-03
-1.22640898837093E-02
-1.42669992537373E-02
-4.20848620947217E-02
-1.54023816629662E-02
-2.14493063660736E-02
-3.00700745504968E-02
-3.41454976360155E-02
-2.63725973834356E-02
-2.48905846227562E-02
-4.45149505859865E-02
-3.70834866697631E-02
-0.020624806442268
-3.89845276874658E-02
-0.039056936602338
-0.042499597840254
8.1511012469751E-03
-6.50152404627068E-02
-0.046304615748221
2.07906056905512E-02
-3.96844701476292E-02
2.03275403592755E-03
-1.00274441403226E-02
-2.53948308866328E-02
-8.81351436849435E-03
-5.07212680874984E-02
-7.80854532472117E-03
-2.58239671347599E-02
-2.45135594271317E-02
-2.94952502317153E-02
-2.18376721003428E-02
-1.58618122539262E-02
-4.33719864617462E-02
-4.00141936759398E-02
-1.68981664820627E-02
-4.30029211322195E-03
-2.44885795604195E-03
-1.20536784968759E-02
-0.010600193164375
-4.87683897412407E-03
-1.15947879736811E-02
-0.016197275949239
-1.15113935233239E-02
-1.71980338608613E-02
-0.013104172048121
-1.64097972194303E-02
-8.62364993993895E-03
-0.01414305545226
-1.10775152626336E-02
-4.3397773354239E-03
3.90489948596496E-03
-8.99432648116629E-03
-1.5798095251501E-03
-1.34890533899595E-03
0.00142461590205
-1.57061888725335E-03
-8.06740312708148E-03
-1.76881272968771E-03
-0.00260541626514
-4.0612813508901E-05
-3.82933622734408E-03
-2.63583459471772E-03
-5.89487186018261E-05
-0.004568898344967
-3.07667007946376E-04
-6.5361074349224E-04
-7.9347065383134E-04
-1.60014940449177E-03
-1.55355810843668E-03
-1.14273834812085E-03
-5.70015664441932E-04
-6.9828236607369E-04
3.11111030703497E-04
-2.26757475213467E-03
-7.63918592618492E-04
-1.1203949058529E-03
-1.59966233278512E-03
-1.11044968088176E-03
-2.85339983641098E-04
-2.8377575613864E-04
-1.52156667624673E-03
-1.08214511749615E-03
-2.39732113951638E-04
-5.49664553573202E-04
-9.5922896847945E-04
-7.64642678403736E-04
-2.12144372412975E-04
1.97875864611328E-04
-4.42845721912933E-04
-4.52011712614919E-04
-2.54105146757062E-04
-2.54261552784414E-04
-6.92597536400303E-05
-2.67691513870604E-04
-1.21189447584731E-04
-1.06268216642712E-04
-3.78032489971608E-05
-5.25946874746175E-06
-7.22872659167078E-06
2.1520646647822E-05
3.91985395466752E-05
1.52383772367012E-04
1.36799853379801E-04
1.90286729726426E-04
2.17439036828873E-04
1.93836580697097E-04
2.21858557857244E-04
2.3857153533754E-04
1.06005519847754E-03
3.75769310041728E-04
1.7694406013214E-03
9.87809794358783E-04
6.98529684826152E-04
1.31754200145053E-03
1.78263940487659E-03
7.7320644510818E-04
2.17922325868702E-03
1.60557841765961E-03
1.38782808762465E-04
8.49610805914448E-04
1.53491147183981E-03
3.35628816188545E-03
2.10661898536269E-03
3.38392793839176E-03
1.75199283783155E-03
2.48656583675086E-04
2.1975005202124E-03
5.68074398822529E-03
-5.03770055655204E-04
2.32975051857756E-03
7.0763039326644E-03
1.07607122995832E-02
3.870237676882E-04
-5.6571524948631E-04
5.38703142706908E-03
2.53827557941729E-03
1.37031312752488E-02
1.14813142989366E-02
1.80646531635152E-02
3.2086092958616E-03
2.84956305371869E-02
2.84342379609752E-02
1.77355436519368E-02
0.013718539852977
1.46008456838688E-02
2.01860028850645E-02
2.70320952240869E-02
0.012319809585394
4.5884631991247E-03
3.80174484910737E-02
1.36970086947774E-02
8.9112014292587E-03
2.37971385435654E-02
1.85132256121527E-02
2.44657967322268E-02
1.32484942746117E-02
5.57343099327803E-02
1.63233267558314E-02
2.75640706924155E-02
0.026381029910129
2.29167834069592E-02
1.24493673375957E-03
0.042495074566924
2.15063424652447E-02
1.82819267258928E-02
2.43736875100284E-03
1.93865087566448E-02
dMdH Data
4.97970205255878E-07
-6.78345358616466E-06
-4.10041053192093E-06
3.65546274513269E-06
4.96679233486624E-06
-1.97396819274734E-06
2.11610527140708E-06
-6.00195521280498E-06
-1.22650287020627E-06
6.389408724558E-06
-9.54158943615115E-07
4.00484700611416E-07
1.05759462000365E-07
-2.15165115994276E-08
-1.33784076440079E-08
1.23331870810789E-06
4.14748781472959E-07
1.42206466554369E-06
-8.10095630104641E-07
1.54237857421169E-07
1.91208945944774E-06
-4.10428408983486E-07
3.89262744038142E-07
2.4330406971189E-07
2.1983832088111E-07
9.79833046171182E-07
-4.94178330465154E-07
4.80784966652632E-07
5.33324001654405E-07
1.9841999312489E-06
-1.4733836873272E-08
-1.7935649815789E-07
7.68501771706593E-07
4.12939194138462E-07
5.20936789379263E-07
4.05835253888186E-08
5.10963513437839E-07
5.06459050747111E-07
1.89027176569242E-07
1.781628915007E-07
2.15874114231346E-07
6.50114333385348E-07
3.89403762025366E-07
3.37774877758525E-07
1.78560805960668E-07
5.24574382235501E-07
4.685261603979E-07
1.48745465008632E-07
3.56614719887774E-07
8.23570607420873E-08
6.62218232311578E-07
1.03662828875542E-07
6.25462224240882E-07
1.06946868506975E-07
4.49186830146959E-07
1.3829875331095E-07
5.41573714296686E-07
7.88110274325994E-08
5.08319202713077E-07
2.49741106384069E-07
2.7194072780092E-07
2.43643120297293E-07
4.29140022915226E-07
2.62561627567565E-07
3.19610848500025E-07
2.43502487498515E-07
1.2237651727918E-07
5.46433191443419E-07
2.37573024823337E-07
3.45889285425841E-07
3.30089131933513E-07
2.7324270766876E-07
2.50898479881555E-07
2.81924189981068E-07
2.64671883601416E-07
2.60085152469982E-07
3.47565478380898E-07
2.5030566459593E-07
2.30776254811091E-07
2.31120016874077E-07
3.22173953838857E-07
2.78369359851178E-07
2.19607097241579E-07
2.62441849429067E-07
2.99592254434397E-07
2.60922679662496E-07
3.16717605112368E-07
3.13545727918818E-07
1.99986689810395E-07
2.86659354119782E-07
2.89229767742944E-07
2.513632923688E-07
2.17274406134782E-07
2.88912851752513E-07
2.55209534235017E-07
3.18917434562877E-07
2.13857866691105E-07
2.93596794038746E-07
2.58919018389736E-07
2.9228740816178E-07
2.48474573096583E-07
1.89235717614582E-07
3.36649655780574E-07
2.42947769815322E-07
2.73337359786647E-07
2.03931294237523E-07
2.3067885355E-07
3.16373434833395E-07
2.62377257408231E-07
2.49442476619694E-07
2.73454855195787E-06
2.62306583861752E-07
2.30575377668726E-07
2.79704050692667E-07
2.19885886954721E-07
2.54138165279591E-07
3.08590568429924E-07
2.19201109926876E-07
3.30046606477229E-07
2.82230189289524E-07
2.31808513422349E-07
2.44945617402432E-07
2.18709558748688E-07
2.45085335846289E-07
3.12453056004143E-07
2.42675047840393E-07
2.27835361907408E-07
2.67825562116408E-07
3.13308575380258E-07
2.25270533649441E-07
3.04691522317727E-07
2.27301284894672E-07
2.97075039715913E-07
2.84519639334081E-07
2.39398379730022E-07
2.03479457874467E-07
2.88821776213E-07
2.37803137595698E-07
3.25508789294379E-07
2.47538088865476E-07
3.0605215655986E-07
3.11313049555338E-07
3.13123803432255E-07
1.61451516393294E-07
3.10577264682707E-07
2.95651407170387E-07
2.06898731116111E-07
2.69757757814534E-07
4.91704778242623E-07
1.70852534436395E-07
2.05062950355649E-07
1.50359008054922E-07
5.72611185380793E-07
3.80174995219912E-07
1.60787756497811E-07
5.66217227580277E-07
3.44019825391925E-07
-2.56087003387093E-08
4.86112716583825E-07
2.29588477596705E-07
5.14336149382488E-07
3.46147025673137E-07
4.77574819355004E-07
3.39808505758904E-08
5.25550995351232E-07
9.56115711741775E-08
6.25155220658559E-07
-2.89177952863003E-07
8.20090461834631E-07
-9.80552580873849E-08
3.45436814408854E-07
7.49079491693997E-07
-7.76102171116218E-08
6.69404177371205E-07
7.7258659819697E-07
-1.97389463511166E-07
1.03603367614126E-06
9.26327328206091E-08
3.01203780945236E-08
5.04094068423578E-07
8.97506999775826E-07
9.86960921820208E-07
-4.72615029450322E-07
-5.00253678640451E-09
5.1481433796911E-07
1.23967478835505E-06
-6.64472010588246E-07
4.72239680139873E-07
1.01105261481706E-06
-2.55242094284707E-07
8.81446550892975E-07
5.61879448828378E-07
3.73638053148428E-07
1.05792728977199E-07
1.27933404580101E-06
2.25594971127081E-07
1.27525010510212E-07
7.17536594518202E-07
-3.62605019441273E-07
1.15775243484359E-06
-4.67752389545193E-08
4.00723722181123E-07
1.04234309631798E-06
2.59663542121797E-07
-2.47131458092997E-07
2.50117911493606E-07
8.01170347094183E-07
4.29473091319991E-07
3.22800022805724E-07
7.49858907662877E-07
5.03924678979717E-07
1.35907843291204E-08
3.32477391481361E-07
-3.09869719186693E-07
9.46523012238157E-07
-1.02253571821354E-07
6.50273297793374E-07
1.95136101629218E-08
6.49756775886173E-07
-2.46519351769106E-08
3.44445211247057E-07
4.89147866120286E-07
4.64653160039194E-07
2.55247260120823E-07
1.633799437076E-07
5.19451164745973E-07
3.13945669755257E-07
1.270691737064E-08
4.8451173946372E-07
2.99154454757619E-07
2.03091662122502E-07
2.78118031401181E-07
2.79237197841719E-07
3.69749988271665E-07
2.42272696859814E-07
3.96490810816315E-07
2.89906123603801E-07
2.07917900933327E-07
2.24476000024729E-07
2.34454916138567E-07
3.39678185029607E-07
2.77562553525744E-07
2.48323817143688E-07
3.06912806360995E-07
2.18873508850496E-07
3.71709279803678E-07
2.39347983981105E-07
2.90305206789647E-07
1.87748517531781E-07
3.19207054738375E-07
1.70344328983611E-07
3.84720902433587E-07
2.65981433759486E-07
2.73298313551666E-07
2.27958354790188E-07
2.97511767243167E-07
3.17717354221238E-07
2.62329576288571E-07
2.57854308162181E-07
2.87168000442308E-07
2.4820290307408E-07
2.2837223092272E-07
3.31829974971921E-07
3.05174704677856E-07
2.6758490456196E-07
1.90610137296357E-07
2.69630179506494E-07
2.36908245261595E-07
2.76714088664214E-07
2.8558824492886E-07
9.80705482363002E-08
1.59622615437204E-07
3.12784861121696E-07
2.38951786842507E-07
3.1358618860989E-07
2.11986807646625E-07
2.64667393278838E-07
2.81372526577742E-07
2.7853703898184E-07
1.70426414053321E-07
3.06063422223981E-07
2.39022095585282E-07
2.12780406159502E-07
3.40559599702189E-07
2.19736800966184E-07
2.3566188608337E-07
2.44218492607079E-07
2.80296744665642E-07
3.09402012732665E-07
2.12379331784417E-07
2.93193658268251E-07
3.3635578206952E-07
1.8901028894571E-07
2.9781510368568E-07
2.61135136491351E-07
2.78116330396652E-07
1.72056287515284E-07
3.68709950262144E-07
2.67610488574549E-07
2.42282748166654E-07
2.21660563445322E-07
2.94858662582483E-07
2.39662891852408E-07
3.34874429452038E-07
2.16444909884603E-07
1.94398566188863E-07
3.89624353683463E-07
2.10925885051887E-07
3.10139470211727E-07
3.23283726460979E-07
3.02715556024638E-07
5.0142517123192E-07
2.56462331167024E-07
6.8811940785619E-07
-5.26281687081955E-08
3.62784830612385E-07
1.61613206071348E-07
5.311139193992E-07
7.34328714113564E-08
4.46616302827834E-07
7.28756511757287E-08
7.85568864375279E-07
2.49015300219689E-07
3.51618834159238E-07
5.96580201709898E-07
2.53415555074279E-07
5.35278107509326E-07
-1.80869377394028E-07
6.21369378147916E-07
2.88573489632099E-07
-9.31350579139764E-08
4.22130403446321E-07
1.01938987784852E-06
-4.54685685494868E-07
1.46219586456806E-06
5.17061923089428E-08
5.4605572484109E-07
8.06971458752636E-08
3.44938342816042E-07
-1.09575311897048E-07
1.08330377009496E-06
5.16310547183599E-07
4.23893682191493E-07
6.17687670952492E-08
-4.53557895157824E-07
1.06011573522568E-06
1.05588346988333E-06
5.55277181762455E-07
-2.16040936829598E-07
1.1029392846184E-06
-9.27369961293055E-07
1.45353066130693E-06
5.16431373260333E-07
3.07250405346311E-07
9.38555756332023E-07
-1.44667085991554E-07
1.19951028373104E-06
-1.23256201058823E-06
8.28485588953071E-07
9.51540843580146E-07
7.72427638347785E-07
-2.69261757032635E-07
7.77095385606469E-07
5.04674745337901E-07
2.79607391218359E-07
3.69386311156624E-07
4.1695768441875E-07
-1.68712398256312E-08
5.88914225681004E-07
4.89323768401217E-08
7.17498895433535E-07
1.76653163878784E-07
6.0781571755663E-07
4.7686094940887E-07
1.10501287374809E-07
2.12911340909714E-07
3.10179273008538E-07
3.88119083577797E-07
1.58625572837953E-07
5.66155788990298E-07
8.56040454232438E-08
4.7440380481572E-07
6.70949765771426E-08
4.25011573657374E-07
2.18401388718192E-07
4.46023635620428E-07
1.00928552076268E-07
3.03061749530641E-07
2.60034645051878E-07
3.92178631585991E-07
2.08778624705039E-07
1.46793151517422E-07
3.10385342105301E-07
2.97728666331585E-07
3.27245251405179E-07
2.98275916625113E-07
2.27665933455345E-07
2.77927190244317E-07
2.95429684829425E-07
1.98980449091192E-07
3.756858820312E-07
2.27789781635661E-07
1.96112735612856E-07
3.50135071441663E-07
1.99935916576623E-07
2.68774204763616E-07
3.81289853744126E-07
2.54081795961124E-07
2.55987228990686E-07
1.97125822028939E-07
3.073164591683E-07
2.5457632396714E-07
3.01676359779736E-07
2.88299377249447E-07
2.8032602565269E-07
1.7387363457074E-07
2.78615991575788E-07
2.44418186115E-07
3.4449604728697E-07
2.43353159528512E-07
2.43353159528512E-07
dMdT Data
0
0
0
0
0
0
0
0
0
0
0
0
0
0
0
0
0
0
0
0
0
0
0
0
0
0
0
0
0
0
0
0
0
0
0
0
0
0
0
0
0
0
0
0
0
0
0
0
0
0
0
0
0
0
0
0
0
0
0
0
0
0
0
0
0
0
0
0
0
0
0
0
0
0
0
0
0
0
0
0
0
0
0
0
0
0
0
0
0
0
0
0
0
0
0
0
0
0
0
0
0
0
0
0
0
0
0
0
0
0
0
0
0
0
0
0
0
0
0
0
0
0
0
0
0
0
0
0
0
0
0
0
0
0
0
0
0
0
0
0
0
0
0
0
0
0
0
0
0
0
0
0
0
0
0
0
0
0
0
0
0
0
0
0
0
0
0
0
0
0
0
0
0
0
0
0
0
0
0
0
0
0
0
0
0
0
0
0
0
0
0
0
0
0
0
0
0
0
0
0
0
0
0
0
0
0
0
0
0
0
0
0
0
0
0
0
0
0
0
0
0
0
0
0
0
0
0
0
0
0
0
0
0
0
0
0
0
0
0
0
0
0
0
0
0
0
0
0
0
0
0
0
0
0
0
0
0
0
0
0
0
0
0
0
0
0
0
0
0
0
0
0
0
0
0
0
0
0
0
0
0
0
0
0
0
0
0
0
0
0
0
0
0
0
0
0
0
0
0
0
0
0
0
0
0
0
0
0
0
0
0
0
0
0
0
0
0
0
0
0
0
0
0
0
0
0
0
0
0
0
0
0
0
0
0
0
0
0
0
0
0
0
0
0
0
0
0
0
0
0
0
0
0
0
0
0
0
0
0
0
0
0
0
0
0
0
0
0
0
0
0
0
0
0
0
0
0
0
0
0
0
0
0
0
0
0
0
0
0
0
0
0
0
0
0
0
0
0
0
0
0
0
0
0
0
0
0
0
0
0
0
0
0
0
0
0
0
0
0
0
0
 
*********************************************** Results ***************************************
 
TotalArea 1.59999173031647
AreaFirstQuad 0.805004056553255
AreaSecondQuad 0
AreaThirdQuad 0.768496299593133
AreaFourthQuad 0.026491374170094
Coercivity 137.233070840405
PositiveCoercivity 419.821810375094
NegativeCoercivity 145.355668694284
Retentivity 5.23034930014085E-05
PositiveRetentivity -5.76985774974614E-05
NegativeRetentivity -1.62305563500278E-04
Magnetization 0.00327623355
PositiveMagnetization 0.0031755131
NegativeMagnetization -0.003376954
Flatness 2.96515892547916
Squareness 1.59645190744746E-02
SStar -11.6535239874806
SFD1 0.586412124046416
SFD2 0.863149565622956
Slope 0
Intercept 0
SlopeAtHc 3.01203780945236E-08
dH1 56.7579342794709
dH2 118.452665485
InitialSlope 4.97970205255878E-07
FieldAtHalfMs 5784.42162335988
FieldAtMs 11859.459
MomentMean 9.05711068859856E-05
MomentRMS 1.39692454998088E-03
SFD3 7.65365463989061E-02
dH3 126.729725546564
UserField1 0
UserField2 0
CenterField 0
ExchangeField 0
ExchangeMoment 0
ExRegionOneIntercept 0
ExRegionOneSlope 0
ExRegionTwoIntercept 0
ExRegionTwoSlope 0
NegativeIntercept 0
NegativeSlope 0
AutoCenterOffset 0
PinningField 0
PinningMoment 0
PinRegionOneIntercept 0
PinRegionOneSlope 0
PinRegionTwoIntercept 0
PinRegionTwoSlope 0
PositiveIntercept 0
PositiveSlope 0
TotalOffset 0
BHMax 0
BCoercivity 0
BRetentivity 0
BNegativeCoercivity 0
BPositiveCoercivity 0
BNegativeRetentivity 0
BPositiveRetentivity 0
MomentYMean 2.92007320209739E-06
MomentYRMS 2.01994522747318E-06
YOffCorrection 0
Mrt 0
Ms1 0
Ms2 0
Ms3 0
Hc2 0
Hex2 0
HsatValue 0
HsatIntercept 0
HsatSlope 0
CenterH 0
Span .0065524671
SpanAsPercentOfRange -102.3822984375
RMSAsPercentOfRange -21.8269460934512
SpanAsPercentOfMean 7234.61082158187
RMSAsPercentOfMean 1542.35119566263
