Version 1.25
******************************************** Units *******************************************
System CGS
TemperatureUnit C
MomentUnit emu
AppliedFieldUnit Oe
 
******************************************** Setup ********************************************
 
Experiment CustomField
Minor False
Acquisition Continuous
EditedPoint No
MaxField 12000
FieldIncrement 114.285714285714
Points 421
MinField 0
RampRate 11.4285714285714
AverageTime 10
TimeInterval 0
TimeConstant 0.1
TimeConstantIndex 0
Sensitivity -0.0064
SensitivityIndex 5
SensitivityY -0.004
SensitivityIndexY 5
SaturationField 8000
ExperimentTime 4210
Use735Domains False
AutoRangeEnabled False
NumberOfVertices 20
VertexPts
0
10
30
50
70
110
150
160
180
200
220
230
270
310
320
340
360
370
380
420
VertexField
-5
5
100
500
1000
12000
1000
500
100
-100
-500
-1000
-12000
-1000
-500
-100
100
500
1000
12000
StartAngle 0
EndAngle 0
AngleIncrement 0
StartTemp 0
FinishTemp 0
TempIncrement 0
TempPoints 0
LengthofSetPointsArray 421
SetPointArray
-5
-4
-3
-2
-1
0
1
2
3
4
5
9.75
14.5
19.25
24
28.75
33.5
38.25
43
47.75
52.5
57.25
62
66.75
71.5
76.25
81
85.75
90.5
95.25
100
120
140
160
180
200
220
240
260
280
300
320
340
360
380
400
420
440
460
480
500
525
550
575
600
625
650
675
700
725
750
775
800
825
850
875
900
925
950
975
1000
1275
1550
1825
2100
2375
2650
2925
3200
3475
3750
4025
4300
4575
4850
5125
5400
5675
5950
6225
6500
6775
7050
7325
7600
7875
8150
8425
8700
8975
9250
9525
9800
10075
10350
10625
10900
11175
11450
11725
12000
11725
11450
11175
10900
10625
10350
10075
9800
9525
9250
8975
8700
8425
8150
7875
7600
7325
7050
6775
6500
6225
5950
5675
5400
5125
4850
4575
4300
4025
3750
3475
3200
2925
2650
2375
2100
1825
1550
1275
1000
950
900
850
800
750
700
650
600
550
500
480
460
440
420
400
380
360
340
320
300
280
260
240
220
200
180
160
140
120
100
90
80
70
60
50
40
30
20
10
0
-10
-20
-30
-40
-50
-60
-70
-80
-90
-100
-120
-140
-160
-180
-200
-220
-240
-260
-280
-300
-320
-340
-360
-380
-400
-420
-440
-460
-480
-500
-550
-600
-650
-700
-750
-800
-850
-900
-950
-1000
-1275
-1550
-1825
-2100
-2375
-2650
-2925
-3200
-3475
-3750
-4025
-4300
-4575
-4850
-5125
-5400
-5675
-5950
-6225
-6500
-6775
-7050
-7325
-7600
-7875
-8150
-8425
-8700
-8975
-9250
-9525
-9800
-10075
-10350
-10625
-10900
-11175
-11450
-11725
-12000
-11725
-11450
-11175
-10900
-10625
-10350
-10075
-9800
-9525
-9250
-8975
-8700
-8425
-8150
-7875
-7600
-7325
-7050
-6775
-6500
-6225
-5950
-5675
-5400
-5125
-4850
-4575
-4300
-4025
-3750
-3475
-3200
-2925
-2650
-2375
-2100
-1825
-1550
-1275
-1000
-950
-900
-850
-800
-750
-700
-650
-600
-550
-500
-480
-460
-440
-420
-400
-380
-360
-340
-320
-300
-280
-260
-240
-220
-200
-180
-160
-140
-120
-100
-90
-80
-70
-60
-50
-40
-30
-20
-10
0
10
20
30
40
50
60
70
80
90
100
140
180
220
260
300
340
380
420
460
500
550
600
650
700
750
800
850
900
950
1000
1275
1550
1825
2100
2375
2650
2925
3200
3475
3750
4025
4300
4575
4850
5125
5400
5675
5950
6225
6500
6775
7050
7325
7600
7875
8150
8425
8700
8975
9250
9525
9800
10075
10350
10625
10900
11175
11450
11725
12000
FieldDomainFile C:\IDEASVSM\Default UserID\Experiments\HysCoFe2O4_Completa\fdomain.ini
TempDomainFile C:\IDEASVSM\Default UserID\Experiments\HysCoFe2O4_Completa\tdomain.ini
NumSelectedResults 0
ResultsSelected 
UserName1 
UserValue1 
UserName2 
UserValue2 
LinearBackgroundCorrection Off
MaxLinearFieldCorrection 
MinLinearFieldCorrection 
AutoLinearCorrection Off
FitOneRegion Off
BackgroundMode Off
BackgroundFilename 
AutoCenter Off
OffsetCorrection 
SmoothDeriv Off
DerivOrder 0
DerivPoints 0
MinExFieldOne 
MaxExFieldOne 
MinExFieldTwo 
MaxExFieldTwo 
MinPinFieldOne 
MaxPinFieldOne 
MinPinFieldTwo 
MaxPinFieldTwo 
HCenterStart 
Mass 
Volume 
Density 
MolarWeight 
NumberOfMoles 
Demagnetization 
SampleArea 
Thickness 
MomentScaling 0
XAxis 0
YAxis 0
SimpleSpinValve False
HsatMax 0
HsatMin 0
FieldAutoRange False
 
*************************************************** Experiment Data ********************************************
 
DataPoints 421
MomentX Data
-0.000064845784
-0.000070319496
-0.000066871159
-0.000064476766
-0.000065720536
-0.000071086469
-0.000066918559
-0.000075192728
-0.000064593206
-0.000067124599
-0.000066094379
-0.000066024256
-0.00006278138
-0.000064367966
-0.000059704571
-0.000059006401
-0.000055884663
-0.000057054275
-0.000054580767
-0.000053598474
-0.000049292124
-0.000047854257
-0.000049731197
-0.000045419731
-0.000040189621
-0.000039846492
-0.000040607273
-0.000036368242
-0.000036217502
-0.000032470486
-0.00003155169
-0.000030282512
-0.000023467677
-0.00001759909
-0.0000025826127
0.0000046434238
0.000012640788
0.000013534489
0.000022638517
0.000031231093
0.00003540527
0.000045494474
0.000051786349
0.000054854298
0.00006615847
0.000073283751
0.000078630492
0.000089115433
0.000096541538
0.000097234796
0.00010509239
0.00010926798
0.00012776365
0.00013119828
0.00013375678
0.0001440626
0.00015431783
0.00015541863
0.0001697942
0.00017598196
0.00017839047
0.00019248206
0.0002007112
0.00020561984
0.00021349351
0.00022273961
0.00022905342
0.00023581157
0.00024172858
0.00025421175
0.00025430666
0.00029481008
0.00036585089
0.00045361158
0.00052775965
0.00059969265
0.00067469379
0.0007494447
0.00081967147
0.00090165934
0.00096842515
0.0010452259
0.0011109104
0.0011701555
0.0012533565
0.0013127753
0.0013962768
0.0014777206
0.0015481966
0.0016455562
0.0016864505
0.0017776418
0.001854291
0.0019185531
0.0019874
0.0020732089
0.0021418579
0.0022132274
0.0022700311
0.002353144
0.0024244309
0.0024983263
0.0025707357
0.0026355228
0.0027205816
0.0028055191
0.0028603755
0.0029337059
0.003016946
0.0030840812
0.0031672091
0.0031633241
0.0030959587
0.0030188708
0.0029386628
0.0028673332
0.0027967323
0.0027315574
0.0026590135
0.0026032358
0.0025213839
0.0024438629
0.0023674023
0.0022937388
0.0022390395
0.0021485497
0.0020791177
0.0020216597
0.0019394623
0.0018736807
0.0017959434
0.0017335779
0.0016483064
0.0015836202
0.0015036645
0.001423997
0.0013712673
0.001278382
0.0011975127
0.001156669
0.0010585077
0.0009849134
0.00092759091
0.00084224223
0.00078301949
0.00070916378
0.00063007379
0.0005536871
0.00044834202
0.0003893209
0.00033467633
0.00026820327
0.00024365012
0.00024614116
0.00022177476
0.00020697453
0.00018655926
0.0001749268
0.0001464276
0.00013592107
0.00012441625
0.0001134083
0.00011142577
0.00011289971
0.0001006025
0.000085863521
0.000068999691
0.000069782663
0.000067234464
0.000068043805
0.000052198535
0.000042918549
0.000036325142
0.000042236805
0.000037705749
0.000018562075
0.0000129061
-0.0000018773364
-0.0000072871624
0.00000035181422
-0.000022263057
-0.000028587074
-0.000029071586
-0.000023228391
-0.000032439587
-0.000045741021
-0.000049780991
-0.00004826533
-0.000057806807
-0.000053346957
-0.00006554329
-0.000059626342
-0.000074547724
-0.000081036908
-0.000078414216
-0.000079688845
-0.000088598612
-0.000087398002
-0.000090216582
-0.00010165814
-0.00011002223
-0.00010282986
-0.00011391974
-0.00012423874
-0.00013806382
-0.00013913644
-0.00015103402
-0.00015858141
-0.00016820075
-0.00016934927
-0.00017753709
-0.00018812739
-0.00019199228
-0.00019983159
-0.00021111634
-0.00021210093
-0.00021317026
-0.00022279427
-0.00023259995
-0.00023256271
-0.00024169836
-0.00025591868
-0.00026893134
-0.00029734696
-0.00030523645
-0.00031578623
-0.0003348093
-0.00035218136
-0.00035813302
-0.00038354346
-0.00037826212
-0.00046022604
-0.00051933237
-0.00060761283
-0.0006539597
-0.00072401275
-0.00082369961
-0.00090934213
-0.0010050738
-0.0010766709
-0.001135234
-0.0011784884
-0.0012636848
-0.0013408902
-0.0014007684
-0.0014937095
-0.001587432
-0.0016228488
-0.0017394885
-0.0018052899
-0.0018775133
-0.0019562429
-0.0020253622
-0.0020918582
-0.0021606508
-0.002243199
-0.0023315234
-0.0023900865
-0.0024714216
-0.0025394123
-0.0026234323
-0.0026956584
-0.0027777476
-0.0028383786
-0.0029186489
-0.0030088541
-0.0030705031
-0.0031502621
-0.0032108698
-0.0032835184
-0.0033669359
-0.0033715017
-0.0032987257
-0.0032235249
-0.0031500008
-0.0030817386
-0.0030177596
-0.0029322866
-0.0028707127
-0.0028078237
-0.0027319347
-0.0026469107
-0.0025909756
-0.0025064401
-0.0024457349
-0.0023793165
-0.002305784
-0.0022294471
-0.0021567577
-0.0020829049
-0.002024872
-0.0019386957
-0.0018621324
-0.001786778
-0.0017246758
-0.0016460916
-0.0015724742
-0.0015058651
-0.0014288364
-0.0013367151
-0.0012803733
-0.0012019385
-0.0011256465
-0.0010534187
-0.00098705588
-0.00093117442
-0.00084172653
-0.00075926157
-0.00069253065
-0.00060795087
-0.00052358496
-0.000474502
-0.00046146703
-0.00044150776
-0.00044678752
-0.00041555955
-0.00041163053
-0.00038538215
-0.00036409729
-0.00034865167
-0.00033397345
-0.00032283047
-0.00032631667
-0.0003100279
-0.0003055504
-0.00029528355
-0.00029228206
-0.00028669928
-0.00027262652
-0.00028292199
-0.00027032027
-0.00025726667
-0.0002553254
-0.00024763978
-0.00024392162
-0.00023382361
-0.00021675128
-0.00021858542
-0.00020271824
-0.00020749959
-0.00019242441
-0.00018772199
-0.00017879888
-0.00017189525
-0.00017157316
-0.00017853278
-0.00016966254
-0.00015307495
-0.00014776454
-0.00015593044
-0.00014920015
-0.00014953707
-0.0001401447
-0.00013974185
-0.00012955326
-0.00012128317
-0.0001271071
-0.00012046421
-0.00011653697
-0.00011089804
-0.00010836054
-0.000084363162
-0.000077554625
-0.000072653498
-0.000070481699
-0.000047731185
-0.000023858031
-0.0000026453933
0.000018332656
0.000021370919
0.000025981553
0.000041064127
0.000051011064
0.000073134926
0.000099212681
0.00010003008
0.0001259514
0.00015238032
0.00016758113
0.00016863792
0.00019887572
0.00022216461
0.00030283736
0.00036762433
0.00047437579
0.000536974
0.00062404172
0.00070106108
0.00076257414
0.00085372906
0.00091216558
0.00097950377
0.0010561172
0.0011189591
0.0011801267
0.0012848579
0.0013565855
0.0014334157
0.0015057675
0.001589347
0.0016479215
0.0017320759
0.0018081802
0.0018745847
0.0019571028
0.0020320924
0.0021169593
0.002185407
0.0022517558
0.0023409242
0.0023968879
0.0024780697
0.0025477002
0.0026275717
0.0026972323
0.0027855957
0.0028490022
0.002917765
0.002998352
0.0030758609
0.0031636314
MomentY Data
0.0000036705874
0.0000055861184
0.00000076512809
0.0000018190717
0.0000036549948
0.0000029667186
0.0000036099099
0.0000001588392
0.0000016611146
0.0000011066484
0.0000032128523
0.0000066470096
-0.0000013517284
0.00000028321269
0.0000037262819
0.0000026195668
0.00000054315089
0.0000061719558
0.0000050479123
0.00000057956691
0.0000035332535
0.0000027199696
0.0000050852249
0.0000036262988
0.0000012462282
0.000005440254
0.0000001552486
0.0000032877873
-0.00000049233914
0.0000083442064
0.0000027063559
0.00000076277732
0.0000035811566
0.00000073231694
0.0000036395978
0.0000040187023
0.0000046871184
0.0000026013278
0.0000023783206
0.0000044452665
0.0000022806167
0.0000075018069
0.0000027184199
0.0000044681785
0.0000020051669
0.0000019569682
-0.00000024940969
0.0000057233665
0.0000063122985
0.000005035157
0.0000010594797
0.0000024670409
0.0000016696214
0.0000023244189
0.0000015551519
-0.0000014369249
0.0000020145606
0.0000038772343
-0.00000091207023
0.0000046403454
0.0000032978438
0.000006369271
0.0000069667957
0.0000032587908
0.0000069809386
0.0000031945179
-0.0000011800861
0.0000029776715
0.0000036544465
0.0000030192517
0.0000011686707
0.00000671257
0.0000034280823
0.0000034256409
0.000004175577
0.000005653734
0.0000020702075
0.0000038151835
-0.0000012838935
0.0000044516275
0.00000034453867
0.0000038248586
-0.00000063606259
0.0000063547942
0.000003464856
0.0000014135073
0.0000061022183
0.000001348586
0.0000032634495
0.0000044592713
0.0000059856079
-0.00000087664127
0.0000025701045
0.00000082836151
0.0000016987132
0.0000025506829
-0.0000011086797
-0.000000030965799
0.0000023437594
0.00000054408553
0.000002498288
0.00000066244121
0.0000033425806
0.00000054596423
0.0000046634577
0.000001636405
0.0000014311599
0.0000021744631
-0.00000068494795
0.0000035787581
0.000004814472
0.0000023615264
0.0000046470544
-0.00000074136732
0.0000026932096
0.00000095464227
-0.0000001852703
0.0000030602502
0.000001765623
-0.0000014863347
0.000002313938
0.0000032459544
0.0000030629205
0.0000019173956
0.0000041255377
-0.0000012752103
0.0000027395772
-0.0000002836799
0.000000078697133
0.000002467141
0.0000049709032
0.0000013334512
0.0000054945991
0.0000035985993
0.0000026004122
0.0000047834442
0.0000022172545
0.0000024707602
0.0000036532496
0.0000002541208
0.0000039454793
-0.00000018733025
0.0000051934145
0.0000049299381
0.0000010318183
0.0000064109657
0.0000034242104
0.0000044289587
0.0000039162968
0.0000018495988
0.00000017863276
0.0000054990432
0.0000010258913
0.0000037822579
-0.00000014398092
0.0000033070849
0.0000030119465
0.0000003466844
0.000002527995
0.00000050934312
0.0000011576557
0.0000021596049
0.0000035880231
0.0000035884951
0.0000049808596
0.0000039566849
0.0000020707893
0.0000034077022
-0.00000094225879
0.00000053005693
0.0000019860934
0.0000045176647
0.0000016861486
0.0000033659457
0.000000011320169
0.0000010909843
0.000002552533
0.0000036097907
-0.00000028313155
0.0000075159022
0.0000042853354
0.0000014469862
0.00000033056738
0.0000014844465
0.0000059970615
0.0000020409536
0.0000057533739
0.0000060067555
-0.00000020452501
0.0000016888188
0.0000036592768
0.0000037838506
0.0000017686509
0.0000019071054
0.0000012342977
0.0000061364838
0.0000017260026
0.0000014235829
0.0000058014581
0.0000034462213
0.0000041559933
0.0000014052008
0.0000025533055
0.0000036960743
0.00000014474394
0.0000013174056
0.0000022822332
0.0000013806724
0.0000022337912
0.0000053600309
0.0000068870541
0.0000028452252
0.00000032188892
0.0000062136171
0.000004555063
0.0000062385508
0.0000028229045
0.0000029582881
0.00000067415712
0.0000035251902
0.00000050304407
-0.0000032855985
0.0000023274564
-0.00000024606711
0.0000076254222
0.0000035182951
0.0000021702003
-0.00000073174951
0.0000030349253
0.0000045526836
0.000003950734
0.0000029085635
0.00000184803
0.0000030812215
0.0000033932589
0.00000331542
0.0000032029961
0.00000272305
-0.00000040306089
0.00000058359617
0.00000337893
0.0000030988787
0.0000022146796
0.0000032164382
0.0000021295976
0.0000030842494
0.00000043951508
0.0000012877798
0.0000011417674
0.000006283097
0.0000048256252
-0.0000019879865
0.0000039682435
-0.00000020415783
-0.00000068612093
0.0000027729129
0.0000040330599
0.0000024483727
0.0000012378931
0.00000052118781
0.0000057658097
-0.0000026017141
0.0000024367713
0.000003988261
0.00000075627321
0.00000080225941
0.0000030636214
0.0000068140886
0.0000010763025
0.00000070694444
0.0000030076311
0.0000015356779
0.0000021053361
-0.0000019478654
0.000004399576
0.00000016727923
0.00000077246661
0.0000048062847
-0.0000015300607
0.0000024936007
0.0000037503384
0.0000020652722
0.0000014854145
0.0000022571563
0.000002662959
0.0000042206381
0.0000011450624
0.0000016392707
0.00000062339785
0.00000069025989
0.0000018840789
0.0000042435978
0.0000027781484
0.00000098710534
0.0000022383164
0.0000028715133
0.0000004264402
0.0000020047807
0.0000013103818
0.00000062919609
0.0000028556107
-0.0000027683686
0.0000060326955
0.0000048775623
0.0000018292236
0.0000050347612
0.0000047991702
0.0000010406923
0.0000031655978
0.0000026626728
0.00000048132895
-0.0000017622327
0.0000040160416
0.0000019858502
0.0000042741869
0.00000043164254
0.000001588459
0.0000042859791
-0.0000010606431
0.00000036088459
0.0000042944239
0.00000386466
0.0000050763987
0.0000016383456
0.00000039048669
0.0000044896792
0.0000058292053
0.0000034464787
0.0000025212764
0.00000042017937
0.000002946329
0.0000018122529
-0.0000010653877
0.0000035148381
0.00000031089302
0.0000029168748
0.0000024821996
0.0000062568663
0.000004677181
0.0000017094802
0.0000022719716
0.0000026742314
0.0000034078072
-0.0000027867745
0.0000020614337
-0.0000012533378
0.0000048034284
0.00000092942235
0.00000085778707
0.0000026270007
0.0000055796574
0.0000040708826
0.0000042140768
0.0000022300243
0.0000047015569
0.0000032285402
0.0000004136562
0.0000046056936
0.0000050390909
0.000003318219
-0.0000016580199
0.0000010967827
0.0000032662199
0.00000093182079
0.0000036575078
0.0000041920041
0.0000009025764
0.0000024852131
0.0000014624881
0.0000041062163
0.0000026715469
0.0000036585044
0.0000010894346
0.0000019081783
0.0000026445864
0.0000050261639
0.0000050899885
0.0000041728781
0.0000053371666
0.0000053385398
0.0000050394772
0.000000055522881
0.0000025026415
0.0000021528577
0.000004373574
0.0000012030744
0.0000034048746
0.0000024419402
0.0000020969915
-0.0000019262886
-0.0000014493703
0.0000056646248
0.000003254094
0.000003484125
0.0000011318874
0.0000017306471
0.0000059451292
0.00000020885942
0.0000016371965
0.00000067530147
0.0000021751307
0.0000017709493
0.00000058024407
0.0000034547423
0.0000031745052
0.0000015896368
0.0000031846426
0.0000014490843
0.0000026394985
0.00000018602377
0.0000015206288
0.0000028963041
0.0000040243958
0.0000054760501
0.0000059226463
0.000004182925
0.00000051533701
0.000003301854
-0.00000031334401
0.0000002033901
0.0000033954381
Field Data
-4.5192438
-3.615066
-2.6995783
-1.791185
-0.88782979
0.029019494
0.93829192
1.8378276
2.7524123
3.66844
4.5741602
7.1231025
11.869502
16.613738
21.355499
26.113896
30.861095
35.614332
40.362678
45.12271
49.87219
54.609065
59.401326
64.09747
68.858583
73.604408
78.34405
83.108014
87.861544
92.620685
97.344973
109.38158
129.3832
149.37335
169.41177
189.57466
209.5876
229.58575
249.58503
269.57197
289.5699
309.5678
329.5617
349.55497
369.55786
389.5431
409.54644
429.54993
449.53534
469.52637
489.52898
510.94332
535.90236
560.89358
585.90018
610.89896
635.89877
660.9031
685.89927
710.89902
735.90522
760.90056
785.91178
810.91761
835.91019
860.90379
885.90816
910.91056
935.91755
960.91161
985.90764
1123.1181
1399.8177
1674.8187
1949.8355
2224.8428
2499.8479
2774.8099
3049.8006
3324.7722
3599.7584
3874.7341
4149.6789
4424.6717
4699.6428
4974.617
5249.5984
5524.5622
5799.5636
6074.518
6349.4839
6624.4626
6899.4402
7174.4274
7451.8628
7727.0751
8002.0285
8276.9795
8551.934
8826.8597
9101.7756
9376.6378
9651.5332
9926.3873
10201.228
10476.091
10750.898
11025.72
11300.532
11575.291
11850.047
11871.532
11596.728
11321.21
11045.826
10770.467
10495.195
10219.946
9944.7119
9669.5412
9394.3834
9119.2728
8844.1769
8569.0749
8294.0049
8018.9528
7743.9106
7467.3326
7191.0957
6916.1025
6641.048
6366.0286
6091.0283
5815.9824
5540.9602
5265.9204
4990.1596
4713.1476
4438.0935
4163.0812
3888.0639
3613.0355
3338.0244
3062.9876
2787.9563
2512.9591
2237.9409
1962.9314
1687.9136
1412.9117
1136.6455
976.43994
926.49501
876.48451
826.49296
776.18136
725.98132
675.98324
625.98989
575.99106
525.98995
491.12439
471.15026
451.14847
431.17372
411.16858
391.17137
371.17705
351.18309
331.18894
311.19478
291.19235
271.20275
251.20238
231.21138
211.2142
191.22236
171.22397
151.23148
131.21944
111.22833
96.189605
86.217265
76.210141
66.213618
56.196033
46.22148
36.211363
26.212794
16.143922
6.1213163
-3.9201785
-13.98309
-23.981651
-34.043454
-44.081812
-54.080947
-64.080796
-74.07395
-84.076746
-94.084899
-108.27068
-128.41333
-148.58966
-168.58636
-188.58959
-208.58073
-228.58121
-248.57516
-268.70891
-288.78001
-308.76544
-328.7581
-348.76331
-368.76008
-388.75223
-408.74562
-428.7348
-448.72905
-468.73377
-488.72037
-522.53161
-572.51691
-622.53142
-672.8124
-723.02302
-773.01999
-823.01783
-873.02362
-923.01274
-973.02139
-1124.9762
-1399.7243
-1674.7111
-1949.6905
-2224.686
-2499.6735
-2774.6608
-3049.6329
-3324.6348
-3599.6183
-3874.5783
-4149.5797
-4424.5659
-4700.6837
-4977.2648
-5252.2513
-5527.2153
-5802.2023
-6077.1665
-6352.1463
-6627.1193
-6902.0792
-7177.0692
-7452.0435
-7727.0013
-8001.9586
-8276.9126
-8551.8423
-8826.7854
-9101.6898
-9376.609
-9651.4713
-9926.3487
-10201.175
-10476.003
-10750.832
-11025.641
-11300.409
-11575.181
-11849.921
-11870.708
-11595.425
-11319.892
-11044.507
-10769.183
-10493.899
-10218.639
-9943.4011
-9668.2386
-9393.0845
-9117.9543
-8842.8701
-8567.7681
-8292.7071
-8017.6696
-7742.6302
-7467.5743
-7192.5268
-6917.5372
-6642.4958
-6367.4637
-6092.4698
-5817.4289
-5542.403
-5267.3527
-4992.3429
-4717.3188
-4442.3266
-4167.2725
-3892.2872
-3617.2281
-3342.2073
-3067.1987
-2792.1674
-2517.1409
-2242.1254
-1967.13
-1692.1388
-1417.1246
-1139.713
-977.28016
-927.34526
-877.34471
-827.34067
-777.34149
-727.34518
-677.34118
-627.35481
-577.34123
-527.34047
-492.43453
-472.46938
-452.47722
-432.47268
-412.48359
-392.47702
-372.5
-352.49817
-332.5047
-312.50565
-292.51405
-272.51413
-252.51831
-232.52366
-212.53546
-192.54092
-172.5389
-152.54414
-132.54636
-112.55201
-97.479889
-87.490888
-77.495383
-67.508058
-57.498121
-47.494763
-37.503358
-27.504955
-17.507472
-7.5141143
2.4968566
12.494343
22.49589
32.50109
42.500499
52.498782
62.50705
72.492097
82.491737
92.521277
116.62411
156.61914
196.60637
236.60117
276.60272
316.60151
356.60491
396.58437
436.58287
476.59296
520.31135
570.24566
620.25189
670.26142
720.2525
770.26256
821.12497
871.2559
921.24854
971.26665
1118.9961
1393.5002
1668.4733
1945.585
2221.227
2496.1942
2771.1809
3046.1726
3321.1531
3596.1321
3874.6453
4151.5942
4426.5786
4702.9018
4979.4848
5257.0529
5532.0042
5809.3294
6085.5702
6362.424
6637.3859
6912.3909
7187.3307
7462.3048
7737.2754
8012.2201
8287.8645
8564.8541
8839.8086
9114.7088
9389.616
9664.4895
9939.3602
10214.202
10489.013
10763.842
11038.633
11315.86
11590.932
11865.524
Time Data
0
10
20
30
40
50
60
70
80
90
100
110
120
130
140
150
160
170
180
190
200
210
220
230
240
250
260
270
280
290
300
310
320
330
340
350
360
370
380
390
400
410
420
430
440
450
460
470
480
490
500
510
520
530
540
550
560
570
580
590
600
610
620
630
640
650
660
670
680
690
700
710
720
730
740
750
760
770
780
790
800
810
820
830
840
850
860
870
880
890
900
910
920
930
940
950
960
970
980
990
1000
1010
1020
1030
1040
1050
1060
1070
1080
1090
1100
1110
1120
1130
1140
1150
1160
1170
1180
1190
1200
1210
1220
1230
1240
1250
1260
1270
1280
1290
1300
1310
1320
1330
1340
1350
1360
1370
1380
1390
1400
1410
1420
1430
1440
1450
1460
1470
1480
1490
1500
1510
1520
1530
1540
1550
1560
1570
1580
1590
1600
1610
1620
1630
1640
1650
1660
1670
1680
1690
1700
1710
1720
1730
1740
1750
1760
1770
1780
1790
1800
1810
1820
1830
1840
1850
1860
1870
1880
1890
1900
1910
1920
1930
1940
1950
1960
1970
1980
1990
2000
2010
2020
2030
2040
2050
2060
2070
2080
2090
2100
2110
2120
2130
2140
2150
2160
2170
2180
2190
2200
2210
2220
2230
2240
2250
2260
2270
2280
2290
2300
2310
2320
2330
2340
2350
2360
2370
2380
2390
2400
2410
2420
2430
2440
2450
2460
2470
2480
2490
2500
2510
2520
2530
2540
2550
2560
2570
2580
2590
2600
2610
2620
2630
2640
2650
2660
2670
2680
2690
2700
2710
2720
2730
2740
2750
2760
2770
2780
2790
2800
2810
2820
2830
2840
2850
2860
2870
2880
2890
2900
2910
2920
2930
2940
2950
2960
2970
2980
2990
3000
3010
3020
3030
3040
3050
3060
3070
3080
3090
3100
3110
3120
3130
3140
3150
3160
3170
3180
3190
3200
3210
3220
3230
3240
3250
3260
3270
3280
3290
3300
3310
3320
3330
3340
3350
3360
3370
3380
3390
3400
3410
3420
3430
3440
3450
3460
3470
3480
3490
3500
3510
3520
3530
3540
3550
3560
3570
3580
3590
3600
3610
3620
3630
3640
3650
3660
3670
3680
3690
3700
3710
3720
3730
3740
3750
3760
3770
3780
3790
3800
3810
3820
3830
3840
3850
3860
3870
3880
3890
3900
3910
3920
3930
3940
3950
3960
3970
3980
3990
4000
4010
4020
4030
4040
4050
4060
4070
4080
4090
4100
4110
4120
4130
4140
4150
4160
4170
4180
4190
4200
Temperature Data
0
0
0
0
0
0
0
0
0
0
0
0
0
0
0
0
0
0
0
0
0
0
0
0
0
0
0
0
0
0
0
0
0
0
0
0
0
0
0
0
0
0
0
0
0
0
0
0
0
0
0
0
0
0
0
0
0
0
0
0
0
0
0
0
0
0
0
0
0
0
0
0
0
0
0
0
0
0
0
0
0
0
0
0
0
0
0
0
0
0
0
0
0
0
0
0
0
0
0
0
0
0
0
0
0
0
0
0
0
0
0
0
0
0
0
0
0
0
0
0
0
0
0
0
0
0
0
0
0
0
0
0
0
0
0
0
0
0
0
0
0
0
0
0
0
0
0
0
0
0
0
0
0
0
0
0
0
0
0
0
0
0
0
0
0
0
0
0
0
0
0
0
0
0
0
0
0
0
0
0
0
0
0
0
0
0
0
0
0
0
0
0
0
0
0
0
0
0
0
0
0
0
0
0
0
0
0
0
0
0
0
0
0
0
0
0
0
0
0
0
0
0
0
0
0
0
0
0
0
0
0
0
0
0
0
0
0
0
0
0
0
0
0
0
0
0
0
0
0
0
0
0
0
0
0
0
0
0
0
0
0
0
0
0
0
0
0
0
0
0
0
0
0
0
0
0
0
0
0
0
0
0
0
0
0
0
0
0
0
0
0
0
0
0
0
0
0
0
0
0
0
0
0
0
0
0
0
0
0
0
0
0
0
0
0
0
0
0
0
0
0
0
0
0
0
0
0
0
0
0
0
0
0
0
0
0
0
0
0
0
0
0
0
0
0
0
0
0
0
0
0
0
0
0
0
0
0
0
0
0
0
0
0
0
0
0
0
0
0
0
0
0
0
0
0
0
0
0
0
0
0
0
0
0
0
0
0
0
0
0
0
0
0
0
0
0
0
0
0
0
0
0
0
0
0
0
0
0
0
0
0
0
0
0
0
0
0
0
0
0
0
Angle Data
0
0
0
0
0
0
0
0
0
0
0
0
0
0
0
0
0
0
0
0
0
0
0
0
0
0
0
0
0
0
0
0
0
0
0
0
0
0
0
0
0
0
0
0
0
0
0
0
0
0
0
0
0
0
0
0
0
0
0
0
0
0
0
0
0
0
0
0
0
0
0
0
0
0
0
0
0
0
0
0
0
0
0
0
0
0
0
0
0
0
0
0
0
0
0
0
0
0
0
0
0
0
0
0
0
0
0
0
0
0
0
0
0
0
0
0
0
0
0
0
0
0
0
0
0
0
0
0
0
0
0
0
0
0
0
0
0
0
0
0
0
0
0
0
0
0
0
0
0
0
0
0
0
0
0
0
0
0
0
0
0
0
0
0
0
0
0
0
0
0
0
0
0
0
0
0
0
0
0
0
0
0
0
0
0
0
0
0
0
0
0
0
0
0
0
0
0
0
0
0
0
0
0
0
0
0
0
0
0
0
0
0
0
0
0
0
0
0
0
0
0
0
0
0
0
0
0
0
0
0
0
0
0
0
0
0
0
0
0
0
0
0
0
0
0
0
0
0
0
0
0
0
0
0
0
0
0
0
0
0
0
0
0
0
0
0
0
0
0
0
0
0
0
0
0
0
0
0
0
0
0
0
0
0
0
0
0
0
0
0
0
0
0
0
0
0
0
0
0
0
0
0
0
0
0
0
0
0
0
0
0
0
0
0
0
0
0
0
0
0
0
0
0
0
0
0
0
0
0
0
0
0
0
0
0
0
0
0
0
0
0
0
0
0
0
0
0
0
0
0
0
0
0
0
0
0
0
0
0
0
0
0
0
0
0
0
0
0
0
0
0
0
0
0
0
0
0
0
0
0
0
0
0
0
0
0
0
0
0
0
0
0
0
0
0
0
0
0
0
0
0
0
0
0
0
0
0
0
0
0
0
0
0
0
0
0
0
0
0
0
0
Bx Data
0
0
0
0
0
0
0
0
0
0
0
0
0
0
0
0
0
0
0
0
0
0
0
0
0
0
0
0
0
0
0
0
0
0
0
0
0
0
0
0
0
0
0
0
0
0
0
0
0
0
0
0
0
0
0
0
0
0
0
0
0
0
0
0
0
0
0
0
0
0
0
0
0
0
0
0
0
0
0
0
0
0
0
0
0
0
0
0
0
0
0
0
0
0
0
0
0
0
0
0
0
0
0
0
0
0
0
0
0
0
0
0
0
0
0
0
0
0
0
0
0
0
0
0
0
0
0
0
0
0
0
0
0
0
0
0
0
0
0
0
0
0
0
0
0
0
0
0
0
0
0
0
0
0
0
0
0
0
0
0
0
0
0
0
0
0
0
0
0
0
0
0
0
0
0
0
0
0
0
0
0
0
0
0
0
0
0
0
0
0
0
0
0
0
0
0
0
0
0
0
0
0
0
0
0
0
0
0
0
0
0
0
0
0
0
0
0
0
0
0
0
0
0
0
0
0
0
0
0
0
0
0
0
0
0
0
0
0
0
0
0
0
0
0
0
0
0
0
0
0
0
0
0
0
0
0
0
0
0
0
0
0
0
0
0
0
0
0
0
0
0
0
0
0
0
0
0
0
0
0
0
0
0
0
0
0
0
0
0
0
0
0
0
0
0
0
0
0
0
0
0
0
0
0
0
0
0
0
0
0
0
0
0
0
0
0
0
0
0
0
0
0
0
0
0
0
0
0
0
0
0
0
0
0
0
0
0
0
0
0
0
0
0
0
0
0
0
0
0
0
0
0
0
0
0
0
0
0
0
0
0
0
0
0
0
0
0
0
0
0
0
0
0
0
0
0
0
0
0
0
0
0
0
0
0
0
0
0
0
0
0
0
0
0
0
0
0
0
0
0
0
0
0
0
0
0
0
0
0
0
0
0
0
0
0
0
0
0
0
0
0
Hint Data
0
0
0
0
0
0
0
0
0
0
0
0
0
0
0
0
0
0
0
0
0
0
0
0
0
0
0
0
0
0
0
0
0
0
0
0
0
0
0
0
0
0
0
0
0
0
0
0
0
0
0
0
0
0
0
0
0
0
0
0
0
0
0
0
0
0
0
0
0
0
0
0
0
0
0
0
0
0
0
0
0
0
0
0
0
0
0
0
0
0
0
0
0
0
0
0
0
0
0
0
0
0
0
0
0
0
0
0
0
0
0
0
0
0
0
0
0
0
0
0
0
0
0
0
0
0
0
0
0
0
0
0
0
0
0
0
0
0
0
0
0
0
0
0
0
0
0
0
0
0
0
0
0
0
0
0
0
0
0
0
0
0
0
0
0
0
0
0
0
0
0
0
0
0
0
0
0
0
0
0
0
0
0
0
0
0
0
0
0
0
0
0
0
0
0
0
0
0
0
0
0
0
0
0
0
0
0
0
0
0
0
0
0
0
0
0
0
0
0
0
0
0
0
0
0
0
0
0
0
0
0
0
0
0
0
0
0
0
0
0
0
0
0
0
0
0
0
0
0
0
0
0
0
0
0
0
0
0
0
0
0
0
0
0
0
0
0
0
0
0
0
0
0
0
0
0
0
0
0
0
0
0
0
0
0
0
0
0
0
0
0
0
0
0
0
0
0
0
0
0
0
0
0
0
0
0
0
0
0
0
0
0
0
0
0
0
0
0
0
0
0
0
0
0
0
0
0
0
0
0
0
0
0
0
0
0
0
0
0
0
0
0
0
0
0
0
0
0
0
0
0
0
0
0
0
0
0
0
0
0
0
0
0
0
0
0
0
0
0
0
0
0
0
0
0
0
0
0
0
0
0
0
0
0
0
0
0
0
0
0
0
0
0
0
0
0
0
0
0
0
0
0
0
0
0
0
0
0
0
0
0
0
0
0
0
0
0
0
0
0
0
Torque Data
-1.65882793498081E-05
-2.01941866998144E-05
-2.06552318848445E-06
-3.2582939429645E-06
-3.24501326573509E-06
8.60926726123884E-08
3.38714929109801E-06
2.9191906572192E-07
4.57207225674958E-06
4.059673256496E-06
1.46961011191385E-05
4.7347330699284E-05
-1.60443429472568E-05
4.70522142993522E-06
7.95766093891681E-05
6.84070949802528E-05
1.67622312156245E-05
2.19810082950526E-04
2.03747258737139E-04
2.61516296055261E-05
1.76211089870165E-04
1.48534996684424E-04
3.02069102068217E-04
2.32436578544036E-04
8.58135079466406E-05
4.00426675039632E-04
1.216280408083E-05
2.73241472957422E-04
-4.32576770120322E-05
7.72846112549384E-04
2.63450142013891E-04
8.34337884497656E-05
4.6334150060912E-04
1.09388634589549E-04
6.16590705386106E-04
7.61844122163718E-04
9.8236189637184E-04
5.9722779395885E-04
5.93593218300618E-04
1.19831924758001E-03
6.6039794975733E-04
2.32231785805782E-03
8.9588708355783E-04
1.56187400152215E-03
7.41025188506834E-04
7.6232345922942E-04
-1.02144850641004E-04
2.45847167943935E-03
2.83760125237899E-03
2.36413898859009E-03
5.18646016871706E-04
1.26051806802179E-03
8.94754048566504E-04
1.30375163824066E-03
9.11163778137342E-04
-8.77815927008104E-04
1.28105660763046E-03
2.56247616829633E-03
-6.25588304945732E-04
3.29881699732151E-03
2.42690046716464E-03
4.84638187069176E-03
5.47528680948335E-03
2.64261084702599E-03
5.83543771150433E-03
2.75017256733284E-03
-1.04544790549258E-03
2.71239241356104E-03
3.42026061488607E-03
2.90123401204224E-03
1.15220137177415E-03
0.007539008864517
4.79869028059671E-03
5.73732743880483E-03
8.1416882675835E-03
1.25786693830152E-02
5.17520387143925E-03
1.05864089461167E-02
-3.9156191666361E-03
1.48006473567555E-02
1.24025597145733E-03
1.48203100450983E-02
-2.63945550880235E-03
2.81178780560641E-02
1.62835855534368E-02
7.0316574442041E-03
3.20341954241307E-02
7.4503472390492E-03
1.89265829306382E-02
2.70879237787334E-02
3.80055209927628E-02
-5.8072773067315E-03
1.77322823055009E-02
5.94301951444937E-03
0.012658577702949
1.97093183245858E-02
-8.87168655677145E-03
-2.5630328352412E-04
2.00436757006796E-02
4.80256663811014E-03
2.27388567601728E-02
6.21147128996374E-03
3.22610276345759E-02
5.41945239892628E-03
4.75729952660556E-02
0.017143127692855
1.53862541065902E-02
0.023975021290932
-7.7402762273094E-03
4.14251664261071E-02
0.057051719480184
2.80349362264448E-02
5.38906258780032E-02
-8.3931751168572E-03
2.97487246231296E-02
1.02819430658401E-02
-1.9444479262085E-03
3.12755917904892E-02
1.75586120590137E-02
-1.43721746186396E-02
2.17380207358292E-02
2.96007436699603E-02
2.70890107326365E-02
1.64303065093304E-02
3.42172298989347E-02
-1.02258512057738E-02
2.12150409185983E-02
-2.11833216523474E-03
5.65918614718628E-04
1.70630000379525E-02
3.30120067545536E-02
8.48878847590432E-03
3.34677586152545E-02
2.09293901934523E-02
1.44087805037944E-02
2.51892363950417E-02
1.10644538288182E-02
1.16450575068055E-02
1.62134633036376E-02
1.05792552500896E-03
1.53402756345273E-02
-6.76830843473875E-04
1.73357443203138E-02
1.51003392690676E-02
2.87666432994029E-03
1.61104945956029E-02
7.66318050436536E-03
8.69374210153318E-03
6.61037063035648E-03
2.61331978482596E-03
2.0304212280658E-04
5.36948541226541E-03
9.50483170252413E-04
3.31509046217513E-03
-1.18999216754323E-04
2.56689765531746E-03
2.18661689583938E-03
2.34352843969456E-04
1.58249931197055E-03
2.93377083592507E-04
6.08915263760215E-04
1.06063463915351E-03
1.69049801645101E-03
1.6189440739675E-03
2.14761576252971E-03
1.62686451184044E-03
8.10033487462341E-04
1.26486084987451E-03
-3.30905353451861E-04
1.75548992786354E-04
6.18061898672452E-04
1.31550940050505E-03
4.5728813722865E-04
8.45533570790766E-04
2.61735189632322E-06
2.3043137613706E-04
4.8810138423788E-04
6.18082694523079E-04
-4.2818403341194E-05
9.86232477778768E-04
4.76650700031882E-04
1.39185031018451E-04
2.85006154018157E-05
1.13129877071956E-04
3.97087139283507E-04
1.14693495857069E-04
2.65929456651372E-04
2.17512803862746E-04
-5.36117195497794E-06
2.72641589793336E-05
2.23995907220518E-05
-1.48333697693321E-05
-2.4731204713281E-05
-4.57355361230154E-05
-4.20197569722558E-05
-2.70507325212646E-04
-9.33438551324622E-05
-9.12243254039884E-05
-4.29736917226495E-04
-2.8974707289989E-04
-3.91016209875177E-04
-1.52142046152544E-04
-3.27878461762315E-04
-5.49198423571738E-04
-2.44018539766584E-05
-2.48448981967704E-04
-4.76029866886236E-04
-3.15595767805604E-04
-5.55265004946592E-04
-1.44028806070532E-03
-1.98884355186854E-03
-8.78507210777088E-04
-1.05823589750252E-04
-2.1670816668686E-03
-1.67972539628504E-03
-2.42525053546828E-03
-1.15384985005329E-03
-1.26832105689588E-03
-3.02513884008336E-04
-1.65237569241305E-03
-2.45847884016706E-04
1.71682907401859E-03
-1.33250814628772E-03
1.53184507403596E-04
-5.13047861139528E-03
-2.5438083484532E-03
-0.001677608214204
6.02242893823763E-04
-2.64956147183559E-03
-4.20218496398906E-03
-3.84414868820026E-03
-3.2720647136887E-03
-0.002586732498129
-5.16015584760865E-03
-6.61580464137045E-03
-0.00737576845812
-8.00644447177335E-03
-0.00755554009144
1.22918775084728E-03
-1.94024413592872E-03
-0.012162858262419
-1.20068481653522E-02
-9.18998951016412E-03
-1.42313427791774E-02
-1.00105647258791E-02
-1.53511259730411E-02
-2.3084436502996E-03
-7.11783621359094E-03
-6.62476543434502E-03
-3.81834266046505E-02
-3.06530772593668E-02
1.31746237022895E-02
-2.73891309218852E-02
1.46525487363184E-03
5.11300301662045E-03
-2.14263015830868E-02
-3.22723783511201E-02
-0.020264966850126
-1.05862665754581E-02
-4.60041295196597E-03
-5.24786113352311E-02
2.43952558454869E-02
-2.35184282666137E-02
-3.95888693926107E-02
-7.71487536302175E-03
-8.40447198593823E-03
-3.29364789830048E-02
-7.51296946457926E-02
-1.21626584577225E-02
-8.18300984994364E-03
-3.56401909321431E-02
-1.82295839329532E-02
-2.44122668473425E-02
2.20496259585368E-02
-0.048591147929032
-1.80146063996909E-03
-8.10618658621239E-03
-4.91136882805233E-02
1.52140072474468E-02
-0.024108726540727
-3.52272454947948E-02
-1.88310575366605E-02
-1.31353274681565E-02
-0.019338791743854
-2.20831390063089E-02
-3.38396817869718E-02
-8.86579471912448E-03
-0.012241375750063
-4.48380574318738E-03
-4.77489846674291E-03
-1.25149861801186E-02
-2.70209549488999E-02
-1.69257852269183E-02
-5.74241513226033E-03
-1.24056515303092E-02
-1.51252733338409E-02
-2.12893570474458E-03
-9.45718968598716E-03
-5.82114392629588E-03
-2.62203156296452E-03
-0.011114856975793
1.00138206910777E-02
-2.01625189387772E-02
-0.014960452745729
-5.10749850323064E-03
-1.26732033382531E-02
-1.07603414043431E-02
-0.002047177044099
-5.35663086257464E-03
-3.77333912663088E-03
-5.4857686159135E-04
1.72219505501323E-03
-3.72425714172282E-03
-1.74227516782244E-03
-3.53620865355122E-03
-3.35533655190985E-04
-1.15535799727762E-03
-2.90307014104934E-03
6.65399550478311E-04
-2.08353553078646E-04
-2.26462351780523E-03
-1.9030920307098E-03
-2.39844294642181E-03
-7.41314062487232E-04
-1.68874825328629E-04
-1.85191899436433E-03
-2.28782912511221E-03
-0.00128381331575
-8.88745317064188E-04
-1.39711615368039E-04
-9.2074445925885E-04
-5.30109435403245E-04
2.90333202178201E-04
-8.87560976935611E-04
-7.22899828788532E-05
-6.19939327380408E-04
-4.77924994607632E-04
-1.07955282884907E-03
-7.1347655326934E-04
-2.26585378002072E-04
-2.55714970242916E-04
-2.60683780032315E-04
-2.98152078060794E-04
2.15962157212134E-04
-1.39163385782755E-04
7.20645684782738E-05
-2.28137693445469E-04
-3.48564591252513E-05
-2.35933947599318E-05
-4.59921411992304E-05
-4.19261834584408E-05
1.01644100876352E-05
5.26521209675424E-05
5.0166381350127E-05
1.52805723947021E-04
1.3721456954156E-04
2.17164466667484E-05
2.8788832013988E-04
3.65294266314617E-04
2.73725649056403E-04
-1.53402118439412E-04
1.27911306250897E-04
5.11552551788886E-04
1.83201903012432E-04
8.65370624764126E-04
1.15951973631115E-03
2.85757051130364E-04
8.86239193856321E-04
5.79999921770997E-04
1.79270369709478E-03
1.27324044484982E-03
1.90356136334494E-03
6.21245352503836E-04
1.18355119703199E-03
1.77256423577669E-03
3.62010711438475E-03
3.92062757238056E-03
3.42645440467616E-03
4.65003788953294E-03
4.91812199648189E-03
4.89467613779538E-03
6.21298872997641E-05
3.4874314307783E-03
3.59198559114941E-03
0.00850915997079
2.6723013402888E-03
8.49922822824732E-03
6.76705804118218E-03
6.3877980497329E-03
-6.39749935538466E-03
-5.21212706061663E-03
2.19484118575834E-02
1.35096777766548E-02
0.015422753164725
5.32315529085732E-03
8.61773092861408E-03
3.12538587017347E-02
1.15541118864956E-03
9.5110137610271E-03
4.10959450184819E-03
1.38391037688168E-02
1.17544739134349E-02
4.01087382924696E-03
2.48303753933786E-02
0.023689125391585
1.22994577075747E-02
2.55160574510363E-02
1.20098143274773E-02
2.26069195496689E-02
1.64441452185042E-03
1.38600887048934E-02
2.71951833182256E-02
3.88937309529441E-02
0.054428434417146
6.04951056827526E-02
0.043874754703025
5.54700615239242E-03
0.036447954525582
-3.5457569489986E-03
2.3574808185732E-03
4.02886522660644E-02
dMdH Data
-6.05380048039224E-06
3.76666666302561E-06
2.63585497603296E-06
-1.37683381490654E-06
-5.85257914647616E-06
4.58378576191422E-06
-9.19826659905252E-06
1.15894372604309E-05
-2.76344590889554E-06
1.13745944939728E-06
2.75106266626753E-08
6.83228624139203E-07
-3.34423919889316E-07
9.83473228616965E-07
1.467237811389E-07
6.57595773844745E-07
-2.4606641747508E-07
5.20919916113947E-07
2.06362688318062E-07
9.0669925970843E-07
3.03547592030611E-07
-3.91660637849232E-07
9.1808641302311E-07
1.09850574855081E-06
7.23012331891727E-08
-1.60514443917917E-07
8.89811719819881E-07
3.17111704354437E-08
7.87330318643638E-07
1.94483486188819E-07
1.05443170155842E-07
3.40714152153676E-07
2.93573935163068E-07
7.49384297763995E-07
3.58382974861243E-07
3.99609662548331E-07
4.46891837494969E-08
4.55217787840362E-07
4.29909530923693E-07
2.08730453601948E-07
5.04513173883259E-07
3.14689730367762E-07
1.5344908561731E-07
5.65126939157293E-07
3.56527167049283E-07
2.67292412167167E-07
5.24155584850443E-07
3.71576314921736E-07
3.4678453286299E-08
3.92828435889116E-07
1.94990366268584E-07
7.41040921445697E-07
1.37433466633482E-07
1.02312989370807E-07
4.12252917942395E-07
4.10212317613614E-07
4.40243749782539E-08
5.75110906990951E-07
2.47512875128752E-07
9.63165135046503E-08
5.6376868648316E-07
3.29017936749986E-07
1.96299822881304E-07
3.15040303962217E-07
3.69938704308303E-07
2.5250826155588E-07
2.70300051195084E-07
2.36614242657753E-07
4.99445468243255E-07
3.79700296407118E-09
2.95191926329815E-07
2.56743450297723E-07
3.19128621350468E-07
2.69612874558936E-07
2.61567602023655E-07
2.72726360347499E-07
2.71859056887861E-07
2.55378709170892E-07
2.98168501765274E-07
2.42796947628644E-07
2.79300134520978E-07
2.38900681154909E-07
2.15442367945633E-07
3.02580889409833E-07
2.16088636679369E-07
3.03662356799405E-07
2.96198263189554E-07
2.56275058963336E-07
3.54093624251876E-07
1.48724987352978E-07
3.31630413555668E-07
2.78747068852154E-07
2.33691240901395E-07
2.48154705563889E-07
3.11791660474477E-07
2.49675035842437E-07
2.59571705503891E-07
2.06593090856851E-07
3.02310406047887E-07
2.59304390906454E-07
2.68845261370972E-07
2.63407099573147E-07
2.35714511808264E-07
3.09484002915145E-07
3.09017583305136E-07
1.99617913663044E-07
2.6682871094745E-07
3.02898345050435E-07
2.44342132559807E-07
3.02551718615789E-07
-1.8082383057948E-07
2.45139808736408E-07
2.79792608831364E-07
2.91258751416204E-07
2.59042195824361E-07
2.56476866517482E-07
2.36785238093507E-07
2.63571628660838E-07
2.02702177230352E-07
2.97472577553681E-07
2.81781218171892E-07
2.77941619631554E-07
2.6776795515845E-07
1.98855927582069E-07
3.28991489248765E-07
2.52441261740925E-07
2.07746096941911E-07
2.97561259918571E-07
2.39211733235586E-07
2.8262507975692E-07
2.26767638937472E-07
3.10077843551444E-07
2.35183291225209E-07
2.9072453060153E-07
2.89658078576264E-07
1.91215357657796E-07
3.35311466651264E-07
2.94012341572076E-07
1.48515902743259E-07
3.56927727819305E-07
2.67588001820903E-07
2.08437004906347E-07
3.1031731026539E-07
2.15330909609197E-07
2.68568952702064E-07
2.87580931007475E-07
2.77760186466285E-07
3.83048224514923E-07
2.14620771711032E-07
1.97796798884554E-07
4.1492355196661E-07
4.91604453144694E-07
-4.98103398286366E-08
4.87410372352929E-07
2.94171324306919E-07
4.06678361212461E-07
2.32658134072349E-07
5.70059817955788E-07
2.10135517171102E-07
2.30091291973318E-07
3.15725604292603E-07
9.92548861952939E-08
-7.36904047087786E-08
6.15637742650096E-07
7.36759602782086E-07
8.43309141625257E-07
-3.91597213608664E-08
1.27448439428707E-07
-4.04788900753466E-08
7.92494908513285E-07
4.63942930933892E-07
3.29841867771241E-07
-2.95577681812887E-07
2.26654794657596E-07
9.57318681934153E-07
2.82914178985026E-07
7.39231328121914E-07
2.70592907636818E-07
-3.81719036140243E-07
1.13124640002481E-06
4.2051550247777E-07
4.85855877356767E-08
-5.83903527127274E-07
9.21439984682674E-07
1.32780844884271E-06
4.05027673921829E-07
-1.51412915553334E-07
9.54284258077331E-07
-4.42934422048468E-07
1.2168824520354E-06
-5.89249720071558E-07
1.48280962224501E-06
6.49011792796984E-07
-2.60658253794077E-07
1.26975846049722E-07
8.91053776151637E-07
-1.20062812948476E-07
2.82051092177705E-07
1.14383598345903E-06
8.35727631262232E-07
-5.07012620595229E-07
5.50567080299762E-07
5.11440881468533E-07
6.91368075732496E-07
5.36223399920904E-08
5.9514264819315E-07
3.77360443349359E-07
4.81112536542304E-07
5.7044514807227E-08
4.07940770560657E-07
5.29901032902469E-07
1.93315446768965E-07
3.918634195792E-07
5.6432863907521E-07
4.92488301658396E-08
5.34841765203405E-08
4.81460970384976E-07
4.90424997186693E-07
-1.86156067168163E-09
4.57088749462139E-07
4.20579665223754E-07
2.60329736942661E-07
5.68147523588655E-07
1.56908039580772E-07
2.10110530401735E-07
3.80484457358116E-07
3.47456210108277E-07
1.19019417551447E-07
5.08319410303682E-07
-1.05608529724357E-07
5.39396679841855E-07
2.15129167408255E-07
3.21035264238138E-07
1.68546698407226E-07
2.54742532150526E-07
3.62514150643211E-07
3.1144172839982E-07
3.48150485085578E-07
2.60351292118345E-07
2.12969505443054E-07
1.57311608961304E-07
3.09803513727566E-07
2.80760998188273E-07
2.16857442729154E-07
3.36035614870285E-07
3.40825822358552E-07
1.28805225411327E-07
4.24164415045075E-07
2.39308971858882E-07
2.6264983827903E-07
2.86317565724634E-07
2.51379564801995E-07
2.41812429542893E-07
2.50178289389227E-07
3.00221343057007E-07
3.2122951454644E-07
2.12992355084852E-07
2.95839627366558E-07
2.47290075655654E-07
3.05633522053485E-07
2.62717554830655E-07
2.98655726885791E-07
2.20574699848005E-07
2.92076486129604E-07
3.2822419840773E-07
2.2431766662179E-07
2.90234308192236E-07
2.20577723752402E-07
2.64395935539283E-07
3.03623425784378E-07
2.19646894693799E-07
2.64367941354896E-07
2.72928469548112E-07
2.66986582420975E-07
2.47934070404325E-07
2.32410892024236E-07
3.10517329070696E-07
2.23711560072214E-07
2.28552219143235E-07
2.75805448655863E-07
3.09031869274981E-07
2.03338105205607E-07
3.07287842327572E-07
2.20697227160521E-07
2.41488524292143E-07
2.67352604754082E-07
2.77532312522655E-07
2.64279442641725E-07
2.68565793033627E-07
2.10996962639078E-07
3.13331789271144E-07
2.78418175821354E-07
2.73975252407915E-07
2.25804915100723E-07
2.85708468596472E-07
2.67690096862002E-07
2.42193684117138E-07
2.80112308640027E-07
3.3492065742703E-07
2.04890225041121E-07
2.85156171891785E-07
2.77404472679885E-07
2.62638332037616E-07
2.41291882051242E-07
2.0318572937517E-07
3.25246722457461E-07
2.99877597952548E-07
2.42665656210089E-07
3.07546955757194E-07
3.04118176745313E-07
3.02173870751752E-07
2.6103927313362E-07
3.991810090089E-07
-1.05586668597178E-07
6.24569642942144E-07
7.85861996615347E-08
5.24925605951524E-07
4.25813276699228E-07
3.08828522173378E-07
2.93559937888944E-07
3.19228761637704E-07
-1.74614265357385E-07
8.14757885090955E-07
2.23824191908436E-07
5.13622681172579E-07
1.50025216716307E-07
2.79460099654505E-07
7.03573623013493E-07
-5.14941628441685E-07
6.30115930506698E-07
6.52954240781128E-07
9.70638882555528E-08
3.84361331518288E-07
1.85957743696439E-07
5.0519856715462E-07
8.53849600941057E-07
-9.16977385284097E-08
7.93566914531607E-07
-2.39094039438377E-07
7.53971997089177E-07
3.11994575945881E-07
8.93293533557557E-07
6.90673457719245E-07
3.22498767187431E-08
-6.95271109098888E-07
8.86726237329505E-07
1.66018592980667E-06
5.31125820793581E-07
-8.16795587449362E-07
6.7347634319144E-07
-3.36550773511903E-08
9.39473145969972E-07
4.02787688744557E-08
1.01832946867629E-06
8.27057879120655E-07
-5.82493014050514E-07
6.63740219586446E-07
3.93312119612457E-07
5.63913300878832E-07
2.530026302303E-07
9.95624788173241E-07
1.70234576646148E-07
1.22567304611998E-07
5.43020342644543E-08
5.68740811293563E-07
5.96846904618864E-07
5.30270869476094E-07
5.24720676567418E-07
7.59594234783804E-08
1.15236781521861E-07
3.44993811528742E-07
1.99200449550619E-07
4.4242211420457E-07
5.2145571054157E-07
1.63508970000247E-08
5.18322113590746E-07
5.1961595999875E-07
3.03222182393185E-07
2.11389116477945E-08
6.04537036685313E-07
1.57645547316395E-07
2.93885410090414E-07
2.35612028958469E-07
3.85228988887874E-07
2.27099680019736E-07
3.16647658338886E-07
2.8008394587811E-07
2.23690605934652E-07
3.31495942439555E-07
2.12512664603479E-07
2.41777373567931E-07
2.76633812230343E-07
2.28528963824857E-07
2.21362520410881E-07
3.78661016765311E-07
2.58414421541957E-07
2.79432030326825E-07
2.60891545377053E-07
3.02560302460751E-07
2.11571956028778E-07
3.0605840300056E-07
2.76737877493137E-07
2.41523780842206E-07
3.00094081588048E-07
2.72718610644192E-07
3.0866897961663E-07
2.48318848487399E-07
2.3953534717549E-07
3.24302384576357E-07
2.03578244031835E-07
2.95306197873319E-07
2.53318344620344E-07
2.90578442882417E-07
2.53457079672743E-07
3.21542441896428E-07
2.30712552168803E-07
2.50236725365825E-07
2.90689579297831E-07
2.81776771172638E-07
3.1963968360331E-07
3.1963968360331E-07
dMdT Data
0
0
0
0
0
0
0
0
0
0
0
0
0
0
0
0
0
0
0
0
0
0
0
0
0
0
0
0
0
0
0
0
0
0
0
0
0
0
0
0
0
0
0
0
0
0
0
0
0
0
0
0
0
0
0
0
0
0
0
0
0
0
0
0
0
0
0
0
0
0
0
0
0
0
0
0
0
0
0
0
0
0
0
0
0
0
0
0
0
0
0
0
0
0
0
0
0
0
0
0
0
0
0
0
0
0
0
0
0
0
0
0
0
0
0
0
0
0
0
0
0
0
0
0
0
0
0
0
0
0
0
0
0
0
0
0
0
0
0
0
0
0
0
0
0
0
0
0
0
0
0
0
0
0
0
0
0
0
0
0
0
0
0
0
0
0
0
0
0
0
0
0
0
0
0
0
0
0
0
0
0
0
0
0
0
0
0
0
0
0
0
0
0
0
0
0
0
0
0
0
0
0
0
0
0
0
0
0
0
0
0
0
0
0
0
0
0
0
0
0
0
0
0
0
0
0
0
0
0
0
0
0
0
0
0
0
0
0
0
0
0
0
0
0
0
0
0
0
0
0
0
0
0
0
0
0
0
0
0
0
0
0
0
0
0
0
0
0
0
0
0
0
0
0
0
0
0
0
0
0
0
0
0
0
0
0
0
0
0
0
0
0
0
0
0
0
0
0
0
0
0
0
0
0
0
0
0
0
0
0
0
0
0
0
0
0
0
0
0
0
0
0
0
0
0
0
0
0
0
0
0
0
0
0
0
0
0
0
0
0
0
0
0
0
0
0
0
0
0
0
0
0
0
0
0
0
0
0
0
0
0
0
0
0
0
0
0
0
0
0
0
0
0
0
0
0
0
0
0
0
0
0
0
0
0
0
0
0
0
0
0
0
0
0
0
0
0
0
0
0
0
0
0
0
0
0
0
0
0
0
0
0
0
0
0
0
0
0
0
0
0
 
*********************************************** Results ***************************************
 
TotalArea 1.37336955927304
AreaFirstQuad 0.689467508592137
AreaSecondQuad 0
AreaThirdQuad 0.661144134775375
AreaFourthQuad 0.022757915905547
Coercivity 20.8112257693002
PositiveCoercivity 132.141097519513
NegativeCoercivity 173.763549058114
Retentivity 4.37583660071183E-05
PositiveRetentivity -6.19363060837555E-05
NegativeRetentivity -1.49453038097992E-04
Magnetization 0.0032693554
PositiveMagnetization 0.0031672091
NegativeMagnetization -0.0033715017
Flatness 2.72772863337921
Squareness 1.33844017102326E-02
SStar -1.84435023874489
SFD1 -0.804044178519392
SFD2 2.92609663770168
Slope 0
Intercept 0
SlopeAtHc 7.39231328121914E-07
dH1 37.5443706969589
dH2 60.89565775
InitialSlope -6.05380048039224E-06
FieldAtHalfMs 5899.55961115329
FieldAtMs 11850.047
MomentMean 9.128941877962E-05
MomentRMS 1.38553693108341E-03
SFD3 -3.95461116272308
dH3 103.111531506525
UserField1 0
UserField2 0
CenterField 0
ExchangeField 0
ExchangeMoment 0
ExRegionOneIntercept 0
ExRegionOneSlope 0
ExRegionTwoIntercept 0
ExRegionTwoSlope 0
NegativeIntercept 0
NegativeSlope 0
AutoCenterOffset 0
PinningField 0
PinningMoment 0
PinRegionOneIntercept 0
PinRegionOneSlope 0
PinRegionTwoIntercept 0
PinRegionTwoSlope 0
PositiveIntercept 0
PositiveSlope 0
TotalOffset 0
BHMax 0
BCoercivity 0
BRetentivity 0
BNegativeCoercivity 0
BPositiveCoercivity 0
BNegativeRetentivity 0
BPositiveRetentivity 0
MomentYMean 2.55041184188599E-06
MomentYRMS 2.07415572303531E-06
YOffCorrection 0
Mrt 0
Ms1 0
Ms2 0
Ms3 0
Hc2 0
Hex2 0
HsatValue 0
HsatIntercept 0
HsatSlope 0
CenterH 0
Span .0065387108
SpanAsPercentOfRange -102.16735625
RMSAsPercentOfRange -21.6490145481783
SpanAsPercentOfMean 7162.61631129997
RMSAsPercentOfMean 1517.74099299308
